Mean monthly rainfall - Model Simulations
NaN indicates insufficient data is available
Refer to Accompanying Documentation
GRIDBOX LONGITUDES
           6
   11.25   13.75   16.25   18.75   21.25   23.75
GRIDBOX LATITUDES
           7
   -3.75   -6.25   -8.75  -11.25  -13.75  -16.25  -18.75
MODEL CLIMATOLOGY 1970-1999 (mm)
   27.61   46.67   68.59   89.48   84.78   54.89
   20.89   25.27   35.02   41.62   34.51   19.86
   13.20    7.98    7.61    8.48    8.09    4.92
    4.96    1.41    0.75    1.01    1.10    0.93
    1.20    0.28    0.20    0.27    0.26    0.33
    0.55    0.09    0.10    0.21    0.22    0.30
    1.02    0.20    0.16    0.42    0.61    0.61
Mean Anomalies over 10-year time slices (mm)
2000 2009
    0.85    1.65    1.39   -5.05   -9.89   -5.74
    0.97    0.40   -1.95   -2.79   -2.35   -1.06
    1.29    0.34   -1.15   -1.74   -1.96   -0.26
   -0.17    0.02   -0.10   -0.40   -0.38    0.20
   -0.19   -0.05    0.06    0.02    0.01    0.03
   -0.16   -0.00    0.11    0.07    0.07    0.13
   -0.25   -0.02    0.22    0.37    0.47    1.13
2010 2019
   -7.82  -11.21  -10.53   -7.38    0.87    9.10
   -6.46   -8.95   -9.25   -4.20    2.66    4.34
   -2.32   -2.22   -1.89   -0.77    0.15    0.46
    0.02   -0.21   -0.16   -0.01   -0.07   -0.17
    0.09   -0.03   -0.05    0.05   -0.01   -0.06
   -0.04   -0.01   -0.00   -0.01    0.04    0.32
   -0.07   -0.03   -0.04   -0.07   -0.20    0.30
2020 2029
   -0.22   -3.40   -2.39   -2.35   -2.01    5.61
    0.31   -2.92   -6.94   -1.38    7.97    7.56
    0.13   -0.09   -0.88    0.04    1.03    1.32
   -0.27   -0.03   -0.05   -0.01   -0.29   -0.12
   -0.17   -0.07   -0.10   -0.09   -0.14   -0.23
   -0.17   -0.03   -0.05   -0.10   -0.07   -0.12
   -0.17   -0.03   -0.00   -0.12   -0.16    0.24
2030 2039
   -5.12   -3.91    4.35    2.66   -4.00   -4.58
   -6.25   -5.59   -4.71   -4.27   -1.58   -1.03
   -2.70   -1.84   -2.70   -2.55   -1.41   -0.63
   -0.50   -0.31   -0.52   -0.63   -0.44   -0.44
   -0.18   -0.08   -0.16   -0.22   -0.17   -0.25
   -0.14   -0.03   -0.08   -0.18   -0.14   -0.14
   -0.20   -0.02   -0.13   -0.38   -0.45   -0.19
2040 2049
    0.55   -1.80   -4.07   -8.50   -5.52    2.01
   -2.31   -5.43   -6.99   -6.29   -0.76    3.32
   -0.74   -1.19   -1.56   -1.69   -0.95    1.20
   -0.15   -0.06   -0.02   -0.12   -0.35    0.20
   -0.11   -0.02   -0.04    0.01   -0.11   -0.09
   -0.14   -0.00   -0.04   -0.05   -0.09   -0.18
   -0.33   -0.06   -0.11   -0.21   -0.22   -0.04
2050 2059
   -7.56   -9.46   -7.08   -5.37   -2.82   -3.57
   -7.13   -7.90   -8.23   -8.55   -4.32   -3.61
   -3.51   -3.22   -2.27   -2.41   -2.53   -1.44
   -0.56   -0.42   -0.31   -0.27   -0.29   -0.12
   -0.18   -0.06   -0.12   -0.16   -0.10   -0.04
   -0.18   -0.02   -0.02   -0.14   -0.14   -0.09
   -0.19   -0.04   -0.07   -0.27   -0.15    0.29
2060 2069
   -1.41   -2.49   -5.84  -10.99  -11.88   -5.36
   -3.73   -3.71   -5.80   -5.10   -4.48   -3.14
   -1.46   -0.61    0.01   -0.52   -1.92   -1.56
    0.37    0.19    0.89    0.93    0.35   -0.31
    0.13    0.03    0.13    0.45    0.42   -0.03
   -0.16    0.03    0.12    0.12   -0.00   -0.15
   -0.20    0.12    0.35    0.07   -0.28   -0.37
2070 2079
    3.84    3.21    1.58   -0.68    2.28   -0.21
   -1.21   -1.68   -2.49    0.23    3.60    1.60
   -0.21   -0.18   -0.82   -0.63   -0.25    0.31
    0.51    0.13    0.03   -0.01   -0.27   -0.31
   -0.02    0.01    0.05    0.00   -0.13   -0.26
   -0.28    0.06    0.29   -0.09   -0.12   -0.20
   -0.48   -0.06    0.05   -0.23   -0.43   -0.49
2080 2089
   -6.74  -11.40  -11.32   -8.32   -0.81    6.94
   -6.29   -8.58  -11.33   -7.90   -0.04    4.51
   -2.28   -2.72   -2.61   -2.08   -0.45    0.76
    0.35   -0.22   -0.38   -0.39   -0.06   -0.11
   -0.09   -0.04   -0.14   -0.20   -0.10   -0.15
   -0.34   -0.05   -0.05   -0.18   -0.19   -0.24
   -0.56   -0.11   -0.10   -0.36   -0.56   -0.54
2090 2099
   -4.23   -7.05   -5.12   -7.34   -8.34   -0.03
   -7.64  -10.51  -10.86   -8.21   -4.29   -1.14
   -1.57   -2.65   -3.23   -2.94   -2.65   -1.70
    0.69    0.01   -0.30   -0.09    0.23   -0.36
    0.06   -0.01   -0.11    0.25    1.40    0.64
   -0.25   -0.04   -0.08   -0.13    0.32    0.68
   -0.44   -0.09   -0.12   -0.38   -0.53   -0.29
