Mean temperature - Model Simulations
NaN indicates insufficient data is available
Refer to Accompanying Documentation
GRIDBOX LONGITUDES
           6
   11.25   13.75   16.25   18.75   21.25   23.75
GRIDBOX LATITUDES
           7
   -3.75   -6.25   -8.75  -11.25  -13.75  -16.25  -18.75
MODEL CLIMATOLOGY 1970-1999
  298.82  298.25  298.45  298.81  299.35  299.41
  299.33  298.66  298.39  298.75  299.77  300.07
  301.06  300.30  298.70  298.17  298.69  298.54
  301.91  300.93  298.14  296.86  297.11  296.77
  301.56  300.22  296.65  294.99  295.25  295.05
  299.16  297.88  295.26  293.98  294.07  293.75
  297.03  295.88  293.79  292.73  292.73  292.33
Mean Anomalies over 10-year time slices
2000 2009
    0.40    0.37    0.30    0.28    0.31    0.36
    0.38    0.31    0.19    0.22    0.41    0.57
    0.45    0.40    0.25    0.33    0.66    0.81
    0.56    0.56    0.44    0.54    0.87    0.98
    0.67    0.75    0.72    0.81    1.02    1.04
    0.57    0.70    0.81    0.92    1.04    1.06
    0.45    0.57    0.76    0.88    0.94    0.98
2010 2019
    0.52    0.54    0.57    0.62    0.70    0.75
    0.48    0.49    0.50    0.59    0.77    0.87
    0.59    0.64    0.64    0.68    0.77    0.82
    0.71    0.75    0.70    0.69    0.70    0.72
    0.82    0.80    0.69    0.63    0.59    0.60
    0.93    0.92    0.82    0.71    0.59    0.53
    0.95    0.97    0.91    0.78    0.60    0.50
2020 2029
    0.80    0.83    0.85    0.88    0.91    0.92
    0.80    0.86    0.92    0.97    1.00    1.01
    0.81    0.88    0.99    1.06    1.11    1.09
    0.85    0.93    1.06    1.14    1.16    1.13
    0.91    1.00    1.14    1.19    1.17    1.12
    0.94    1.06    1.20    1.26    1.24    1.21
    0.89    1.04    1.22    1.32    1.32    1.30
2030 2039
    1.00    0.99    1.00    1.11    1.31    1.48
    0.99    0.98    0.99    1.17    1.53    1.67
    1.09    1.14    1.19    1.33    1.55    1.63
    1.21    1.29    1.39    1.46    1.52    1.52
    1.35    1.44    1.54    1.55    1.46    1.39
    1.52    1.65    1.67    1.59    1.41    1.32
    1.53    1.70    1.71    1.62    1.43    1.33
2040 2049
    1.26    1.28    1.34    1.47    1.68    1.82
    1.19    1.21    1.29    1.52    1.90    2.05
    1.33    1.38    1.42    1.59    1.89    2.04
    1.47    1.52    1.55    1.65    1.83    1.93
    1.58    1.61    1.66    1.70    1.74    1.77
    1.68    1.75    1.75    1.74    1.70    1.67
    1.66    1.75    1.74    1.72    1.68    1.61
2050 2059
    1.60    1.65    1.71    1.82    1.95    2.07
    1.62    1.67    1.75    1.90    2.12    2.24
    1.74    1.80    1.87    2.01    2.21    2.30
    1.89    1.97    2.04    2.13    2.23    2.26
    2.08    2.17    2.25    2.27    2.22    2.16
    2.34    2.51    2.52    2.48    2.37    2.31
    2.36    2.60    2.64    2.62    2.53    2.47
2060 2069
    1.92    2.02    2.20    2.37    2.54    2.59
    1.93    2.06    2.29    2.53    2.77    2.80
    2.10    2.25    2.46    2.64    2.78    2.78
    2.23    2.38    2.59    2.71    2.73    2.69
    2.33    2.46    2.69    2.76    2.67    2.58
    2.65    2.84    2.95    2.91    2.71    2.58
    2.77    3.03    3.12    3.05    2.82    2.67
2070 2079
    2.70    2.87    3.01    3.12    3.20    3.18
    2.79    2.98    3.12    3.22    3.29    3.23
    2.73    2.94    3.18    3.32    3.35    3.29
    2.70    2.93    3.24    3.39    3.36    3.28
    2.79    3.01    3.34    3.45    3.33    3.21
    3.28    3.60    3.78    3.71    3.41    3.22
    3.50    3.90    4.06    3.95    3.58    3.36
2080 2089
    3.03    3.21    3.41    3.57    3.70    3.69
    3.10    3.30    3.52    3.69    3.81    3.77
    3.08    3.34    3.66    3.86    3.92    3.86
    3.12    3.40    3.79    3.99    4.00    3.93
    3.26    3.54    3.94    4.12    4.07    3.99
    3.75    4.16    4.43    4.49    4.34    4.24
    3.87    4.41    4.75    4.85    4.71    4.59
2090 2099
    3.43    3.62    3.80    3.95    4.07    4.09
    3.45    3.64    3.82    4.02    4.25    4.28
    3.35    3.62    4.02    4.29    4.44    4.43
    3.43    3.74    4.24    4.54    4.64    4.60
    3.71    4.07    4.52    4.79    4.86    4.80
    4.25    4.83    5.28    5.41    5.21    5.09
    4.36    5.10    5.66    5.79    5.49    5.32
