Mean monthly rainfall - Model Simulations
NaN indicates insufficient data is available
Refer to Accompanying Documentation
GRIDBOX LONGITUDES
           6
   11.25   13.75   16.25   18.75   21.25   23.75
GRIDBOX LATITUDES
           7
   -3.75   -6.25   -8.75  -11.25  -13.75  -16.25  -18.75
MODEL CLIMATOLOGY 1970-1999 (mm)
  107.83  117.97  151.74  148.10  137.77  101.66
   24.27   36.29   91.51  116.44  120.68  113.92
    9.13   14.13   29.55   60.25  111.07  152.62
   10.12   23.23   79.44  130.20  161.73  209.64
   11.71   34.51  105.91  150.55  161.60  208.71
    7.84   17.69   77.04  133.01  155.77  196.72
    7.29    9.70   58.23  124.79  123.56  150.68
Mean Anomalies over 10-year time slices (mm)
2000 2009
   -0.69    3.47    2.45   -5.99   -7.30   -3.16
   -0.56    4.28    0.75   -1.62   -1.00    2.94
   -0.43    0.38   -1.72   -3.75   -4.19   -0.35
   -0.77   -6.15   -9.07    0.56   -4.35   -5.28
   -1.31  -10.90  -10.06   -5.05    0.88   -2.36
    0.39    1.54   10.04    8.62   17.38   10.77
    0.63    1.84   10.85   16.40   10.91   -5.02
2010 2019
  -10.29   -8.05   -4.54   -3.03   -5.50   -6.45
   -1.50   -4.56  -11.01   -5.82   -9.36  -10.09
   -1.10   -2.70   -5.12   -4.12   -5.74   -7.48
   -1.90   -8.85  -13.51   -7.22  -14.64  -15.61
   -1.57  -11.87  -12.72  -13.51   -6.37    3.53
   -0.53   -3.68  -11.50   -9.17   10.10   25.82
   -0.08   -2.15   -8.95   -0.84    7.75   14.66
2020 2029
   17.89   17.63   11.02    4.42    2.57    0.50
   10.34   13.68   17.17   15.08    7.90    6.88
    0.17    0.40    1.23    5.99   12.88    8.42
   -1.60   -4.82   -3.95   -2.66  -11.29   -8.38
   -0.89   -6.28   -8.60  -14.08  -15.44   -9.32
   -0.55   -3.94  -11.49  -20.41  -15.97   -4.28
   -0.12   -1.81   -8.38  -20.17  -25.72  -19.62
2030 2039
   -4.82  -10.74   -7.58   -0.29   -3.84   -8.38
    0.70   -0.43   -2.26    2.81   -3.36   -8.18
   -0.24    0.42    0.34   -0.52    3.49    3.25
    0.50    2.37   -0.36   -8.03  -25.15  -23.65
   -0.12   -2.97  -12.41  -29.38  -30.31  -18.09
   -0.30   -1.59   -8.58  -30.32  -26.90   -7.58
    0.06   -1.20   -5.75  -22.53  -14.47    3.72
2040 2049
   -2.91    4.37    4.54   -7.15  -10.17   -8.85
    0.54    4.02   11.81    9.76    0.75    3.99
   -1.47   -0.99    1.68    2.91    6.54   10.32
    0.00    4.12    8.00    6.17   -4.34   -2.69
    2.13    7.10   14.71    7.56    9.03    7.13
    0.38    6.64   13.35    1.51   10.72   17.18
    0.38    5.35   13.71    0.61   -9.23   -7.31
2050 2059
    1.37   -4.13   -7.71  -13.22   -9.41  -10.36
    5.79    8.48    3.47    2.05    2.63    3.74
    0.09    4.46    8.30    9.31   14.03   19.35
   -1.87    1.33   10.59    8.73   -0.59   15.31
   -1.21   -4.06   -3.43  -21.03  -23.90   -6.44
   -1.23   -5.48  -11.30  -26.69  -25.24  -18.18
   -0.68   -3.62  -12.49  -14.79  -19.16  -18.68
2060 2069
   -7.80  -10.67   -8.83  -11.52  -12.38  -12.27
   -4.03   -6.02  -10.41   -4.93   -8.03   -9.42
   -2.16   -4.49   -9.65  -16.78  -15.50  -15.25
   -1.38   -7.81  -16.30  -20.06  -36.57  -41.36
   -1.30  -15.03  -29.27  -39.85  -45.30  -48.05
   -1.15   -8.98  -19.43  -40.11  -40.87  -38.05
   -0.64   -3.14   -8.99  -24.93  -22.32  -18.13
2070 2079
    6.40   -0.08    2.08   -7.89  -14.27   -8.93
    5.45   11.00   14.14    2.98   -2.20    8.84
   -0.53    2.49    4.59   10.70   14.59   22.59
   -1.99   -3.00    3.76   13.06    2.69    2.86
   -0.52   -3.50   -5.95  -10.11  -19.87  -16.19
    0.37   -1.04  -11.64  -10.59  -18.05  -19.80
    0.41   -0.31   -5.83    1.98  -13.88  -26.31
2080 2089
   -2.79   -5.16   -5.34   -6.33  -11.88   -9.62
    3.20    3.45    0.16    1.14   -2.64    1.37
   -1.49   -2.24   -2.50    0.45    7.15   10.24
   -0.80   -0.28    3.57    5.95   -2.38   -6.47
   -0.94   -4.68   -6.16  -17.25  -28.10  -35.80
   -1.33   -6.40  -19.46  -32.37  -37.95  -35.53
   -0.81   -4.63  -16.57  -21.51  -27.87  -22.61
2090 2099
   -0.82   -7.56    1.06   -2.38    1.31   -2.79
    1.48    0.57    2.90    4.23    7.54    5.40
   -0.84   -1.59   -3.29   -4.94   -1.15   -0.62
   -0.82   -0.73   -6.86  -11.24  -28.87  -37.31
   -0.96   -7.54  -12.82  -23.09  -34.32  -30.46
   -0.75   -5.88  -15.14  -19.98  -17.61   -3.86
   -0.58   -4.16  -12.30    0.21    7.68   16.92
