Mean monthly rainfall - Model Simulations
NaN indicates insufficient data is available
Refer to Accompanying Documentation
GRIDBOX LONGITUDES
           6
   11.25   13.75   16.25   18.75   21.25   23.75
GRIDBOX LATITUDES
           7
   -3.75   -6.25   -8.75  -11.25  -13.75  -16.25  -18.75
MODEL CLIMATOLOGY 1970-1999 (mm)
  164.23  177.23  169.81  168.57  166.16  158.81
  129.99  146.30  155.39  152.71  150.93  144.26
  100.67  112.10  135.85  143.30  142.89  138.99
   82.93  114.53  143.28  144.72  140.52  140.79
   72.69  129.01  147.60  143.54  139.61  138.53
   61.15  117.05  125.40  132.06  134.40  125.97
   47.22   85.89  107.56  119.85  120.28  110.04
Mean Anomalies over 10-year time slices (mm)
2000 2009
   -6.54   -6.53   -5.78   -2.42    0.86    1.93
   -6.56   -4.89   -3.06    0.62    3.69    3.99
   -5.25   -2.34   -0.29    2.11    2.86    2.10
   -5.06   -3.58   -0.96    0.34   -0.95   -2.23
   -3.70   -3.63   -1.97   -2.30   -4.50   -5.34
   -0.31   -0.60   -2.27   -5.11   -6.83   -6.50
    0.03   -0.65   -4.14   -8.08   -8.09   -6.50
2010 2019
  -14.44  -15.48  -11.76   -7.67   -3.22    0.73
   -7.16   -7.09   -5.88   -2.39    0.12    1.66
    6.25    6.29    5.03    4.72    4.42    4.52
   11.29   10.57    7.80    6.00    4.60    5.14
    8.68    8.11    4.53    3.44    3.30    5.01
    7.14    7.75    2.67    0.23    1.56    4.06
    6.41    8.92    2.06   -3.49   -2.55   -0.17
2020 2029
  -10.61   -8.98   -6.50   -0.54    5.82    9.12
   -4.81   -4.84   -7.02   -2.65    4.51    8.44
    3.91    3.16   -0.26    2.03    6.08    7.63
    6.37    5.90    5.38    6.76    8.68    9.12
    3.75    2.38    4.29    6.41    8.31    9.16
    3.32    0.15    0.17    2.06    3.97    4.80
    5.86    3.13   -1.11   -2.24   -0.52    0.16
2030 2039
  -12.40  -12.56  -12.42  -11.62   -9.87   -8.66
   -7.21   -5.53   -7.41   -7.79   -6.23   -4.22
   -0.27    3.18    0.38   -2.92   -2.98   -1.54
    1.93    3.15   -0.06   -2.33   -1.64   -0.82
    0.90   -1.49   -3.53   -2.89   -1.21   -0.88
    0.29   -3.00   -3.01   -2.14   -1.60   -1.62
   -0.92   -3.39   -2.82   -2.59   -2.34   -2.13
2040 2049
   -9.12  -10.37   -7.80   -0.95    5.04    8.32
   -3.46   -2.85   -1.65    3.83    9.28   10.80
    3.80    6.55    6.58    8.75   11.24    9.55
    9.62   12.03    9.60    8.94    9.35    7.06
   12.40   14.59    8.76    5.29    5.26    4.71
   11.23   13.73    6.66    1.64    2.21    3.39
    6.85    7.83    3.15   -0.05    2.16    4.72
2050 2059
  -15.05  -13.48  -10.22   -7.02   -3.46   -0.70
   -9.21   -9.68  -10.44   -6.14   -0.46    3.26
   -0.67   -1.44   -4.35   -1.86    4.01    8.45
    3.38    1.65   -1.42    0.91    5.89   10.48
    2.34   -1.52   -3.56   -0.03    4.35    8.85
    0.56   -4.68   -5.99   -4.57   -1.45    3.28
    0.64   -3.47   -6.32   -8.92   -7.65   -3.56
2060 2069
  -14.34  -12.06  -10.43   -8.08   -2.58    2.41
   -7.06   -5.59   -8.47   -5.97    0.13    3.86
    5.29    5.21    0.35   -0.34    2.64    4.84
   10.83    8.21    1.59    0.73    3.47    5.37
    8.77    4.34   -1.94   -0.43    3.48    5.41
    6.78    2.23   -1.91   -0.27    2.97    4.77
    6.57    3.82    0.17   -0.30    1.70    3.38
2070 2079
  -12.18  -10.01   -6.40   -1.34    4.55    9.79
   -1.75    0.47    0.37    3.18    8.27   13.20
   10.89   10.14    5.62    6.42   10.74   13.25
   14.67   10.59    1.65    2.20    7.26    9.01
   10.45    3.94   -4.75   -3.52    2.23    4.60
    5.02   -1.33   -5.91   -5.73   -1.28    1.76
    1.97   -0.62   -3.64   -6.19   -4.08   -0.90
2080 2089
  -12.39  -11.35   -7.69   -3.28    1.06    4.08
   -1.85   -4.75   -6.81   -4.40    0.18    4.58
    7.13    1.77   -1.75   -0.56    2.64    6.46
    5.31   -1.17   -2.89   -0.13    4.14    9.09
    0.38   -7.73   -7.14   -1.96    4.44   11.33
   -1.73   -9.87   -7.68   -2.95    2.61    9.65
   -2.98   -7.69   -5.95   -4.73   -1.83    4.39
2090 2099
  -17.74  -16.96  -12.00   -4.40    4.02   10.93
   -8.97  -10.14  -10.98   -3.72    5.69   11.64
    4.00    2.71   -1.71    1.18    8.09   11.81
    9.44    6.93    2.12    3.55    9.01   11.59
    6.67    1.94   -1.33    1.44    6.51    9.85
    2.78   -2.08   -2.87   -0.38    3.05    6.97
    1.42   -1.11   -1.26   -0.34    1.55    4.29
