Mean monthly rainfall - Model Simulations
NaN indicates insufficient data is available
Refer to Accompanying Documentation
GRIDBOX LONGITUDES
           6
   11.25   13.75   16.25   18.75   21.25   23.75
GRIDBOX LATITUDES
           7
   -3.75   -6.25   -8.75  -11.25  -13.75  -16.25  -18.75
MODEL CLIMATOLOGY 1970-1999 (mm)
  164.14  182.08  242.66  209.68  180.84  180.25
  108.20  126.42  197.50  184.29  161.49  150.70
   49.72   75.46  119.79  124.71  141.63  135.70
   25.27   83.48  155.76  146.03  139.53  128.59
   19.17   81.94  135.38  103.34   94.53   91.28
    8.94   37.36   74.33   66.45   79.29   75.63
    6.86   15.95   55.05   67.43   65.38   62.62
Mean Anomalies over 10-year time slices (mm)
2000 2009
   -6.34    5.51   -2.40   -1.38   -2.44    0.60
   -8.75    1.69    1.29    4.11   -0.48    1.27
   -4.50    4.41    2.28   -0.46   -5.21   -4.60
   -7.60   -8.29   -9.29   -0.78    1.95    2.27
   -7.53  -12.01   -7.90   -2.07    4.78    9.64
   -2.10   -5.34   -2.69   -2.94   -0.83    7.19
   -0.11   -4.04   -5.93   -5.51   -8.34   -3.83
2010 2019
    8.90   14.14   16.28    8.27   -1.27    0.78
   -3.32    0.33    2.05   -0.93   -8.79   -2.58
   -4.02   -3.16   -6.67   -8.74  -12.55   -3.74
    1.60   -4.87   -8.22    0.07   -5.41   -4.03
    2.63    5.06    4.14    6.88   -4.50   -6.78
    0.86    5.28    5.23    0.92   -5.89   -4.30
    0.25    0.53    0.27   -2.81   -9.95  -13.38
2020 2029
   15.27   18.95   21.45   13.69   10.93    7.59
   21.57   21.38   26.06   15.84    7.86    6.02
   14.33   18.03   18.14    8.20    2.60    3.58
   -1.62    0.90   -0.70    1.38    3.81    5.62
   -3.70   -9.98  -19.18   -5.26    7.09   12.04
   -0.35   -3.23  -12.00   -4.79    0.14    9.06
    0.48   -1.26  -13.08  -15.85   -8.97    0.09
2030 2039
   13.52    4.16   -1.24    2.23    2.75    1.55
   25.28   15.83   12.10    6.22    3.33    3.96
    7.67    1.79    0.13   -5.92   -6.87   -2.62
  -11.30  -12.56    1.37   -6.98  -12.80   -5.60
   -9.85  -17.69   -0.28   -0.02   -2.23   -7.25
   -3.87  -12.44   -3.52    1.71   -8.25  -16.03
   -0.42   -6.48   -5.14   -7.40  -22.72  -31.59
2040 2049
  -15.16   -6.37  -30.90  -27.07  -22.15  -22.79
  -32.69  -14.68  -36.13  -46.27  -40.42  -30.44
  -26.41  -24.13  -33.50  -37.35  -33.28  -29.09
  -12.45  -27.44  -31.54  -25.09  -25.17  -18.55
   -8.25  -25.39  -20.33   -9.67   -7.23   -3.90
   -2.50  -10.41   -6.85   -3.07   -5.73   -6.25
   -0.16   -2.50   -4.83   -6.64  -12.24  -14.25
2050 2059
   21.45   22.49   10.59    3.53   -1.55   -9.64
   30.97   27.81   16.48   -3.47  -14.01  -14.30
   15.11   18.70    6.84  -14.52  -21.10  -16.03
   -3.74   -7.44  -16.56  -21.91  -28.12  -18.14
   -7.84  -18.08  -20.04  -18.44  -18.62  -12.32
   -3.12  -11.11  -11.77   -7.69   -6.56   -2.29
   -0.58   -3.88   -3.22   -3.32   -7.03   -4.66
2060 2069
    7.62   23.99    8.19   -4.42    1.14   -4.11
  -13.55   11.66    8.44   -9.51  -11.93   -5.49
  -20.04   -9.23  -10.82  -18.03  -16.70   -6.83
  -12.44  -17.23  -18.53  -14.70  -13.15    1.08
   -6.69  -11.27  -14.36  -14.52   -8.83    2.62
   -1.33   -1.82   -8.34   -6.59    0.85    4.20
    0.40    1.53   -4.88  -12.31  -13.93   -9.10
2070 2079
   -5.42   13.02    7.89    1.73    2.42    2.96
  -24.34    2.02    6.15   -5.57   -8.12    5.65
  -21.48  -16.48  -13.18  -16.04   -9.42    4.08
  -11.25  -26.87  -23.33  -13.19   -8.46    8.51
   -6.90  -23.32  -26.24  -11.40   -0.42   15.02
   -3.85  -14.66  -15.14    1.88    5.16    4.60
   -0.89   -5.19   -5.09    2.18   -3.82  -13.26
2080 2089
    2.08   11.76   -7.97   -6.11   -3.70  -12.16
  -12.80   10.81    0.77  -17.07  -11.78   -8.29
  -12.35   -5.08   -8.83  -16.95  -17.52  -14.10
  -10.74  -22.79  -17.46  -17.06  -19.51  -10.98
   -8.98  -23.50  -17.58  -12.78   -7.97   -4.67
   -2.91  -13.39  -12.79   -5.16   -3.61   -7.28
    0.32   -5.21   -8.36   -8.86  -13.33  -18.07
2090 2099
   14.54   26.00   17.24   10.39   12.04    2.80
   -3.95   20.77   23.08    5.20    3.62    7.33
   -8.04   -7.52   -3.95   -7.25   -9.17  -11.76
   -3.61  -18.55  -28.98  -21.24  -24.67  -19.49
   -2.74  -17.93  -26.77  -24.87  -25.98  -10.56
   -2.08   -9.73  -11.60  -16.41  -20.53   -4.93
    0.05   -2.61   -8.24  -17.07  -23.69  -16.62
