Mean monthly rainfall - Model Simulations
NaN indicates insufficient data is available
Refer to Accompanying Documentation
GRIDBOX LONGITUDES
           6
   11.25   13.75   16.25   18.75   21.25   23.75
GRIDBOX LATITUDES
           7
   -3.75   -6.25   -8.75  -11.25  -13.75  -16.25  -18.75
MODEL CLIMATOLOGY 1970-1999 (mm)
  172.67  180.56  187.18  201.45  211.11  217.49
  156.96  165.99  173.91  182.23  188.95  186.24
  119.98  133.36  152.69  167.57  174.87  168.10
   85.88  122.70  151.49  159.82  158.83  154.34
   61.44  121.44  148.90  145.66  138.63  135.58
   41.89  103.97  125.97  122.20  119.36  112.60
   32.00   76.58  105.81  105.80  102.63   93.37
Mean Anomalies over 10-year time slices (mm)
2000 2009
    3.82  -14.93  -11.68   -7.47   -8.85  -12.57
   -6.84  -20.45  -12.99   -8.30   -8.22   -8.48
    1.44  -10.31   -1.82   -1.31   -6.45   -4.30
    8.77   -8.03    0.29    2.87    0.92    2.37
    4.98  -15.46  -12.04   -2.83    3.37    3.23
   -1.89  -18.39  -18.64   -7.00    0.72    0.94
   -4.92  -13.13  -10.72   -0.88    4.07    5.83
2010 2019
   10.24    1.94    7.85    8.46    9.66   12.87
   -2.56   -4.77    7.31    9.12    8.66    9.46
    9.43    0.77    4.78    4.32    3.13    5.44
   22.33   10.42   10.11   10.95   13.18   16.12
   22.43   12.55   10.22   15.17   21.40   22.89
   16.37    9.75    3.49    8.67   16.26   17.47
    9.59    9.11    3.58    4.85   12.37   15.24
2020 2029
   -6.30  -10.36  -10.00  -11.40   -8.08  -12.40
    0.81   -1.81   -2.24   -0.51    6.05    6.06
   29.27   19.42   11.05   10.69   10.45   12.89
   43.54   32.61   15.35    9.78    8.11   12.72
   37.03   28.51    8.39    4.66    9.21   13.64
   26.99   19.58    2.79    3.75   10.86   13.63
   19.56   16.85    5.63    4.51    8.43   11.04
2030 2039
   34.90   28.94   23.19   15.76    8.72   -0.70
   39.77   29.00   23.64   15.61    9.66    3.14
   35.24   28.55   23.29   15.50   10.12    9.43
   30.24   28.95   25.75   18.79   13.74   16.65
   23.39   26.40   22.57   19.83   18.51   21.67
   16.19   22.72   14.35   14.62   18.22   20.79
   13.96   20.23   10.51    7.77   12.46   15.48
2040 2049
   10.21    9.26   15.70   11.06    7.22    0.68
   12.12   13.37   24.23   13.58    6.14    4.07
   34.82   33.05   37.91   19.70    9.85   14.06
   45.31   45.31   41.95   25.11   17.65   20.62
   37.06   40.84   32.53   26.09   22.97   18.16
   28.62   33.29   21.05   21.32   21.41   12.63
   23.28   30.80   19.63   16.28   17.13   10.34
2050 2059
   26.79   15.42    5.51    4.49   16.91   14.72
   31.07   17.00   12.07   11.41   25.56   30.12
   40.45   27.26   25.91   23.21   28.89   34.06
   35.03   30.57   23.20   19.38   23.74   27.99
   22.68   27.84   13.71    9.20   15.38   18.66
   18.70   29.30   15.22    8.52   11.16   12.03
   17.25   29.10   19.37   12.10   11.58   11.38
2060 2069
   26.77    5.15   -2.35   -8.59   -9.79  -12.23
   30.06   13.42   11.20   -0.52   -3.33   -3.16
   35.40   21.55   23.44   16.56   11.30   14.08
   37.60   32.08   29.41   24.28   17.97   18.22
   30.62   31.40   19.62   13.96   14.73   16.06
   19.53   17.74    1.43   -0.14   10.87   18.14
   13.19    8.16   -5.71   -2.25   11.54   18.90
2070 2079
   20.47    8.40   -0.95   -3.10   -3.09   -5.97
   29.03    9.48    2.06    3.87    6.11    7.12
   49.02   27.40   21.54   29.04   23.37   13.92
   53.64   49.80   36.88   38.72   29.71   16.11
   42.74   57.78   38.07   29.55   24.36   15.75
   29.25   42.78   25.34   17.10   16.25   11.35
   19.64   22.20   10.51    7.52    7.73    3.71
2080 2089
   18.90   10.58   10.25   11.01    8.29   10.10
   31.10   26.12   33.08   37.60   33.55   34.10
   47.07   42.63   47.13   48.31   40.86   37.74
   45.44   49.83   47.76   42.96   39.63   37.74
   29.73   32.85   26.64   23.90   27.77   30.84
   16.56    7.87    0.23    5.17   11.84   17.15
   11.65    6.85   -1.33    1.57    6.21   10.23
2090 2099
   19.71    9.99    9.85    6.87    9.15   15.20
   19.60    9.59   19.58   18.45   15.18   18.59
   33.47   26.87   28.83   25.94   18.07   17.26
   42.29   45.57   39.57   29.47   19.85   15.84
   39.38   51.03   40.61   28.52   20.22   14.75
   34.27   43.53   26.59   19.73   16.05   12.82
   27.96   27.67    8.82    4.42    5.70    7.83
