Mean monthly rainfall - Model Simulations
NaN indicates insufficient data is available
Refer to Accompanying Documentation
GRIDBOX LONGITUDES
           6
   11.25   13.75   16.25   18.75   21.25   23.75
GRIDBOX LATITUDES
           7
   -3.75   -6.25   -8.75  -11.25  -13.75  -16.25  -18.75
MODEL CLIMATOLOGY 1970-1999 (mm)
   94.92  118.30  152.50  182.37  195.79  209.57
   62.82   69.25  112.10  162.15  204.20  226.53
   40.80   36.35   72.73  135.67  198.93  240.95
   24.00   32.75   86.40  159.00  222.69  269.14
   18.82   48.48  118.50  186.02  238.06  277.21
   21.30   60.15  130.09  184.88  226.67  258.42
   18.18   49.51  130.33  181.78  213.84  241.20
Mean Anomalies over 10-year time slices (mm)
2000 2009
   -8.29   -7.99   -4.54  -10.32  -14.08  -15.40
    3.00   -0.48   -9.81  -16.65  -15.66  -11.52
    6.23    2.38   -7.65  -14.75  -11.68   -7.13
    3.29   -3.38   -9.76  -10.96   -2.08    4.44
   -0.79   -7.62   -7.12   -0.57    8.14   13.14
   -1.81   -3.71    6.14   11.91   11.25    6.65
    0.71    2.65   13.55   11.66    6.12   -6.79
2010 2019
    5.69   15.97   23.21   21.32   11.26    8.10
   13.41   17.67   22.01   14.88    1.43    0.04
   18.81   14.79   17.26   10.59   -2.62   -4.67
   12.23    6.62    2.89   -1.72   -4.17    5.98
    2.63    0.54   -3.58   -7.24   -4.55   12.65
   -1.12   -1.19    2.74   -0.48   -1.61    6.85
   -1.99   -0.53    5.85    3.07    2.27    2.25
2020 2029
   40.25   36.45   19.24    2.80   -1.30   -4.97
   40.21   41.68   36.66   18.82   11.46   10.09
   25.87   24.15   27.32   25.14   21.55   16.39
   12.10    9.62   11.33   20.14   22.94   18.98
    5.60    8.44   10.57   18.34   22.09   22.15
    4.38   12.47   18.15   17.28   16.85   18.27
    4.27   12.43   16.97    8.41    3.98    2.51
2030 2039
    8.56   11.13   12.18    1.55   -9.84  -16.57
    3.23    9.34   14.86    6.75   -4.59   -8.97
   -1.63    1.39    6.91   11.53    8.84    8.16
   -3.35   -3.61    0.00    4.15    9.16   14.92
   -4.98   -7.72   -4.48   -6.53    4.04   16.68
   -5.27   -9.43   -8.23  -14.64   -3.03   12.73
   -1.10   -1.90   -4.44  -17.26  -13.74   -3.63
2040 2049
   21.34   24.46    9.68   -6.56  -11.65  -14.55
   24.70   30.55   29.06   10.67    0.74   -1.75
   30.14   27.37   34.11   24.97   17.94   20.60
   21.07   19.05   23.23   19.21   17.15   23.23
    8.54   13.79   13.79   10.21   11.85   16.82
    6.69   14.45   15.22    9.49   10.80   13.95
    6.94   14.54   21.63   13.29    8.70    8.87
2050 2059
   12.42   19.90   22.02   13.92   10.63   11.22
    8.12   14.74   15.65   11.59    9.91   11.97
    2.98    5.71    8.60   14.29   17.64   19.58
    1.53    5.85   10.79   13.51   19.31   25.03
    0.81    8.32   14.51    9.78   13.13   20.59
   -0.72    4.84   10.72    8.02    9.47   12.66
   -0.86   -0.19   -0.88    1.88    5.09    2.65
2060 2069
   32.97   21.20   12.09    1.09   -8.42   -9.26
   30.77   27.93   28.82   24.66   12.98    4.05
   28.14   28.79   35.76   35.78   25.52   18.70
   18.39   24.27   31.63   27.70   17.96   19.41
    6.21   15.74   21.63   15.31    8.19   13.69
   -0.14    7.42   14.20   11.60    5.37    3.97
   -0.49    5.74   15.45   17.21    3.70  -12.44
2070 2079
   26.06   25.61   22.33    6.38   -4.40   -7.90
   28.65   31.94   36.40   24.93    7.35   -0.55
   15.23   20.11   32.98   38.28   34.12   30.39
    3.65   11.29   25.90   33.80   38.56   41.31
    1.95   16.52   18.91   13.76   18.45   27.66
    2.11   16.67    6.73   -6.41   -3.97    5.29
   -1.33   -0.00   -5.73  -10.59  -15.37  -20.40
2080 2089
   37.08   42.20   32.10   20.48   17.44   25.54
   35.37   37.08   34.25   25.30   23.51   26.11
   23.78   21.61   30.26   34.49   31.27   27.47
   10.99   11.31   22.55   30.40   26.77   25.91
    0.12    0.78    9.31   14.29   15.03   21.89
   -5.51  -10.37   -5.19    0.45    7.58   15.91
   -4.49  -11.17  -12.63   -3.07    6.36    6.50
2090 2099
   34.59   37.15   40.51   33.83   29.07   34.29
   28.12   31.37   41.35   39.91   36.23   47.04
   12.27   18.22   33.76   37.41   31.09   38.05
    3.78   14.88   23.45   19.14   15.53   26.25
   -1.30    6.83    4.96   -4.81    4.10   26.54
   -7.00   -9.81  -13.43  -15.93    4.22   29.80
   -6.65  -12.97  -14.25   -4.93   12.64   22.97
