Mean monthly rainfall - Model Simulations
NaN indicates insufficient data is available
Refer to Accompanying Documentation
GRIDBOX LONGITUDES
           6
   11.25   13.75   16.25   18.75   21.25   23.75
GRIDBOX LATITUDES
           7
   -3.75   -6.25   -8.75  -11.25  -13.75  -16.25  -18.75
MODEL CLIMATOLOGY 1970-1999 (mm)
  187.03  234.40  221.91  198.72  182.58  177.49
  164.80  220.88  207.20  172.28  147.84  130.90
  164.92  202.78  176.54  141.82  119.08  107.78
  130.66  170.19  137.60  113.94   99.08   90.28
  117.99  143.72  111.04   90.99   76.62   68.93
  104.43  106.45   87.96   72.94   61.55   55.68
   51.21   66.54   75.69   67.00   56.76   48.69
Mean Anomalies over 10-year time slices (mm)
2000 2009
   -3.23    0.12   -2.98   -6.32    2.81    9.00
  -18.90   -6.74    0.92    0.55   -2.22   -1.82
  -19.37  -11.69   -7.13   -0.04    7.21    4.32
  -17.96  -14.75  -13.93   -8.02    1.21    3.76
  -15.12   -6.95   -6.29   -5.09   -0.34    1.23
    0.78    4.98   -0.49   -4.23   -5.46   -5.90
    9.82   12.49    2.43   -5.07   -9.58  -10.34
2010 2019
  -12.41    2.60   15.98   13.02   16.10   10.66
   -1.47   15.27   18.76   10.78    4.15   -5.21
    5.56   14.83    9.34    0.16   -8.35  -13.24
    5.74    4.77    0.13   -3.39   -8.67  -12.11
   -3.90   -3.93    0.28    0.32    3.75    4.25
   -9.32   -5.22    4.57    8.10   17.06   16.63
   -0.77    1.67   13.07   21.12   31.44   26.01
2020 2029
  -32.58  -34.60  -29.98  -24.15  -21.32  -35.71
  -32.16  -32.84  -25.13  -17.08  -15.15  -21.04
  -22.31  -20.40   -6.99   -3.75   -6.40   -5.13
  -16.45   -9.02    3.55    3.15    2.82    5.35
   -9.17   -0.31    2.55    1.72    4.95    7.96
    6.49    1.96   -3.20    1.25    6.63    4.09
    8.59    1.74   -7.63   -4.90   -3.79   -6.82
2030 2039
  -14.93  -13.64   -4.43    0.83   -1.10   -2.78
  -11.89   -9.65   -1.10    1.54   -4.53  -10.61
   -9.53   -4.06    4.61    7.61    1.75   -9.65
   -3.67    2.93    4.31    2.10   -0.05   -6.20
   -0.04    2.58   -3.18   -4.36   -1.35   -2.40
   -4.11   -5.51   -7.56   -3.38    2.76    1.35
    0.81   -2.16    1.95    2.16    0.74   -4.23
2040 2049
  -20.05  -20.77  -13.49   -8.52    9.76   21.21
  -18.66    1.19   16.83   18.89   20.44   12.51
   -4.24   27.45   37.00   22.84    1.12  -10.34
   -0.09   19.61   16.45    4.67   -9.56  -12.40
   -9.61    0.33    2.62    4.16    4.15    0.83
  -22.34  -17.73   -9.05    1.06    5.56    1.36
  -14.40  -16.60   -9.76   -2.01    1.85   -1.75
2050 2059
  -18.83  -13.76   -7.66   -2.34    1.00   -9.29
   -7.68    0.60    6.87    6.03    1.29   -0.26
   -4.79   -4.10    4.66    9.25    6.92    1.25
   -1.24   -2.32    7.90   12.98   15.79    7.08
    2.61   16.71   22.79   26.59   30.05   19.24
    8.44   25.77   23.98   25.51   28.09   19.21
    3.49    7.92   12.63   14.10   12.90    8.83
2060 2069
  -21.45  -20.02  -10.96   -6.48   -4.24   -4.16
  -21.07  -23.46  -11.42   -2.62   -8.23  -12.99
  -18.89  -20.65   -0.53   13.83   10.11    5.29
  -14.84   -9.04   14.72   28.58   35.27   30.89
   -1.03    3.10   17.61   25.77   32.28   29.48
   15.99   19.58   20.21   18.82   18.00   13.72
   11.96   22.72   17.85   13.75    6.83    0.52
2070 2079
  -44.12  -38.78  -19.46   -5.49   -1.66   -2.10
  -30.23  -17.08    1.60   12.29   11.89    4.98
  -19.71    3.29   20.25   19.33   10.00   -4.96
  -14.53    4.28   14.79    8.69   -1.51   -6.71
  -20.33   -7.50    9.36   11.49    7.33    1.44
  -35.60  -19.93    2.16   14.76   13.03    2.63
  -25.12  -17.50   -3.16    9.55    9.92    0.92
2080 2089
  -20.24  -10.88    7.83    7.38    9.97    1.50
  -15.56   -7.87   11.83   17.18   17.46    9.01
  -21.22  -13.74    1.80    8.57   10.38    2.54
  -20.89  -20.34    0.25    8.94   13.88   14.10
  -17.44   -4.85   13.84   18.00   25.11   26.75
  -13.98   10.94   20.02   14.37   12.29   11.13
  -15.44   -2.43    6.86    5.29   -0.39   -3.24
2090 2099
  -36.69  -16.05    8.63   16.05   17.58    7.07
  -33.39   -0.65   15.74   14.70   10.87    1.66
  -30.25   -1.19    8.63   -3.88  -11.73  -16.17
  -18.69   -6.27    1.73   -3.75   -9.90  -16.58
   -8.40   -0.43    9.06    7.34   -3.52  -14.96
   -3.09    3.25    3.16   -0.43   -4.17  -14.90
   -3.84   -3.36   -4.93   -7.85  -10.32  -16.32
