Mean temperature - Model Simulations
NaN indicates insufficient data is available
Refer to Accompanying Documentation
GRIDBOX LONGITUDES
           6
   11.25   13.75   16.25   18.75   21.25   23.75
GRIDBOX LATITUDES
           7
   -3.75   -6.25   -8.75  -11.25  -13.75  -16.25  -18.75
MODEL CLIMATOLOGY 1970-1999
  297.37  295.94  295.78  295.66  295.45  294.94
  299.12  296.79  294.60  294.56  294.41  294.39
  299.34  297.29  293.36  293.23  293.46  293.40
  298.73  296.05  291.60  291.65  292.68  292.67
  298.01  294.96  291.54  291.54  292.69  293.00
  296.80  295.08  293.07  292.87  293.46  293.81
  296.14  296.54  294.09  293.57  294.39  294.44
Mean Anomalies over 10-year time slices
2000 2009
    0.51    0.57    0.56    0.64    0.65    0.65
    0.47    0.61    0.64    0.60    0.50    0.63
    0.33    0.44    0.57    0.60    0.47    0.52
    0.30    0.57    0.55    0.59    0.54    0.50
    0.32    0.86    0.85    0.79    0.71    0.60
    0.29    1.21    1.38    0.91    0.74    0.61
    0.05    0.76    1.12    0.62    0.42    0.40
2010 2019
    0.81    0.81    0.76    0.70    0.74    1.04
    0.75    0.80    0.77    0.70    0.75    0.92
    0.71    0.72    0.78    0.73    0.74    0.80
    0.69    0.65    0.81    0.69    0.75    0.78
    0.70    0.79    0.87    0.83    0.86    0.93
    0.77    1.25    1.05    0.97    1.03    1.10
    0.70    1.35    1.47    1.10    1.16    1.22
2020 2029
    0.88    0.93    1.00    1.01    0.95    1.05
    0.76    0.79    0.86    0.91    0.94    0.99
    0.64    0.68    0.81    0.91    0.87    0.87
    0.63    0.68    0.78    0.87    0.92    0.86
    0.61    0.86    0.87    0.89    0.91    0.86
    0.70    1.35    1.31    1.03    1.02    1.00
    0.59    1.19    1.69    1.31    1.36    1.45
2030 2039
    1.21    1.28    1.36    1.31    1.27    1.44
    1.12    1.23    1.30    1.30    1.22    1.28
    1.03    1.31    1.30    1.30    1.21    1.20
    0.97    1.20    1.20    1.25    1.23    1.19
    0.96    1.14    1.15    1.16    1.14    1.15
    1.02    1.32    1.25    1.21    1.22    1.21
    0.83    1.02    1.35    1.38    1.39    1.43
2040 2049
    1.51    1.57    1.60    1.64    1.58    1.74
    1.38    1.49    1.54    1.56    1.55    1.64
    1.25    1.25    1.37    1.39    1.42    1.51
    1.17    1.21    1.34    1.32    1.37    1.44
    1.16    1.59    1.75    1.79    1.71    1.65
    1.21    2.11    2.58    2.53    2.28    2.10
    1.06    1.77    2.81    2.63    2.60    2.54
2050 2059
    1.79    1.88    1.89    2.04    2.10    2.18
    1.70    1.84    1.92    1.99    2.09    2.10
    1.51    1.76    1.79    1.81    1.91    1.91
    1.38    1.64    1.72    1.73    1.83    1.84
    1.37    1.84    1.89    1.89    1.93    1.93
    1.37    2.27    2.46    2.08    2.04    2.07
    1.17    1.97    2.78    2.21    2.20    2.20
2060 2069
    1.93    2.04    2.09    2.18    2.14    2.23
    1.74    1.99    2.04    2.08    2.12    2.23
    1.57    2.01    1.99    2.08    2.06    2.08
    1.47    1.85    1.92    1.97    2.04    2.04
    1.43    1.93    2.08    2.19    2.13    2.07
    1.52    2.33    2.66    2.73    2.46    2.27
    1.41    2.04    3.24    2.97    2.86    2.67
2070 2079
    2.55    2.73    2.85    2.87    2.87    2.85
    2.35    2.68    2.75    2.83    2.81    2.86
    2.11    2.54    2.72    2.78    2.77    2.76
    1.96    2.29    2.56    2.59    2.68    2.73
    1.97    2.66    2.78    2.79    2.78    2.76
    2.10    3.43    3.56    3.13    2.90    2.86
    1.85    3.10    4.10    3.17    2.99    3.01
2080 2089
    3.13    3.30    3.30    3.43    3.48    3.49
    2.85    3.11    3.21    3.29    3.26    3.26
    2.61    2.92    3.07    3.16    3.14    3.12
    2.48    3.06    3.19    3.12    3.12    3.08
    2.43    3.51    3.74    3.63    3.36    3.22
    2.56    4.15    4.44    4.13    3.71    3.50
    2.17    3.36    4.76    4.42    4.14    3.91
2090 2099
    3.47    3.66    3.68    3.70    3.77    3.81
    3.17    3.59    3.51    3.48    3.52    3.53
    2.96    3.03    3.27    3.33    3.40    3.44
    2.82    2.96    3.31    3.37    3.49    3.55
    2.75    3.53    3.71    3.78    3.74    3.69
    2.92    4.38    4.63    4.51    4.35    4.07
    2.70    3.97    5.33    5.11    4.94    4.62
