Mean monthly rainfall - Model Simulations
NaN indicates insufficient data is available
Refer to Accompanying Documentation
GRIDBOX LONGITUDES
           6
   11.25   13.75   16.25   18.75   21.25   23.75
GRIDBOX LATITUDES
           7
   -3.75   -6.25   -8.75  -11.25  -13.75  -16.25  -18.75
MODEL CLIMATOLOGY 1970-1999 (mm)
  165.90  111.97  190.75  245.83  229.68  216.67
  161.21  115.77  141.88  193.26  201.89  181.40
  126.33  113.43  114.20  143.14  149.04  140.56
  121.00  131.56  119.72  124.41  130.57  118.56
  111.21  118.06  110.83  111.95  124.14  113.38
   89.32  100.81   88.77   91.72  109.39  101.80
   48.15   74.41   74.16   71.38   84.55   80.89
Mean Anomalies over 10-year time slices (mm)
2000 2009
    4.24   -3.72   -3.66   -3.88   -1.42   -5.17
   10.44    2.81   -1.43   -1.20    1.19   -1.21
    6.32    3.08   -1.86    1.81    1.14   -2.91
    3.07    2.30   -1.28    2.79    4.47    2.58
    0.81   -0.43    2.24    3.34    9.87   11.23
   -1.79   -1.34   -0.42   -0.77    6.24   10.34
   -3.59   -3.13   -3.22   -3.23    3.55    4.90
2010 2019
    2.47   -4.44   -1.89   -3.90   -2.72   -4.91
    6.23   -1.38   -3.80   -2.27   -0.13    1.73
    6.49    0.78    0.16    5.55    4.63    6.43
    5.43    7.57    3.72    6.48    8.89    7.56
    7.63    9.50   10.16   10.02    7.56    5.65
    8.66   10.04   12.30    3.98    3.72    2.45
    8.98    8.39    5.73   -2.88   -2.11   -0.77
2020 2029
    5.40    0.94   -2.88    0.13    4.85    3.39
    2.08   -0.96    1.55    2.21    6.61    6.54
   -2.48    0.88    6.79    5.54    6.02    5.12
   -3.55    7.02    9.48    4.26    3.55    4.23
    1.00   10.73   12.71    5.17    3.02    1.24
    1.04    6.78    7.46   -0.11   -4.40   -3.21
   -2.17    3.19   -1.01   -5.91   -6.62   -2.92
2030 2039
    7.45    2.10   -3.81   -3.99    0.56   -2.26
   12.54    4.21    2.89   -0.45    4.51    4.86
    6.33    6.83    6.25   -0.15    1.15    4.28
    2.74    9.51    8.13    1.08    0.55    5.43
    7.34   13.79    8.52    0.54   -2.25    1.75
    8.18   12.00   11.92    2.97   -3.28   -2.57
    0.25    4.68    6.23   -0.29   -3.35   -1.36
2040 2049
    5.93   -0.44    0.19    0.35    1.99   -0.32
    8.89    0.35   -1.97    3.56    7.43    2.11
    3.24    2.81    7.65    7.10    5.63    3.59
    0.66    6.42   10.82    4.82    6.19    4.63
    6.54   10.64   13.52    0.94    1.84    5.64
    3.62    5.39    4.20   -2.68   -4.56   -1.25
   -2.76   -3.96   -3.34   -5.47   -6.98   -4.51
2050 2059
    7.03    1.84   -0.97    1.57    6.18    3.94
   10.53    3.55    4.03    3.74   10.91   10.48
    2.58    4.66   10.19    7.78    6.65    7.45
    0.29   12.01   13.96    8.51   11.21    9.02
    6.12   15.89   16.32   10.59   12.63    6.69
    5.34   11.16   15.19    9.29    6.34    0.16
    0.03    4.34    9.42    4.08    0.51   -3.08
2060 2069
    1.66    2.96    0.26    7.06    9.14    5.81
    9.96    8.04    4.78    8.95   15.84   14.27
    0.43    7.67   16.64   19.03   14.42   11.95
   -1.14   17.30   21.92   16.10   12.20    8.81
    4.98   18.81   18.34   10.29    6.11    4.78
    4.76   12.31   13.57    6.00    1.54    2.46
    0.27    4.83    7.37    2.67    0.57    0.97
2070 2079
   -4.19    6.66    6.43    9.82   14.17   13.71
    6.56    5.47   10.22   15.43   18.77   16.55
    4.38    6.05   17.17   20.49   20.46   17.62
    2.18   15.73   26.95   18.70   16.95   14.58
   10.82   23.17   27.61   17.94   12.34    7.67
   10.95   18.97   21.61   12.17    7.24    5.95
    1.84    9.97   13.63    9.33    5.78    4.85
2080 2089
    6.11   12.07   18.20   19.59   23.46   24.32
   13.99   17.32   17.49   19.35   23.63   22.46
    6.33   14.67   26.72   25.95   23.85   18.96
   -3.11   23.26   31.20   23.37   23.77   19.36
    1.65   21.54   25.86   20.05   19.91   19.40
    4.39   14.76   19.49   14.51   13.48   11.65
    3.10    5.38   10.38   13.01   11.28    7.67
2090 2099
   -4.86    3.05   11.36   19.53   24.81   23.45
  -11.38    1.50    9.92   23.63   30.81   27.52
  -16.28   -3.09   18.42   30.56   30.98   23.77
  -16.45    6.97   26.36   25.30   25.41   17.87
   -8.18   10.55   23.05   20.50   19.24   16.78
  -10.31    0.36   13.28   11.22   13.99   14.73
  -12.29   -8.24    2.70    7.66   11.15   13.10
