Mean temperature - Model Simulations
NaN indicates insufficient data is available
Refer to Accompanying Documentation
GRIDBOX LONGITUDES
           6
   11.25   13.75   16.25   18.75   21.25   23.75
GRIDBOX LATITUDES
           7
   -3.75   -6.25   -8.75  -11.25  -13.75  -16.25  -18.75
MODEL CLIMATOLOGY 1970-1999
  297.14  295.38  295.31  295.72  295.17  294.98
  297.52  295.82  295.02  295.30  295.33  295.52
  297.25  296.28  294.90  294.69  295.16  295.33
  296.63  295.85  294.16  294.09  295.02  295.07
  295.76  294.99  293.87  294.41  295.43  295.42
  294.64  294.74  294.91  295.62  296.17  296.26
  293.47  295.01  295.41  295.66  296.08  296.49
Mean Anomalies over 10-year time slices
2000 2009
    0.10    0.21    0.19    0.02   -0.05   -0.00
    0.10    0.15    0.06   -0.12   -0.15   -0.01
    0.11    0.04   -0.05   -0.11   -0.05    0.08
    0.16    0.09   -0.02   -0.00    0.05    0.10
    0.22    0.23    0.15    0.13    0.09    0.05
    0.22    0.30    0.33    0.28    0.18    0.08
    0.21    0.28    0.38    0.42    0.37    0.26
2010 2019
    0.45    0.54    0.60    0.59    0.60    0.66
    0.48    0.72    0.67    0.54    0.51    0.57
    0.49    0.77    0.73    0.53    0.43    0.43
    0.49    0.82    0.79    0.63    0.51    0.40
    0.48    0.85    0.86    0.76    0.63    0.44
    0.44    0.75    0.85    0.81    0.69    0.48
    0.44    0.57    0.72    0.75    0.69    0.56
2020 2029
    0.51    0.53    0.52    0.49    0.51    0.53
    0.56    0.62    0.59    0.50    0.45    0.45
    0.65    0.72    0.69    0.57    0.47    0.43
    0.70    0.80    0.74    0.64    0.54    0.48
    0.70    0.79    0.73    0.68    0.60    0.54
    0.63    0.68    0.71    0.73    0.67    0.60
    0.55    0.56    0.72    0.83    0.79    0.69
2030 2039
    0.73    0.99    1.14    1.17    1.20    1.29
    0.73    1.11    1.26    1.23    1.22    1.27
    0.76    1.10    1.28    1.26    1.23    1.23
    0.78    1.06    1.29    1.35    1.31    1.24
    0.79    1.04    1.34    1.51    1.48    1.35
    0.80    1.03    1.37    1.60    1.64    1.53
    0.83    1.01    1.34    1.56    1.67    1.63
2040 2049
    0.95    1.13    1.21    1.19    1.19    1.17
    0.96    1.20    1.29    1.25    1.24    1.22
    1.01    1.21    1.27    1.24    1.21    1.22
    1.06    1.24    1.30    1.26    1.20    1.20
    1.10    1.32    1.42    1.35    1.23    1.22
    1.12    1.42    1.58    1.47    1.31    1.27
    1.11    1.42    1.66    1.61    1.44    1.35
2050 2059
    1.11    1.46    1.63    1.63    1.61    1.59
    1.12    1.67    1.83    1.73    1.61    1.56
    1.16    1.70    1.85    1.72    1.59    1.52
    1.20    1.66    1.78    1.76    1.69    1.58
    1.25    1.69    1.89    1.98    1.90    1.74
    1.28    1.75    2.16    2.28    2.13    1.90
    1.28    1.71    2.25    2.40    2.23    1.97
2060 2069
    1.56    1.86    1.96    1.93    2.00    2.16
    1.58    2.00    2.17    2.15    2.18    2.29
    1.67    2.15    2.34    2.32    2.30    2.28
    1.80    2.27    2.38    2.36    2.32    2.25
    1.91    2.34    2.39    2.35    2.31    2.25
    1.96    2.36    2.47    2.42    2.33    2.26
    1.94    2.32    2.57    2.56    2.43    2.30
2070 2079
    1.96    2.20    2.35    2.38    2.39    2.34
    1.93    2.31    2.44    2.44    2.40    2.31
    1.99    2.51    2.65    2.59    2.49    2.40
    2.08    2.72    2.91    2.86    2.71    2.56
    2.15    2.89    3.16    3.13    2.93    2.71
    2.16    2.95    3.35    3.33    3.10    2.86
    2.12    2.79    3.35    3.51    3.37    3.12
2080 2089
    2.43    2.76    2.95    3.04    3.16    3.28
    2.46    3.02    3.22    3.29    3.34    3.39
    2.60    3.36    3.53    3.54    3.54    3.51
    2.70    3.49    3.70    3.74    3.72    3.62
    2.78    3.54    3.81    3.88    3.83    3.67
    2.83    3.59    3.94    3.99    3.89    3.71
    2.79    3.46    3.98    4.11    4.01    3.83
2090 2099
    2.80    3.77    4.22    4.07    3.84    3.79
    2.77    4.00    4.51    4.31    3.98    3.95
    2.85    4.06    4.61    4.52    4.30    4.25
    2.91    4.04    4.64    4.75    4.67    4.57
    2.97    4.08    4.83    5.06    5.01    4.88
    3.02    4.15    5.03    5.33    5.30    5.18
    3.00    3.95    4.90    5.34    5.47    5.42
