Mean temperature - Model Simulations
NaN indicates insufficient data is available
Refer to Accompanying Documentation
GRIDBOX LONGITUDES
           6
   11.25   13.75   16.25   18.75   21.25   23.75
GRIDBOX LATITUDES
           7
   -3.75   -6.25   -8.75  -11.25  -13.75  -16.25  -18.75
MODEL CLIMATOLOGY 1970-1999
  299.84  300.00  299.90  299.66  299.43  298.83
  298.58  299.34  299.50  299.04  298.63  298.26
  296.80  298.25  298.85  298.38  297.94  297.74
  295.94  297.74  298.44  297.89  297.66  297.64
  296.12  297.93  298.64  298.27  298.41  298.55
  296.58  298.47  299.35  299.35  299.55  299.61
  293.28  297.04  299.23  299.44  299.59  299.65
Mean Anomalies over 10-year time slices
2000 2009
    0.60    0.51    0.48    0.51    0.55    0.58
    0.78    0.58    0.49    0.53    0.56    0.60
    0.96    0.72    0.57    0.55    0.55    0.57
    1.02    0.84    0.69    0.60    0.56    0.55
    0.99    0.80    0.67    0.64    0.63    0.61
    0.85    0.76    0.69    0.64    0.63    0.63
    0.73    0.69    0.64    0.58    0.58    0.57
2010 2019
    0.79    0.72    0.67    0.65    0.68    0.72
    0.87    0.79    0.69    0.63    0.68    0.77
    0.92    0.87    0.79    0.72    0.71    0.72
    0.92    0.93    0.89    0.81    0.74    0.67
    0.86    0.94    0.99    0.95    0.79    0.63
    0.98    1.06    1.06    0.97    0.80    0.63
    1.03    1.13    1.15    1.07    0.89    0.69
2020 2029
    0.93    0.70    0.64    0.75    0.81    0.85
    1.22    0.85    0.64    0.64    0.73    0.84
    1.51    1.05    0.71    0.59    0.64    0.79
    1.62    1.11    0.74    0.62    0.65    0.73
    1.65    1.24    0.90    0.72    0.70    0.70
    1.61    1.39    1.13    0.91    0.88    0.82
    1.48    1.54    1.47    1.25    1.03    0.87
2030 2039
    1.19    1.19    1.22    1.28    1.33    1.38
    1.27    1.27    1.32    1.40    1.41    1.44
    1.38    1.44    1.52    1.58    1.54    1.49
    1.40    1.51    1.60    1.63    1.58    1.48
    1.42    1.45    1.54    1.64    1.58    1.46
    1.66    1.61    1.60    1.61    1.57    1.45
    1.63    1.61    1.55    1.48    1.47    1.42
2040 2049
    1.41    1.44    1.46    1.48    1.54    1.59
    1.47    1.56    1.62    1.64    1.64    1.66
    1.55    1.65    1.71    1.70    1.67    1.65
    1.58    1.68    1.74    1.72    1.66    1.62
    1.50    1.60    1.70    1.75    1.71    1.68
    1.57    1.66    1.76    1.81    1.80    1.75
    1.63    1.67    1.74    1.81    1.84    1.82
2050 2059
    1.85    1.94    2.00    2.02    2.03    2.05
    1.92    2.00    2.09    2.15    2.13    2.13
    2.05    2.09    2.17    2.27    2.25    2.23
    2.09    2.16    2.27    2.38    2.39    2.35
    1.95    2.10    2.31    2.49    2.53    2.47
    1.76    2.06    2.32    2.44    2.48    2.43
    1.97    1.98    2.11    2.32    2.34    2.30
2060 2069
    2.27    2.37    2.46    2.53    2.57    2.60
    2.33    2.54    2.71    2.79    2.78    2.78
    2.47    2.71    2.92    3.02    2.93    2.87
    2.54    2.75    2.96    3.08    3.04    2.96
    2.45    2.72    2.97    3.10    3.03    2.91
    2.57    2.85    3.07    3.15    3.07    2.94
    2.62    2.97    3.18    3.16    3.09    2.98
2070 2079
    2.99    3.04    3.08    3.10    3.19    3.29
    3.07    3.28    3.37    3.33    3.36    3.41
    3.21    3.47    3.63    3.62    3.46    3.39
    3.29    3.53    3.71    3.73    3.56    3.42
    3.18    3.52    3.80    3.90    3.71    3.53
    3.17    3.61    3.93    3.99    3.91    3.73
    3.37    3.75    4.01    4.08    4.15    4.05
2080 2089
    3.64    3.92    4.08    4.07    4.05    4.09
    3.47    4.12    4.50    4.48    4.37    4.30
    3.43    4.18    4.74    4.89    4.66    4.45
    3.51    4.19    4.76    5.03    4.91    4.69
    3.37    4.06    4.74    5.17    5.16    4.97
    3.40    4.10    4.74    5.12    5.24    5.17
    3.51    4.03    4.53    4.90    5.20    5.27
2090 2099
    4.07    4.10    4.16    4.25    4.36    4.46
    4.24    4.39    4.50    4.51    4.56    4.63
    4.44    4.68    4.83    4.82    4.71    4.65
    4.48    4.79    5.02    5.07    4.90    4.71
    4.32    4.79    5.21    5.39    5.12    4.81
    4.52    5.10    5.52    5.59    5.42    5.11
    4.77    5.39    5.79    5.86    5.85    5.61
