Mean monthly rainfall - Model Simulations
NaN indicates insufficient data is available
Refer to Accompanying Documentation
GRIDBOX LONGITUDES
           4
  -18.75  -16.25  -13.75  -11.25
GRIDBOX LATITUDES
           5
   18.75   16.25   13.75   11.25    8.75
MODEL CLIMATOLOGY 1970-1999 (mm)
   10.00    9.21   14.58   17.34
   19.14   24.67   48.89   68.82
   71.78   99.84  150.73  179.95
  199.43  259.41  279.45  281.38
  309.53  362.17  318.79  300.75
Mean Anomalies over 10-year time slices (%)
2000 2009
   20.67   -2.88  -10.14  -20.21
    5.55   -8.31  -12.44  -15.31
  -14.87  -14.50  -13.68  -11.34
   -3.67   -5.86   -5.27   -3.87
    3.14    0.38    0.34    0.97
2010 2019
   -6.78    4.63   49.02   56.59
   15.88   26.20   22.25   20.02
    6.68    3.42   -2.54   -3.60
    0.11    1.79    0.11   -0.19
    3.24    6.87   10.14   12.40
2020 2029
   18.68   32.58   32.41   14.35
   20.43   21.73    1.57    1.15
    8.14    1.68   -3.90   -5.33
   17.22   10.85    4.49   -0.64
   17.78   16.05   16.26   12.99
2030 2039
  -16.49  -51.22  -46.76  -40.02
  -33.40  -44.10  -39.43  -38.92
  -31.40  -29.04  -22.52  -21.13
   -6.99   -7.92   -2.96   -5.61
   10.47    8.54   12.70   10.29
2040 2049
  -14.99  -28.13  -25.54   -9.19
  -12.78  -13.10  -17.06  -13.44
  -13.41  -13.68  -14.94  -13.79
    0.27   -1.16    0.48   -3.67
   11.82   12.07   15.06   10.86
2050 2059
   -9.24  -23.68   -7.63    3.87
    9.08   -7.67   -9.39   -4.55
   11.68    1.82   -8.39   -8.41
   11.52    4.22   -1.80   -2.23
   14.90   13.17    9.28    6.13
2060 2069
  -28.44  -41.78  -41.77  -36.75
  -33.32  -47.39  -44.73  -34.80
  -13.82  -23.20  -24.69  -18.78
   10.57    2.72   -0.47   -3.11
   21.71   16.96   15.41    9.70
2070 2079
  -22.94  -19.48   -9.37  -12.97
  -19.29  -13.07  -15.10  -15.55
   -8.18  -13.44  -17.98  -16.57
    3.96   -4.73   -3.72   -2.68
   21.47   13.95   12.77   10.50
2080 2089
   -8.54  -36.04  -47.23  -44.01
  -25.40  -37.66  -46.23  -40.02
  -31.94  -30.72  -29.79  -29.95
   -2.64   -4.91   -4.76   -8.61
   24.91   22.27   24.48   17.73
2090 2099
  -21.91  -32.18  -59.55  -56.45
  -41.15  -48.62  -53.65  -44.24
  -36.22  -35.30  -33.45  -30.96
   -8.68  -10.80   -8.50   -9.17
   18.37   12.88   13.94    6.95
