Mean monthly rainfall - Model Simulations
NaN indicates insufficient data is available
Refer to Accompanying Documentation
GRIDBOX LONGITUDES
           4
  -18.75  -16.25  -13.75  -11.25
GRIDBOX LATITUDES
           5
   18.75   16.25   13.75   11.25    8.75
MODEL CLIMATOLOGY 1970-1999 (mm)
    1.64    0.75    0.48    0.37
    3.41    1.26    0.60    0.82
    6.28    3.66    3.76    5.56
   13.06   13.59   19.80   28.39
   55.02   52.03   63.02   80.13
Mean Anomalies over 10-year time slices (%)
2000 2009
    6.47  -18.85  -40.02  -16.84
  -24.16  -17.37   30.82   50.73
  -19.66   -1.21   19.65   18.65
  -11.45   -8.05   -5.19   -4.29
   -8.71   -7.96   -6.10   -4.41
2010 2019
   19.32  -28.06  -87.32  -95.19
   -1.45  -22.08  -67.11  -56.49
  -10.58  -26.21  -29.13  -20.46
  -14.41  -23.80  -19.41  -11.59
  -13.77  -13.32  -10.37   -6.78
2020 2029
   19.49  -31.29  -91.86  -84.75
   19.24    0.15  -67.29  -51.38
    7.12  -14.95  -32.27  -20.95
  -15.04  -26.89  -21.85  -11.88
  -18.00  -18.63  -13.66   -7.33
2030 2039
   45.82   -5.47  -80.24  -76.80
   18.34   -1.59  -65.72  -55.02
   -6.48  -32.02  -42.31  -29.73
  -24.97  -37.31  -30.11  -19.12
  -19.43  -19.31  -15.76  -11.63
2040 2049
    6.73  -38.85  -82.51  -40.29
    6.37  -10.97  -68.78  -43.69
  -11.09  -34.13  -43.29  -28.47
  -30.85  -40.53  -31.09  -19.13
  -23.45  -22.80  -18.52  -14.22
2050 2059
   52.82  -10.49  -91.95  -87.43
   35.51    8.62  -79.38  -60.56
    9.43  -25.74  -46.93  -31.27
  -27.83  -41.14  -33.27  -20.53
  -26.44  -26.40  -20.45  -13.35
2060 2069
   26.23  -26.49  -90.23  -92.67
   -6.32  -27.19  -71.70  -62.96
  -10.28  -38.39  -47.97  -33.40
  -22.79  -38.09  -32.98  -21.78
  -21.11  -20.47  -17.06  -12.60
2070 2079
   17.22  -30.68  -80.76  -56.38
   13.67   -2.98  -57.91  -36.43
    4.27  -20.86  -38.18  -21.81
  -23.67  -36.65  -30.53  -18.63
  -24.45  -23.50  -17.97  -11.92
2080 2089
   25.99  -25.06  -82.61  -88.00
   11.83  -11.10  -86.92  -75.29
   -2.87  -37.32  -57.94  -39.08
  -32.15  -53.46  -43.44  -25.18
  -33.53  -33.37  -26.82  -18.48
2090 2099
   69.15    7.90  -83.07  -92.46
   47.97   27.76  -89.33  -81.44
    5.08  -37.46  -69.81  -52.85
  -37.04  -62.47  -56.38  -39.04
  -40.82  -40.72  -35.20  -27.65
