Mean monthly rainfall - Model Simulations
NaN indicates insufficient data is available
Refer to Accompanying Documentation
GRIDBOX LONGITUDES
           4
  -18.75  -16.25  -13.75  -11.25
GRIDBOX LATITUDES
           5
   18.75   16.25   13.75   11.25    8.75
MODEL CLIMATOLOGY 1970-1999 (mm)
    9.93    7.98    9.69   15.04
   17.94   12.89   16.04   27.39
   24.80   22.01   29.86   48.34
  107.86  102.12  106.83  121.97
  339.28  318.07  302.74  293.30
Mean Anomalies over 10-year time slices (%)
2000 2009
   -3.37   -3.10   -3.82   -4.67
   -6.34   -5.44   -4.91   -5.11
  -11.47  -11.59   -9.61   -7.86
   -1.67   -3.17   -3.79   -3.48
    1.57   -0.19   -0.76    0.09
2010 2019
   10.85   -2.96  -12.62  -12.51
   13.21    5.97   -5.44   -9.33
   14.96   15.31    7.34    0.36
   -0.38    0.50    0.96    0.94
   -4.44   -4.31   -3.20   -1.04
2020 2029
   12.15    4.21   -3.80   -6.02
    6.79    4.04   -4.77   -9.65
   15.15   17.90   11.27    4.21
    5.64    7.15    7.86    7.67
    2.00    2.81    4.24    6.31
2030 2039
   21.50    2.06  -17.05  -22.02
   16.97   -0.51  -18.70  -21.00
   -0.99  -13.10  -19.95  -19.58
  -14.54  -16.54  -15.95  -13.20
  -15.33  -15.98  -14.07   -9.29
2040 2049
   17.76   -0.09  -17.72  -22.37
    9.90   -1.90  -18.41  -23.18
    0.25   -7.83  -15.88  -18.61
   -7.74   -8.81   -9.75  -10.33
   -8.39   -8.32   -7.56   -6.02
2050 2059
    7.13  -14.33  -27.82  -26.23
    6.25   -7.30  -19.06  -19.08
   -3.67   -8.96  -13.89  -15.39
  -15.47  -16.86  -16.12  -13.69
  -16.86  -18.47  -17.32  -13.04
2060 2069
   27.79    6.58  -14.10  -19.36
   26.46   11.95  -10.54  -18.04
   11.54   -1.96  -13.60  -16.60
  -16.51  -18.85  -18.42  -15.65
  -21.32  -21.58  -19.59  -15.11
2070 2079
   26.45    1.77  -14.92  -14.19
   23.67    9.45  -10.15  -15.67
    8.99    1.70   -7.35  -11.33
  -23.38  -22.95  -19.52  -14.30
  -29.28  -28.35  -24.38  -17.11
2080 2089
   20.32   -4.44  -20.25  -18.63
   19.24    2.73  -15.21  -17.96
   10.30    3.75   -5.88  -10.73
  -11.28  -13.53  -12.91   -9.90
  -15.31  -17.95  -16.66  -10.89
2090 2099
   17.44  -10.04  -29.34  -29.18
   16.59   -1.17  -19.15  -21.13
   -3.51  -11.60  -18.10  -19.50
  -22.28  -23.43  -21.28  -16.75
  -23.86  -24.97  -22.08  -14.73
