Maximum 1-day rainfall - Model Simulations
NaN indicates insufficient data is available
Refer to Accompanying Documentation
GRIDBOX LONGITUDES
           5
   31.25   33.75   36.25   38.75   41.25
GRIDBOX LATITUDES
           7
  -11.25  -13.75  -16.25  -18.75  -21.25  -23.75  -26.25
Timeseries in anomalies relative to 1970-1999 mean (mm)
2060s
   -0.32   -0.67   -1.28   -2.05   -1.86
   -0.35   -0.26   -0.92   -1.91   -1.72
    0.07    1.86    0.89   -1.05   -1.45
   -1.16    0.68    2.39   -0.35   -2.39
   -2.89   -2.53   -0.86   -1.01   -1.84
   -3.94   -3.15   -0.78   -0.94   -1.03
   -5.10   -4.41   -4.34   -2.66   -2.25
2090s
   -0.34   -0.50   -0.96   -1.66   -3.03
   -0.29   -0.31   -0.67   -0.81   -1.63
   -0.78   -0.70   -0.88   -0.68   -1.33
   -2.41   -2.22   -2.23   -3.01   -3.55
   -3.42   -4.88   -4.81   -4.90   -4.41
   -3.29   -4.06   -2.09   -3.22   -4.39
   -7.04   -7.01   -4.47   -3.96   -3.74
