Maximum 5-day rainfall - Model Simulations
NaN indicates insufficient data is available
Refer to Accompanying Documentation
GRIDBOX LONGITUDES
           5
   31.25   33.75   36.25   38.75   41.25
GRIDBOX LATITUDES
           7
  -11.25  -13.75  -16.25  -18.75  -21.25  -23.75  -26.25
Timeseries in anomalies relative to 1970-1999 mean (mm)
2060s
   -1.38   -2.51   -2.85    2.74   -1.18
   -1.50   -4.67  -13.11   -5.66   -2.44
    2.05   -3.70  -17.66  -11.67   -6.60
    7.26    2.39   -9.32  -13.69  -15.43
    3.83   -0.22   -8.29  -19.00  -21.55
   -1.68   -5.73   -8.75  -16.29  -18.34
   -3.30   -6.51   -5.60   -7.12  -10.02
2090s
   -1.45    4.69   10.32    9.39    0.65
    0.14    5.88   12.46   12.25    2.60
    0.21    1.37    8.41    8.85    1.59
   -1.12   -2.50    1.42    6.40    7.58
   -0.43   -3.40   -1.86    3.07   11.38
   -0.18   -6.59   -3.68   -0.45    4.55
    2.86    2.14    0.72    1.28    2.25
