Frequency of Hot Nights - Model Simulations
NaN indicates insufficient data is available
Refer to Accompanying Documentation
GRIDBOX LONGITUDES
           5
   31.25   33.75   36.25   38.75   41.25
GRIDBOX LATITUDES
           7
  -11.25  -13.75  -16.25  -18.75  -21.25  -23.75  -26.25
Timeseries (% days occurring)
2060s
   51.31   47.92   49.73   50.09   49.51
   45.18   46.38   49.73   50.37   47.17
   40.64   41.52   44.95   47.93   48.85
   40.49   38.73   40.65   46.23   50.26
   36.95   38.19   46.53   46.66   46.81
   33.88   39.13   48.16   49.96   47.20
   34.13   41.58   45.15   46.64   45.73
2090s
   74.02   72.84   78.67   76.17   72.53
   68.18   68.66   73.68   74.59   70.31
   60.62   60.50   64.98   69.57   72.30
   59.19   57.84   61.06   70.89   75.44
   53.34   58.54   70.37   74.66   71.58
   50.15   60.89   74.56   79.40   73.57
   50.68   59.93   68.23   73.09   72.38
