Maximum 5-day rainfall - Model Simulations
NaN indicates insufficient data is available
Refer to Accompanying Documentation
GRIDBOX LONGITUDES
           5
   31.25   33.75   36.25   38.75   41.25
GRIDBOX LATITUDES
           7
  -11.25  -13.75  -16.25  -18.75  -21.25  -23.75  -26.25
Timeseries in anomalies relative to 1970-1999 mean (mm)
2060s
   -0.11   -0.61   -0.62   -1.09   -0.06
    0.13   -1.00   -1.64   -1.74   -0.42
   -0.27   -1.67   -2.62   -1.42    0.46
   -1.47   -2.49   -4.17   -2.95    0.03
   -0.67   -1.22   -3.24   -3.20   -1.52
   -1.60   -1.78   -3.70   -4.53   -3.53
   -2.59   -3.28   -4.56   -5.74   -4.83
2090s
   -1.59   -0.98   -0.12   -0.46    1.08
   -1.74   -1.59   -1.11   -0.49    0.27
   -1.11   -1.76   -2.33   -1.39   -1.40
   -1.17   -1.54   -1.38   -1.97   -2.43
   -2.47   -1.65    0.36   -1.01   -2.31
   -3.21   -3.66   -0.68   -1.65   -3.26
   -2.31   -5.55   -4.56   -3.53   -3.41
