Frequency of Hot Days - Model Simulations
NaN indicates insufficient data is available
Refer to Accompanying Documentation
GRIDBOX LONGITUDES
           5
   31.25   33.75   36.25   38.75   41.25
GRIDBOX LATITUDES
           7
  -11.25  -13.75  -16.25  -18.75  -21.25  -23.75  -26.25
Timeseries (% days occurring)
2060s
   23.39   25.14   30.46   40.61   53.89
   23.27   25.49   29.34   36.42   46.00
   24.28   26.62   31.44   35.32   38.19
   24.50   25.70   32.25   38.97   43.85
   25.68   26.85   34.25   40.21   42.45
   25.01   25.82   33.48   38.10   37.82
   25.14   26.02   31.80   35.04   34.49
2090s
   37.91   39.59   45.38   59.55   79.30
   39.91   40.38   43.94   54.26   69.20
   43.23   44.09   47.61   54.59   63.19
   42.32   43.22   50.30   56.15   58.93
   40.09   40.06   48.51   53.35   52.55
   36.71   35.94   45.43   49.94   47.42
   35.10   34.37   42.34   46.38   44.69
