Mean monthly rainfall - Model Simulations
NaN indicates insufficient data is available
Refer to Accompanying Documentation
GRIDBOX LONGITUDES
           4
   36.25   38.75   41.25   43.75
GRIDBOX LATITUDES
           4
   18.75   16.25   13.75   11.25
MODEL CLIMATOLOGY 1970-1999 (mm)
    1.08    0.99    0.91    0.84
    0.90    0.70    0.62    0.68
    2.09    1.57    1.92    3.13
    7.69    5.29    4.92    6.57
Mean Anomalies over 10-year time slices (%)
2000 2009
   23.62  -18.61  -46.19  -53.97
    4.80  -20.25  -36.94  -33.06
  -24.52  -28.28  -36.94  -41.71
  -18.00  -17.39  -19.19  -22.15
2010 2019
   22.88   57.73   65.95   39.62
   45.46   71.21   82.27   67.60
   64.93   73.22   54.08   32.49
   39.73   47.36   40.57   23.19
2020 2029
    0.04   32.41   58.35   75.16
   21.10   26.89   41.24   58.75
   58.68   62.14   32.07    4.52
   51.40   73.43   64.60   27.84
2030 2039
  -64.42  -36.95  -17.47   -8.92
  -65.97  -41.30  -16.25   -4.93
  -43.69   -7.89   16.33   12.72
   -3.85   14.44   26.38   19.86
2040 2049
  -20.92   13.10   25.87   10.87
  -48.71  -21.32    0.10    1.42
  -56.75  -56.39  -27.28   -3.10
  -17.83  -16.82   -6.31    5.59
2050 2059
   34.23   66.52   68.98   32.94
   61.39   71.14   52.67    7.36
   55.05   75.15   46.89    9.75
   43.60   59.00   48.19   16.71
2060 2069
    1.93   31.68   60.10   85.86
   15.77   44.70   72.08   81.82
    7.74    4.92   29.25   51.56
   31.99   36.03   45.82   53.31
2070 2079
   22.76   83.45  136.14  176.78
   63.96  106.85  198.61  302.84
   73.90  147.87  192.92  181.29
   73.40  117.75  151.89  142.52
2080 2089
    5.98    8.09   12.62   20.13
   31.86   58.12   78.87   80.51
   14.35   54.07   81.02   77.08
   13.70   32.46   59.19   70.53
2090 2099
  -40.68  -35.93  -25.77   -9.00
  -27.11   -7.36   20.76   43.96
   -7.95   45.40   61.40   39.16
   12.65   45.73   64.40   48.96
