Mean monthly rainfall - Model Simulations
NaN indicates insufficient data is available
Refer to Accompanying Documentation
GRIDBOX LONGITUDES
           4
   36.25   38.75   41.25   43.75
GRIDBOX LATITUDES
           4
   18.75   16.25   13.75   11.25
MODEL CLIMATOLOGY 1970-1999 (mm)
    0.38    1.25    2.22    3.01
    0.96    2.96    3.23    2.81
    9.96   13.52    8.33    3.86
   82.43   72.55   34.65   12.32
Mean Anomalies over 10-year time slices (%)
2000 2009
  -40.69  -11.26   10.75    0.14
   41.17   46.20   47.43   32.16
   74.87   46.19   34.84   29.03
   22.27   11.97    8.49   26.00
2010 2019
  -25.75    2.42   -3.72  -16.96
   -9.88  -10.46  -14.07   -7.80
    3.57   -0.69   -2.53    9.79
    5.10    7.65   13.77   36.74
2020 2029
   26.92   40.61   47.97   71.21
   56.58   58.33   66.00   81.07
   75.93   74.38   78.71   85.88
   32.49   35.15   49.45   87.17
2030 2039
  -19.65  -17.10  -18.61   -0.71
   34.07   35.92   24.88   31.07
   27.94   38.62   37.64   46.65
   18.39   18.80   23.47   52.72
2040 2049
  -21.94    2.15   19.30   24.49
   79.66   65.91   94.51  108.06
   90.16   75.28   87.47  121.49
   35.83   43.17   56.63   93.02
2050 2059
   43.27   22.68   74.01   60.00
  108.37   55.24   84.25   77.50
   77.45   55.37   56.92   67.28
   33.66   36.32   40.89   62.09
2060 2069
  -27.63  -27.35  -33.36  -23.03
   29.98   -3.77  -11.92  -14.64
   46.68   20.09   20.43   27.60
   23.25   14.43   21.46   55.60
2070 2079
   35.02   61.38   74.05   61.16
   50.06   39.11   58.86   64.66
   34.12   42.41   49.77   62.46
   22.15   33.05   40.48   52.21
2080 2089
  -69.07  -51.28  -19.10   27.92
  -28.96    0.07   17.41   49.50
   19.00   37.99   42.10   48.49
   24.97   40.55   49.50   60.87
2090 2099
    9.59   16.72  -13.11  -29.26
   69.19    8.47   15.44   23.28
   22.43   17.59   26.93   70.85
    3.71   19.97   28.80   62.70
