Mean monthly rainfall - Model Simulations
NaN indicates insufficient data is available
Refer to Accompanying Documentation
GRIDBOX LONGITUDES
           4
   36.25   38.75   41.25   43.75
GRIDBOX LATITUDES
           4
   18.75   16.25   13.75   11.25
MODEL CLIMATOLOGY 1970-1999 (mm)
    2.67    6.68   11.18    8.06
   10.59   18.09   22.06   13.70
   32.50   46.12   43.52   24.86
   51.30   59.20   40.77   21.10
Mean Anomalies over 10-year time slices (%)
2000 2009
  -40.75  -21.26  -11.50   -8.34
  -18.51  -13.64   -8.85   -8.47
   -6.96   -7.49   -7.12   -9.81
   -2.22   -6.85   -4.48   -6.79
2010 2019
   80.63   34.50    8.61    2.15
   33.90   11.29  -12.21   -9.41
   26.67   11.09  -11.84   -9.37
   23.30   12.14   -6.53   -9.08
2020 2029
   23.09    4.45   -9.11  -10.38
   13.51    5.21   -6.97   -9.02
    9.61    7.92    3.11    1.18
    8.41    8.37   12.89    8.62
2030 2039
    0.54   -8.13  -15.56  -11.86
   15.26    4.99   -8.68   -1.29
   23.72   18.12    7.38   12.57
   29.17   24.46   22.24   32.72
2040 2049
  -46.87  -41.54  -38.02  -30.28
  -17.67  -22.58  -26.95  -26.47
    0.53   -9.20  -23.47  -25.79
   -2.75   -6.96  -18.18  -25.63
2050 2059
  -47.38  -39.07  -34.50  -39.89
  -23.49  -23.77  -24.82  -30.53
   -4.01   -6.85  -13.70  -20.61
   10.72    8.67   -5.55  -17.56
2060 2069
  -36.80  -38.22  -39.38  -30.89
  -15.16  -22.71  -32.11  -30.07
   -1.41  -10.76  -27.33  -27.22
    1.10   -6.23  -21.63  -20.52
2070 2079
  -29.83  -36.23  -40.54  -48.93
  -29.03  -29.99  -33.44  -39.48
  -21.65  -20.64  -23.61  -29.87
   -8.70   -8.53  -20.78  -30.24
2080 2089
  -48.15  -33.29  -25.79  -18.13
  -19.95  -17.37  -17.29  -11.87
   -3.17   -0.69   -2.15   -8.34
   13.21   15.60   14.30    2.99
2090 2099
  -21.66  -25.74  -27.18  -28.38
   -6.03  -10.14  -15.76  -19.24
   10.83    7.80   -2.77   -9.04
   30.45   26.84   11.68   -1.38
