Mean monthly rainfall - Model Simulations
NaN indicates insufficient data is available
Refer to Accompanying Documentation
GRIDBOX LONGITUDES
           5
   13.75   16.25   18.75   21.25   23.75
GRIDBOX LATITUDES
           8
   23.75   21.25   18.75   16.25   13.75   11.25    8.75    6.25
MODEL CLIMATOLOGY 1970-1999 (mm)
    2.21    2.32    2.63    2.65    2.50
    3.08    3.39    3.43    2.27    1.68
    2.54    2.63    1.72    0.73    0.50
    4.93    4.39    3.08    2.02    1.59
   11.56   10.33    9.88    9.85    8.74
   33.76   30.44   33.54   37.14   32.16
   78.53   72.18   73.94   77.73   70.57
  140.02  127.85  125.03  124.77  115.50
Mean Anomalies over 10-year time slices (%)
2000 2009
  289.69  146.91    9.06  -38.09  -51.24
    6.78  -47.88  -59.20  -58.21  -62.90
  -41.40  -78.21  -88.60  -80.39  -23.19
  -14.70  -61.12  -86.70  -91.76  -81.38
   -9.39  -29.90  -45.32  -53.72  -57.21
  -23.48  -27.33  -24.64  -23.42  -25.26
  -18.99  -20.35  -18.73  -15.11  -12.34
   -9.92  -12.03  -12.79   -9.79   -7.95
2010 2019
   16.72   -0.54  -28.97  -55.98  -70.35
  -27.53  -32.48  -54.85  -62.68  -48.96
  -50.98  -36.94  -47.74    1.54  138.50
  -28.17   -6.19   34.91  131.93  200.77
   35.53   45.07   51.84   54.13   48.43
   30.68   26.79   12.85    5.28    5.12
    9.77    8.52    4.36    1.17    2.28
   -0.79    3.43    6.05    7.52    8.69
2020 2029
  -37.91  -60.24  -77.34  -86.52  -88.27
  -89.98  -90.52  -91.68  -92.26  -85.15
  -96.55  -96.57  -96.28  -84.86  -14.96
  -89.17  -92.25  -94.11  -85.42  -74.42
  -49.95  -51.24  -50.78  -49.15  -51.47
  -16.93  -14.51  -10.33  -10.37  -12.26
   -9.22   -4.77   -2.01    0.37    3.83
   -7.03   -8.57   -6.35   -1.24    4.44
2030 2039
  -85.76  -83.05  -79.06  -94.39  -94.37
  -97.77  -96.05  -96.58  -95.75  -86.21
  -97.84  -98.42  -91.94  -71.15  -62.38
  -83.24  -85.61  -82.07  -82.24  -65.89
  -38.25  -45.98  -39.53  -28.47  -19.87
  -17.44  -20.57  -18.26  -17.49  -16.04
   -9.13  -14.47  -17.58  -13.49   -9.57
   -2.95  -11.75  -15.39  -11.14   -6.92
2040 2049
  158.33   41.31    7.22   52.48   83.13
  -20.76  -34.23   48.63  172.50  187.35
   -2.90   64.93  237.28  461.42  251.31
   47.59   90.36  148.50  140.89   21.45
   17.97   24.02   29.22   14.23  -12.97
    2.37    5.04    4.50   -0.65   -7.46
    2.53    2.76    2.75    3.22    1.48
   -3.81   -5.11   -6.03   -4.44   -3.48
2050 2059
   14.43   38.08   20.18  -10.90  -22.41
  -40.95  -46.49  -35.74    0.39  -12.47
  -58.41  -75.65  -56.94   13.95  136.35
  -36.69  -42.66  -10.23   99.58  215.48
    9.62   27.53   60.66   84.11   95.44
   20.75   29.84   30.03   25.18   26.48
   15.43   19.68   18.58   14.66   12.46
    4.03    7.66    8.62    9.52   12.00
2060 2069
   -5.00  -13.02  -16.93  -19.92    8.23
  -58.48  -58.20  -34.15   37.51  171.45
  -69.72  -37.99   68.73  459.69  696.34
   13.91   52.00  120.42  215.98  215.56
   66.53   72.15   61.74   45.37   28.22
   22.73   18.15    2.24   -7.56  -12.92
    1.60   -0.42   -4.37   -6.03   -6.54
   -4.57   -7.61   -5.95   -0.83    1.32
2070 2079
  -53.97  -81.14  -81.99  -84.40  -77.23
  -82.19  -92.56  -92.67  -74.70  -55.57
  -77.96  -88.29  -80.40  -60.87  -57.23
  -62.12  -69.37  -63.62  -49.84  -42.52
  -36.91  -38.95  -33.46  -33.82  -38.17
  -25.15  -26.77  -26.60  -22.19  -25.07
  -11.65  -14.99  -15.64  -10.02   -7.97
   -5.03   -9.24   -8.60   -3.62    1.21
2080 2089
  134.42   64.81   25.27   20.98  -19.85
  -29.89  -35.74  -27.19  -36.82  -60.81
  -70.92  -76.83  -79.06  -85.67  -93.59
  -56.38  -72.19  -73.13  -72.46  -72.72
  -31.31  -35.09  -28.71  -24.89  -26.89
   -9.53   -8.17   -8.36   -3.32   -0.08
   -0.65   -5.37   -5.91    1.83    8.22
    4.83   -3.00   -7.74   -3.71    4.33
2090 2099
   47.29   19.77  -16.88  -42.37  -64.95
  -79.67  -89.30  -91.31  -90.87  -86.19
  -78.88  -88.19  -86.70  -72.58  -41.65
  -40.67  -49.71  -48.16  -34.41  -26.50
    3.64   -8.90  -23.16  -30.76  -38.36
   -4.19   -8.07  -14.21  -15.14  -18.32
  -10.28  -14.53  -18.10  -15.06  -11.40
  -14.99  -18.86  -19.36  -15.22  -11.01
