Mean monthly rainfall - Model Simulations
NaN indicates insufficient data is available
Refer to Accompanying Documentation
GRIDBOX LONGITUDES
           5
   13.75   16.25   18.75   21.25   23.75
GRIDBOX LATITUDES
           8
   23.75   21.25   18.75   16.25   13.75   11.25    8.75    6.25
MODEL CLIMATOLOGY 1970-1999 (mm)
    0.64    0.43    0.34    0.35    0.36
    0.54    0.32    0.25    0.25    0.28
    0.72    0.58    0.61    0.61    0.62
    2.67    2.95    3.26    3.05    2.79
    9.94   11.49   12.45   11.36   10.13
   25.21   27.13   28.50   27.58   25.76
   46.42   47.90   49.75   49.40   48.21
   74.40   74.28   76.96   76.57   78.61
Mean Anomalies over 10-year time slices (%)
2000 2009
  -29.99  -11.25   34.55   57.71   61.34
   -4.97    6.13    5.96   15.08   -0.89
   28.79   32.33   -3.41  -19.59  -44.77
   37.30   40.02   26.39   16.81   -1.95
   33.71   38.75   34.45   30.18   16.77
   15.28   14.43    8.80    7.00    4.07
    8.66    4.59   -1.48   -0.30    1.32
    7.87    3.52   -0.82    3.11    5.42
2010 2019
  169.38  208.06  234.44  182.86  107.48
  153.94  178.05  131.21   88.45   16.44
   67.34   26.90   -1.22    1.92   -6.99
   38.23   23.27   19.82   16.12    4.99
   43.67   36.10   32.52   24.12    7.97
   23.29   20.92   20.20   17.54   10.91
   13.47   12.52   12.78   12.27    9.05
    7.99    7.83    8.41    6.93    3.77
2020 2029
  -46.16    0.22   58.53   66.38   41.43
  -30.16   45.20  122.12  157.00  107.00
  -23.98   25.29   30.18   56.38   44.28
   -9.78   -0.88   -1.72    7.93   11.97
   -3.64   -4.04   -1.60    3.30    9.83
    1.23    3.55    7.47   12.62   15.17
    3.88    7.59   11.46   13.63   12.63
    5.91    9.46   11.99    8.41    4.28
2030 2039
  -15.49    2.33   23.08   64.47   78.18
  -21.46   -2.43   30.86   44.38   17.88
  -47.19  -31.85   -5.38  -36.50  -62.50
  -22.32  -27.92  -32.88  -46.67  -52.92
   -7.56  -23.49  -38.42  -43.64  -42.59
  -14.54  -19.55  -24.41  -26.14  -28.57
  -15.13  -16.30  -16.33  -16.67  -18.94
  -10.44  -12.18  -11.35  -10.09   -9.14
2040 2049
   37.23  107.82  155.16  128.29   79.42
   47.08   82.44   90.56   67.43   19.30
  -15.49  -32.30  -43.12  -35.13  -31.73
    0.34   13.29   17.93   32.57   37.28
   22.52   38.55   46.11   62.28   65.83
   16.25   21.08   24.28   28.43   26.71
   11.42    9.89   10.91   12.00   10.14
    7.18    2.15    3.26    5.83    6.03
2050 2059
  -32.83   -5.77   62.56   83.34   61.37
  -63.11  -45.38   -0.47   26.93    4.59
  -66.09  -76.10  -75.11  -45.35  -22.91
   10.00   17.67   10.53   23.88   30.98
   36.94   48.02   42.51   51.96   51.05
   27.47   27.69   21.71   19.97   17.57
   16.67   12.28    7.79    5.64    5.19
    3.11   -1.39   -1.25    2.61    5.14
2060 2069
  -89.40  -78.83  -59.50  -50.37  -58.35
  -93.19  -88.23  -84.01  -79.64  -84.20
  -94.91  -97.20  -98.95  -99.28  -99.15
  -50.83  -43.09  -44.69  -48.05  -47.04
  -31.57  -23.54  -23.93  -25.86  -22.75
  -11.51   -5.92   -2.69   -0.04    1.14
   -3.02   -1.10    1.62    4.71    4.02
    1.03   -3.79   -5.49   -3.59   -4.78
2070 2079
  -25.05   24.90  106.64  117.01   98.21
  -12.58   81.29  250.30  293.55  235.43
  -16.44   38.17   89.26  174.47  188.77
   47.44   60.07   62.79   87.81   96.42
   72.38   73.16   71.74   71.81   68.99
   37.84   41.16   44.61   49.01   50.17
   21.52   24.10   28.44   32.86   33.39
   14.09   15.04   18.20   16.34   12.78
2080 2089
  -45.72  -16.18   51.36   36.27   -4.68
  -71.73  -64.52  -32.73  -35.87  -57.47
  -87.02  -92.70  -89.48  -80.69  -77.88
   17.12   32.30   30.48   24.13   10.24
   56.85   70.34   70.33   62.16   44.51
   23.86   28.21   26.23   19.98   11.24
   10.89    9.96    7.81    4.56   -0.23
   10.16    8.19    9.08    7.46    2.09
2090 2099
  -55.57  -45.12  -28.17  -26.27  -39.78
  -83.24  -80.38  -70.06  -59.71  -64.78
  -87.63  -87.07  -70.56  -84.26  -92.78
  -19.07  -15.56  -15.25  -28.71  -42.90
    6.07    6.14    2.07   -6.04  -18.49
    3.80    1.74   -0.47    0.78   -0.59
    3.29   -0.58   -2.52    2.38    5.59
    5.44   -0.21   -3.12    2.13    7.00
