Mean monthly rainfall - Model Simulations
NaN indicates insufficient data is available
Refer to Accompanying Documentation
GRIDBOX LONGITUDES
           5
  -13.75  -11.25   -8.75   -6.25   -3.75
GRIDBOX LATITUDES
           5
   11.25    8.75    6.25    3.75    1.25
MODEL CLIMATOLOGY 1970-1999 (mm)
   59.92   75.22   84.72  110.59  132.55
  136.61  160.45  158.41  176.91  190.73
  209.19  222.74  215.22  219.81  218.10
  199.22  186.76  181.32  170.51  161.18
  154.46  156.61  161.07  157.75  153.46
Mean Anomalies over 10-year time slices (%)
2000 2009
  -15.09  -20.38  -19.85  -18.22  -16.77
   -8.87  -10.44   -9.40  -10.22  -10.90
   -6.69   -4.03   -2.92   -5.05   -6.61
   -5.13   -2.04   -3.46   -6.27   -4.52
    3.09    5.63    3.47    4.82    7.98
2010 2019
    2.31   -5.48   -6.24   -5.64   -1.66
    0.31   -3.19   -2.67   -3.38   -0.67
   -0.93   -1.62   -0.57    0.01    0.61
   -2.76   -1.87   -0.94    0.22    0.26
   -1.91    1.70    1.57   -0.68   -0.14
2020 2029
   37.18   29.99   29.08   24.72   19.55
   19.07   13.26   12.73   11.74    8.85
   12.90    9.91    8.37    7.42    4.98
   15.04   13.26    9.35    9.56    9.70
    8.31    6.84    6.16    8.26   10.02
2030 2039
    8.16    2.20    2.27    2.79    0.39
    7.34    1.89    0.21    0.04   -0.93
   10.68    8.18    6.87    5.92    4.00
    8.75   11.55   13.59   14.59   13.24
    0.47   -0.24   -3.38   -6.09   -4.72
2040 2049
   -0.61   -3.85   -5.04   -3.24   -1.87
   -3.41   -5.45   -4.70   -3.65   -2.27
   -4.23   -4.00   -2.30   -0.93    0.00
    0.99    4.90    3.79    4.28    4.62
    4.20    6.07    4.11    1.89    1.92
2050 2059
   35.61   25.74   24.27   21.99   14.89
   21.32   17.80   17.65   17.56   11.05
    9.37    9.97   10.88   11.80    6.91
    5.66    8.59    9.14   13.23   13.26
    4.16    8.24    5.93    6.50    7.35
2060 2069
    3.09    3.47    5.48    3.45   -1.40
    1.01   -1.01   -0.11    1.64    1.33
    2.36    1.96    1.62    4.63    6.80
    4.71    8.11    7.41   10.84   10.69
   12.46   11.94    7.32    4.32    3.20
2070 2079
   25.25   12.28    9.66    8.45    3.24
   14.30    3.36    0.27   -0.01   -2.25
    9.43    3.64    0.21    0.66    2.07
   12.42   12.94    8.06   10.13   13.27
   11.49    8.99    5.92    6.21    7.00
2080 2089
   20.77   13.53   12.14    8.13    4.61
    6.36    2.48    1.81    1.61    1.34
    2.10    1.03   -1.43   -0.84    2.04
    3.95    6.24    6.14    9.02   12.70
   14.52   15.07   14.27   14.30   14.22
2090 2099
   40.56   28.73   21.74   14.15    8.72
   10.79    5.45    5.01    6.19    6.32
    2.92   -0.17    0.25    5.73    9.51
   11.27   10.46    7.27   13.89   17.99
   13.27   12.56    5.55    6.57   11.67
