Mean temperature - Model Simulations
NaN indicates insufficient data is available
Refer to Accompanying Documentation
GRIDBOX LONGITUDES
           5
   31.25   33.75   36.25   38.75   41.25
GRIDBOX LATITUDES
           7
  -11.25  -13.75  -16.25  -18.75  -21.25  -23.75  -26.25
MODEL CLIMATOLOGY 1970-1999
  291.04  291.67  293.33  295.92  299.66
  291.74  292.52  293.56  295.70  299.67
  292.53  293.37  295.10  297.33  299.92
  292.28  294.09  297.59  299.15  299.94
  292.34  295.05  298.25  299.06  299.40
  292.36  295.86  297.83  298.15  298.25
  291.32  296.00  297.19  297.19  297.10
Mean Anomalies over 10-year time slices
2000 2009
    0.51    0.37    0.26    0.25    0.27
    0.66    0.56    0.38    0.34    0.30
    0.62    0.57    0.48    0.43    0.35
    0.58    0.47    0.50    0.50    0.43
    0.57    0.48    0.54    0.58    0.53
    0.45    0.52    0.56    0.62    0.65
    0.34    0.40    0.51    0.58    0.62
2010 2019
    0.72    0.61    0.52    0.53    0.59
    0.83    0.65    0.56    0.61    0.54
    1.08    0.75    0.50    0.51    0.45
    1.09    0.88    0.58    0.47    0.45
    0.70    0.60    0.49    0.49    0.52
    0.53    0.43    0.43    0.49    0.57
    0.44    0.33    0.36    0.44    0.56
2020 2029
    1.19    0.82    0.67    0.65    0.77
    1.66    1.17    0.78    0.74    0.82
    2.33    1.75    1.03    0.85    0.87
    2.27    1.89    1.12    0.83    0.88
    1.89    1.58    0.84    0.76    0.91
    1.43    1.17    0.67    0.68    0.83
    0.97    0.69    0.59    0.63    0.69
2030 2039
    1.19    1.11    1.06    1.05    0.90
    1.24    1.12    1.08    1.04    0.95
    1.43    1.20    1.02    1.00    1.02
    1.32    1.23    1.16    1.08    1.09
    1.34    1.32    1.16    1.16    1.21
    1.41    1.27    1.13    1.21    1.30
    1.41    1.10    1.08    1.19    1.27
2040 2049
    1.78    1.72    1.66    1.69    1.47
    2.23    2.14    1.98    1.84    1.48
    2.64    2.47    2.13    1.84    1.50
    2.38    2.29    1.80    1.57    1.52
    2.15    2.07    1.59    1.54    1.55
    2.16    1.82    1.49    1.53    1.60
    2.01    1.61    1.43    1.50    1.57
2050 2059
    2.17    1.87    1.72    1.70    1.55
    2.54    2.17    1.88    1.80    1.64
    3.07    2.63    2.08    1.84    1.78
    3.19    2.81    2.11    1.79    1.86
    3.11    2.79    1.84    1.72    1.88
    2.67    2.42    1.66    1.62    1.79
    2.00    1.70    1.47    1.50    1.59
2060 2069
    2.54    2.35    2.22    2.10    1.94
    2.71    2.52    2.31    2.22    1.95
    3.10    2.69    2.31    2.18    1.97
    3.00    2.73    2.16    1.95    2.03
    2.62    2.67    1.93    1.86    2.10
    2.29    2.38    1.80    1.76    1.93
    2.03    1.87    1.64    1.63    1.67
2070 2079
    2.67    2.50    2.38    2.24    2.08
    2.54    2.48    2.39    2.34    2.11
    2.67    2.35    2.24    2.24    2.14
    3.08    2.51    2.16    2.16    2.19
    3.15    2.67    2.14    2.17    2.27
    3.02    2.58    2.06    2.09    2.21
    2.53    2.10    1.89    1.95    2.05
2080 2089
    3.15    2.98    2.85    2.76    2.27
    3.12    2.93    2.88    2.72    2.28
    3.35    3.06    2.87    2.65    2.33
    3.34    3.04    2.64    2.49    2.46
    3.29    3.00    2.46    2.49    2.62
    3.11    2.84    2.39    2.47    2.65
    2.78    2.40    2.25    2.36    2.49
2090 2099
    3.35    3.21    3.07    2.84    2.44
    3.50    3.40    3.21    2.99    2.52
    3.90    3.52    3.21    2.95    2.65
    4.15    3.49    2.93    2.67    2.73
    4.29    3.62    2.67    2.61    2.82
    4.18    3.41    2.50    2.50    2.74
    3.49    2.70    2.28    2.33    2.44
