Mean temperature - Model Simulations
NaN indicates insufficient data is available
Refer to Accompanying Documentation
GRIDBOX LONGITUDES
           5
   31.25   33.75   36.25   38.75   41.25
GRIDBOX LATITUDES
           7
  -11.25  -13.75  -16.25  -18.75  -21.25  -23.75  -26.25
MODEL CLIMATOLOGY 1970-1999
  286.29  286.96  288.61  291.25  293.23
  285.93  286.71  288.17  290.33  292.11
  285.83  286.93  288.29  289.90  291.20
  286.10  287.84  289.45  290.93  291.15
  286.35  288.84  290.53  291.43  290.77
  286.47  289.77  291.35  291.23  290.05
  285.91  289.70  291.37  290.94  290.08
Mean Anomalies over 10-year time slices
2000 2009
    0.52    0.49    0.49    0.50    0.51
    0.47    0.44    0.42    0.41    0.43
    0.43    0.42    0.39    0.33    0.36
    0.35    0.36    0.38    0.38    0.41
    0.26    0.33    0.37    0.40    0.42
    0.17    0.31    0.38    0.36    0.37
    0.17    0.32    0.36    0.32    0.30
2010 2019
    0.97    0.87    0.79    0.73    0.65
    1.00    0.91    0.85    0.82    0.76
    1.01    0.95    0.91    0.90    0.86
    0.99    0.94    0.89    0.84    0.87
    0.98    0.90    0.83    0.77    0.82
    1.00    0.85    0.75    0.71    0.74
    1.00    0.83    0.72    0.65    0.65
2020 2029
    1.47    1.42    1.35    1.24    1.15
    1.45    1.42    1.37    1.30    1.22
    1.40    1.44    1.42    1.34    1.27
    1.30    1.32    1.27    1.14    1.15
    1.19    1.14    1.06    0.95    1.01
    1.09    0.92    0.83    0.82    0.87
    1.00    0.83    0.74    0.74    0.75
2030 2039
    1.56    1.58    1.46    1.22    1.05
    1.55    1.58    1.49    1.27    1.11
    1.49    1.57    1.51    1.32    1.19
    1.27    1.34    1.30    1.16    1.14
    1.14    1.17    1.14    1.04    1.09
    1.14    1.11    1.06    1.01    1.06
    1.22    1.20    1.13    1.04    1.02
2040 2049
    1.51    1.49    1.44    1.35    1.28
    1.56    1.55    1.52    1.48    1.41
    1.61    1.63    1.63    1.61    1.56
    1.51    1.54    1.50    1.40    1.44
    1.37    1.36    1.31    1.21    1.34
    1.21    1.13    1.10    1.10    1.27
    1.16    1.08    1.03    1.00    1.08
2050 2059
    1.64    1.55    1.52    1.55    1.53
    1.65    1.62    1.61    1.62    1.58
    1.66    1.71    1.71    1.67    1.61
    1.55    1.61    1.57    1.45    1.47
    1.48    1.48    1.41    1.27    1.33
    1.46    1.35    1.25    1.16    1.23
    1.47    1.33    1.20    1.07    1.06
2060 2069
    2.22    2.22    2.18    2.11    1.99
    2.18    2.19    2.16    2.10    1.97
    2.14    2.18    2.16    2.08    1.97
    2.05    2.10    2.05    1.90    1.87
    2.00    1.98    1.90    1.77    1.82
    1.99    1.85    1.75    1.71    1.80
    1.99    1.80    1.67    1.60    1.62
2070 2079
    2.20    2.22    2.21    2.19    2.04
    2.13    2.13    2.10    2.04    1.90
    2.09    2.10    2.05    1.92    1.80
    2.03    2.01    1.93    1.80    1.78
    2.08    1.97    1.85    1.73    1.77
    2.26    1.99    1.81    1.72    1.76
    2.50    2.13    1.87    1.73    1.69
2080 2089
    2.74    2.63    2.60    2.65    2.51
    2.76    2.68    2.63    2.63    2.48
    2.73    2.70    2.64    2.52    2.38
    2.48    2.46    2.36    2.16    2.13
    2.28    2.19    2.04    1.85    1.91
    2.14    1.91    1.75    1.64    1.73
    2.06    1.83    1.65    1.52    1.52
2090 2099
    2.58    2.50    2.38    2.21    2.03
    2.70    2.61    2.47    2.28    2.09
    2.80    2.73    2.58    2.36    2.18
    2.70    2.60    2.44    2.20    2.16
    2.61    2.43    2.24    2.06    2.12
    2.56    2.24    2.05    1.98    2.07
    2.44    2.17    1.99    1.90    1.91
