Mean monthly rainfall - Model Simulations
NaN indicates insufficient data is available
Refer to Accompanying Documentation
GRIDBOX LONGITUDES
           5
   31.25   33.75   36.25   38.75   41.25
GRIDBOX LATITUDES
           7
  -11.25  -13.75  -16.25  -18.75  -21.25  -23.75  -26.25
MODEL CLIMATOLOGY 1970-1999 (mm)
    2.68    6.16   11.42   17.42   22.44
    2.74    5.51   10.01   14.78   17.88
    2.88    5.77   12.08   16.32   16.95
    3.98    8.15   21.88   23.91   14.27
    5.18    7.85   17.20   18.57   11.94
   10.60   11.66   16.72   18.57   16.34
   24.14   27.67   26.17   27.39   30.76
Mean Anomalies over 10-year time slices (mm)
2000 2009
    0.35    0.29   -0.17   -0.60   -0.69
    0.70    0.98    0.80    0.57    0.35
    0.11    0.27    0.67    1.02    1.14
   -1.09   -1.19   -0.66   -0.32   -0.23
   -2.31   -2.34   -2.48   -1.87   -0.66
   -4.13   -3.49   -4.62   -3.38    0.05
   -6.87   -4.97   -4.87   -4.43   -3.01
2010 2019
   -0.07   -0.12   -0.31   -0.75   -1.01
    0.07   -0.13   -0.96   -1.86   -2.40
   -0.25   -0.83   -1.12   -1.13   -0.97
   -0.94   -1.42    0.26    0.68   -0.53
   -1.88   -2.15   -1.85   -1.30   -0.86
   -3.13   -2.66   -4.25   -4.29   -2.52
   -1.17   -4.48   -6.48   -6.29   -4.01
2020 2029
    0.46    0.89    1.40    2.27    3.20
    0.18    0.23    0.28    0.63    1.22
    0.06   -0.25   -0.47   -0.04    1.04
   -0.20   -0.73   -0.51   -0.09    0.61
    1.07   -0.64   -2.02   -2.11   -0.97
    0.32   -0.88   -3.40   -4.11   -2.77
   -0.50   -3.25   -5.80   -5.99   -3.80
2030 2039
    0.08    0.18    0.25   -0.66   -2.06
    0.58    0.67    0.63    0.03   -0.79
    1.35    1.31    2.72    2.99    2.00
    3.64    3.90    7.55    6.65    1.53
    5.65    5.07    4.29    1.95   -1.10
    2.25    1.32   -0.71   -2.39   -3.08
   -3.34   -4.48   -5.38   -5.70   -4.92
2040 2049
   -0.44   -0.69   -1.38   -3.01   -5.01
   -0.09   -0.06   -0.58   -1.60   -2.76
   -0.19   -0.25    0.05   -0.18   -0.89
    0.52    0.64    3.66    3.73    0.87
    1.61    0.55    2.18    1.93   -0.20
   -2.65   -2.41   -3.51   -3.35   -1.81
   -8.74  -13.10  -11.58   -8.37   -4.58
2050 2059
   -0.05    0.07   -0.04   -0.11   -0.14
    0.45    0.67    0.08    0.60    1.95
    0.74    0.92    0.12    0.35    1.58
   -0.59   -0.21    0.49    0.68    0.52
   -2.10   -1.94   -2.13   -1.51   -0.18
   -4.94   -4.02   -4.56   -3.23   -0.26
   -8.63   -8.68   -8.28   -5.46   -0.96
2060 2069
    0.44    0.91    1.30    1.08    0.67
    0.82    1.55    1.48    0.86    0.00
    0.93    1.62    1.66    1.69    1.63
    0.18    1.01    3.34    3.40    1.17
   -1.68   -1.22   -0.42    0.09    0.24
   -5.17   -3.57   -3.25   -2.35   -0.76
   -9.86   -8.25   -5.77   -3.53   -1.78
2070 2079
    0.43    1.27    2.19    2.33    1.97
    0.51    1.10    1.21    0.71   -0.10
    0.36    0.51    1.66    1.66    0.50
    0.12    0.23    2.61    2.00   -1.53
   -0.04   -0.57   -0.55   -1.66   -3.65
   -4.07   -2.84   -3.31   -4.26   -5.16
  -12.14  -12.61  -10.36   -8.31   -6.74
2080 2089
    0.26    0.36    0.82    2.07    3.41
    0.30    0.40    1.05    2.06    2.88
    0.08    0.11   -0.55   -0.45    0.31
   -0.84   -1.12   -2.96   -3.25   -2.02
   -2.18   -2.30   -5.50   -6.08   -3.77
   -6.28   -5.83   -8.23   -8.37   -5.90
  -10.57  -10.64  -11.62  -11.52   -9.80
2090 2099
   -0.68   -1.17   -1.94   -1.99   -0.98
   -0.54   -1.13   -1.96   -1.68   -0.18
   -0.43   -0.94   -1.78   -1.10    1.03
   -1.09   -2.02   -1.63   -0.76    0.24
   -1.53   -2.69   -4.16   -4.01   -2.13
   -1.75   -2.37   -4.47   -5.42   -4.50
   -5.42   -9.41   -8.28   -8.40   -9.83
