Mean temperature - Model Simulations
NaN indicates insufficient data is available
Refer to Accompanying Documentation
GRIDBOX LONGITUDES
           5
   31.25   33.75   36.25   38.75   41.25
GRIDBOX LATITUDES
           7
  -11.25  -13.75  -16.25  -18.75  -21.25  -23.75  -26.25
MODEL CLIMATOLOGY 1970-1999
  296.41  295.93  296.75  298.95  297.87
  297.72  297.12  297.65  299.35  297.87
  296.53  297.74  299.31  299.51  298.12
  295.85  297.90  298.97  298.27  298.00
  296.01  297.44  297.46  297.25  297.82
  294.53  296.56  296.63  296.26  296.85
  291.84  295.00  295.37  294.54  294.66
Mean Anomalies over 10-year time slices
2000 2009
    0.07    0.12    0.04   -0.03    0.01
    0.14    0.18    0.03   -0.08    0.01
    0.17    0.29    0.18    0.05    0.07
    0.17    0.30    0.28    0.21    0.19
    0.18    0.29    0.32    0.33    0.30
    0.21    0.31    0.35    0.41    0.40
    0.23    0.30    0.31    0.38    0.44
2010 2019
    0.25    0.54    0.48    0.34    0.38
    0.26    0.53    0.53    0.38    0.37
    0.20    0.41    0.48    0.37    0.32
    0.34    0.42    0.40    0.31    0.29
    0.46    0.43    0.34    0.29    0.32
    0.38    0.36    0.30    0.25    0.29
    0.25    0.27    0.29    0.25    0.25
2020 2029
    0.45    0.48    0.37    0.36    0.48
    0.55    0.61    0.43    0.34    0.47
    0.65    0.70    0.52    0.42    0.44
    0.91    0.75    0.50    0.41    0.40
    1.42    1.00    0.54    0.45    0.52
    1.48    1.02    0.58    0.48    0.57
    1.03    0.72    0.58    0.53    0.55
2030 2039
    0.86    0.84    0.85    0.75    0.58
    0.92    0.96    0.90    0.75    0.58
    0.96    1.04    0.93    0.74    0.57
    1.11    1.00    0.76    0.59    0.51
    1.38    1.04    0.68    0.55    0.59
    1.35    0.98    0.68    0.58    0.66
    0.92    0.72    0.61    0.55    0.59
2040 2049
    0.94    1.09    1.11    0.97    0.91
    0.82    0.95    1.07    1.02    0.92
    0.72    0.74    0.84    0.92    0.89
    0.81    0.77    0.76    0.79    0.83
    1.10    0.95    0.76    0.71    0.83
    1.23    0.98    0.68    0.58    0.71
    1.11    0.79    0.55    0.46    0.54
2050 2059
    1.67    1.72    1.57    1.42    1.19
    1.86    1.92    1.72    1.47    1.18
    1.90    1.89    1.65    1.38    1.13
    2.00    1.74    1.28    1.02    1.00
    2.16    1.74    1.14    0.94    1.06
    1.95    1.57    1.09    0.91    1.01
    1.43    1.18    0.99    0.86    0.86
2060 2069
    1.61    1.66    1.64    1.50    1.33
    1.71    1.76    1.76    1.60    1.32
    1.82    1.88    1.81    1.58    1.26
    1.97    1.83    1.50    1.30    1.23
    2.23    1.87    1.38    1.30    1.44
    2.21    1.82    1.40    1.29    1.40
    1.73    1.52    1.33    1.18    1.19
2070 2079
    2.14    2.08    1.98    1.80    1.59
    2.46    2.39    2.12    1.81    1.56
    2.81    2.68    2.26    1.82    1.52
    3.21    2.64    1.88    1.54    1.46
    3.62    2.75    1.72    1.56    1.73
    3.37    2.65    1.81    1.64    1.85
    2.41    2.05    1.80    1.64    1.65
2080 2089
    1.98    2.09    1.96    1.69    1.60
    2.22    2.35    2.13    1.74    1.55
    2.57    2.66    2.28    1.79    1.51
    3.02    2.68    1.92    1.55    1.47
    3.69    2.87    1.80    1.61    1.77
    3.60    2.76    1.91    1.73    1.86
    2.67    2.16    1.95    1.83    1.75
2090 2099
    2.44    2.44    2.43    2.24    1.96
    2.57    2.59    2.51    2.27    1.93
    2.70    2.66    2.51    2.18    1.84
    2.91    2.60    2.17    1.83    1.75
    3.22    2.68    2.05    1.82    1.98
    3.21    2.62    2.05    1.85    1.98
    2.73    2.18    1.91    1.78    1.82
