Mean temperature - Model Simulations
NaN indicates insufficient data is available
Refer to Accompanying Documentation
GRIDBOX LONGITUDES
           5
   31.25   33.75   36.25   38.75   41.25
GRIDBOX LATITUDES
           7
  -11.25  -13.75  -16.25  -18.75  -21.25  -23.75  -26.25
MODEL CLIMATOLOGY 1970-1999
  297.42  297.03  296.20  296.71  298.55
  298.42  298.07  296.39  296.61  298.74
  297.22  297.35  297.34  297.94  299.13
  296.11  296.67  297.97  298.78  299.12
  296.24  296.91  297.48  297.89  298.13
  294.51  295.44  296.43  296.86  296.73
  292.44  293.70  295.23  295.70  295.11
Mean Anomalies over 10-year time slices
2000 2009
    1.32    1.26    0.93    0.67    0.48
    1.45    1.33    0.95    0.68    0.50
    1.41    1.26    0.93    0.69    0.55
    1.35    1.18    0.91    0.72    0.61
    1.31    1.15    0.94    0.79    0.71
    1.21    1.10    0.94    0.83    0.77
    1.06    1.02    0.91    0.83    0.79
2010 2019
    1.79    1.61    1.16    0.83    0.62
    1.58    1.41    1.11    0.85    0.62
    1.57    1.33    1.02    0.79    0.64
    1.66    1.36    0.97    0.74    0.68
    1.84    1.54    1.01    0.74    0.74
    1.66    1.41    0.94    0.72    0.75
    1.30    1.15    0.83    0.69    0.74
2020 2029
    1.96    1.82    1.42    1.07    0.77
    1.96    1.80    1.45    1.11    0.77
    1.89    1.68    1.31    1.00    0.75
    1.86    1.61    1.18    0.89    0.75
    1.96    1.69    1.14    0.84    0.80
    1.78    1.53    1.06    0.81    0.80
    1.46    1.25    0.94    0.78    0.75
2030 2039
    2.58    2.38    1.79    1.36    1.07
    2.26    2.04    1.64    1.31    1.05
    1.99    1.70    1.38    1.16    1.05
    1.77    1.45    1.18    1.05    1.05
    1.62    1.41    1.16    1.04    1.04
    1.39    1.27    1.10    1.01    0.98
    1.15    1.08    1.02    0.95    0.90
2040 2049
    2.15    1.99    1.58    1.32    1.19
    2.02    1.84    1.56    1.37    1.26
    1.82    1.63    1.40    1.26    1.22
    1.63    1.45    1.26    1.17    1.18
    1.48    1.35    1.23    1.18    1.20
    1.34    1.24    1.17    1.14    1.16
    1.21    1.13    1.09    1.09    1.11
2050 2059
    3.10    2.85    2.23    1.73    1.34
    2.95    2.70    2.21    1.76    1.36
    2.83    2.51    2.00    1.61    1.34
    2.63    2.27    1.79    1.48    1.35
    2.28    1.98    1.66    1.49    1.44
    2.01    1.77    1.61    1.52    1.49
    1.80    1.62    1.57    1.53    1.50
2060 2069
    3.47    3.24    2.67    2.17    1.72
    3.21    2.96    2.54    2.14    1.78
    3.04    2.66    2.20    1.89    1.72
    2.81    2.37    1.90    1.67    1.66
    2.46    2.13    1.80    1.64    1.64
    2.21    1.97    1.71    1.59    1.59
    2.02    1.83    1.61    1.51    1.52
2070 2079
    3.72    3.50    2.86    2.32    1.87
    3.50    3.26    2.74    2.28    1.87
    3.34    2.98    2.48    2.11    1.87
    3.19    2.75    2.27    1.99    1.90
    3.01    2.65    2.23    2.01    1.99
    2.70    2.41    2.12    1.97    1.96
    2.35    2.13    1.98    1.90    1.89
2080 2089
    4.07    3.83    3.12    2.55    2.12
    3.80    3.52    3.00    2.54    2.15
    3.62    3.20    2.68    2.32    2.11
    3.52    3.01    2.44    2.14    2.08
    3.51    3.09    2.46    2.14    2.12
    3.12    2.78    2.33    2.10    2.09
    2.61    2.32    2.13    2.03    2.02
2090 2099
    4.42    4.23    3.56    2.91    2.29
    3.95    3.76    3.29    2.79    2.27
    3.68    3.40    2.89    2.50    2.23
    3.44    3.11    2.59    2.30    2.22
    3.18    2.91    2.55    2.34    2.30
    2.88    2.66    2.48    2.37    2.33
    2.60    2.42    2.39    2.35    2.32
