Mean temperature - Model Simulations
NaN indicates insufficient data is available
Refer to Accompanying Documentation
GRIDBOX LONGITUDES
           5
   31.25   33.75   36.25   38.75   41.25
GRIDBOX LATITUDES
           7
  -11.25  -13.75  -16.25  -18.75  -21.25  -23.75  -26.25
MODEL CLIMATOLOGY 1970-1999
  293.69  293.38  294.91  298.21  298.67
  294.47  294.07  295.18  298.16  298.60
  293.21  294.57  296.88  298.58  298.78
  292.85  295.70  298.44  298.86  298.81
  293.29  295.93  297.86  298.12  298.25
  292.73  295.93  297.19  297.15  297.41
  291.03  295.45  296.16  295.57  295.86
Mean Anomalies over 10-year time slices
2000 2009
    0.01    0.07    0.06    0.02    0.06
    0.02    0.10    0.06   -0.03    0.04
    0.09    0.23    0.19    0.06    0.09
    0.07    0.19    0.19    0.14    0.13
    0.07    0.11    0.15    0.17    0.18
    0.13    0.14    0.17    0.22    0.25
    0.14    0.15    0.15    0.21    0.28
2010 2019
    0.24    0.41    0.35    0.20    0.30
    0.20    0.37    0.38    0.25    0.30
    0.21    0.31    0.34    0.27    0.30
    0.38    0.36    0.30    0.28    0.32
    0.48    0.42    0.30    0.28    0.35
    0.40    0.39    0.30    0.26    0.31
    0.38    0.36    0.32    0.27    0.27
2020 2029
    0.56    0.61    0.46    0.36    0.47
    0.57    0.65    0.53    0.42    0.48
    0.60    0.61    0.53    0.50    0.52
    0.72    0.61    0.50    0.51    0.55
    0.98    0.77    0.50    0.47    0.60
    1.00    0.78    0.48    0.39    0.51
    0.81    0.61    0.44    0.38    0.40
2030 2039
    0.93    1.02    1.06    0.87    0.63
    0.93    0.99    1.02    0.93    0.69
    0.90    0.94    0.93    0.88    0.73
    0.98    0.95    0.82    0.76    0.74
    1.14    1.00    0.76    0.71    0.80
    1.05    0.90    0.72    0.67    0.78
    0.82    0.70    0.62    0.59    0.66
2040 2049
    0.99    1.04    0.88    0.74    0.84
    0.91    0.98    0.88    0.75    0.84
    0.86    0.84    0.79    0.74    0.84
    0.95    0.82    0.70    0.69    0.82
    1.15    0.92    0.64    0.57    0.75
    1.08    0.86    0.53    0.39    0.54
    0.89    0.64    0.40    0.33    0.40
2050 2059
    1.49    1.48    1.36    1.30    1.18
    1.52    1.62    1.52    1.36    1.18
    1.55    1.62    1.50    1.28    1.13
    1.66    1.52    1.21    1.02    1.07
    1.76    1.48    1.05    0.94    1.11
    1.61    1.37    1.00    0.88    1.03
    1.39    1.15    0.95    0.87    0.91
2060 2069
    1.73    1.70    1.48    1.26    1.22
    1.80    1.80    1.65    1.42    1.26
    1.83    1.78    1.62    1.42    1.28
    1.98    1.77    1.42    1.27    1.30
    2.24    1.91    1.36    1.23    1.38
    2.10    1.80    1.34    1.18    1.31
    1.70    1.47    1.26    1.15    1.16
2070 2079
    2.24    2.19    2.18    2.06    1.66
    2.29    2.27    2.16    2.01    1.65
    2.35    2.33    2.12    1.87    1.61
    2.51    2.25    1.82    1.60    1.57
    2.64    2.22    1.65    1.54    1.71
    2.47    2.10    1.62    1.51    1.71
    2.15    1.82    1.57    1.49    1.55
2080 2089
    2.02    2.10    1.91    1.64    1.60
    2.01    2.17    1.96    1.62    1.57
    2.04    2.12    1.89    1.61    1.57
    2.34    2.10    1.64    1.49    1.56
    2.86    2.28    1.51    1.40    1.63
    2.79    2.16    1.46    1.31    1.52
    2.27    1.78    1.46    1.35    1.35
2090 2099
    2.44    2.44    2.33    2.21    1.98
    2.46    2.53    2.35    2.13    1.93
    2.43    2.43    2.25    2.01    1.88
    2.61    2.34    2.00    1.84    1.84
    2.86    2.43    1.88    1.74    1.91
    2.79    2.32    1.80    1.65    1.82
    2.52    2.01    1.68    1.60    1.67
