Mean temperature - Model Simulations
NaN indicates insufficient data is available
Refer to Accompanying Documentation
GRIDBOX LONGITUDES
           5
   31.25   33.75   36.25   38.75   41.25
GRIDBOX LATITUDES
           7
  -11.25  -13.75  -16.25  -18.75  -21.25  -23.75  -26.25
MODEL CLIMATOLOGY 1970-1999
  291.29  291.32  292.91  295.75  299.29
  292.46  292.39  293.16  295.38  299.24
  292.99  293.58  294.88  297.13  299.52
  292.53  294.32  297.28  298.86  299.59
  293.29  295.62  298.01  298.65  298.97
  292.66  295.76  297.53  297.77  297.85
  290.42  295.51  296.80  296.70  296.71
Mean Anomalies over 10-year time slices
2000 2009
    0.39    0.62    0.70    0.63    0.47
    0.35    0.47    0.60    0.60    0.47
    0.32    0.35    0.48    0.54    0.49
    0.29    0.32    0.45    0.49    0.50
    0.08    0.25    0.48    0.52    0.51
   -0.16    0.10    0.45    0.50    0.50
   -0.02    0.20    0.41    0.43    0.45
2010 2019
    1.17    1.06    0.89    0.79    0.75
    1.18    1.18    1.05    0.89    0.76
    0.98    1.13    1.01    0.86    0.76
    0.65    0.99    0.85    0.70    0.72
    0.32    0.75    0.63    0.56    0.65
    0.04    0.48    0.51    0.48    0.55
    0.11    0.42    0.47    0.45    0.50
2020 2029
    1.48    1.47    1.42    1.25    0.92
    1.26    1.32    1.39    1.29    0.98
    1.15    1.26    1.39    1.29    1.10
    1.37    1.35    1.25    1.14    1.21
    1.38    1.41    1.12    1.08    1.24
    1.21    1.15    1.03    1.03    1.13
    0.97    0.90    0.94    0.97    1.01
2030 2039
    1.58    1.51    1.36    1.30    1.13
    1.65    1.64    1.50    1.32    1.14
    1.82    1.81    1.68    1.41    1.20
    1.50    1.54    1.37    1.20    1.17
    1.13    1.15    1.03    1.02    1.13
    0.91    0.97    0.93    0.93    1.03
    0.95    0.90    0.87    0.86    0.92
2040 2049
    2.21    2.01    1.75    1.51    1.29
    2.34    2.16    1.84    1.51    1.29
    2.48    2.37    1.99    1.54    1.35
    2.58    2.43    1.82    1.43    1.38
    2.68    2.33    1.51    1.34    1.41
    2.21    1.93    1.38    1.32    1.43
    1.70    1.43    1.24    1.25    1.32
2050 2059
    2.71    2.57    2.37    2.17    1.81
    2.94    2.83    2.57    2.25    1.86
    3.09    3.08    2.79    2.34    1.95
    3.00    2.93    2.32    1.89    1.89
    2.84    2.60    1.75    1.57    1.82
    2.58    2.24    1.57    1.45    1.63
    2.20    1.84    1.48    1.38    1.45
2060 2069
    3.22    3.10    2.85    2.56    1.99
    3.33    3.17    2.83    2.48    1.97
    3.43    3.19    2.80    2.36    2.02
    3.46    3.11    2.44    2.07    2.06
    3.58    2.92    2.05    1.93    2.08
    3.35    2.64    1.94    1.89    2.01
    2.80    2.18    1.87    1.88    1.94
2070 2079
    3.36    3.23    2.96    2.69    2.37
    3.67    3.60    3.26    2.89    2.48
    3.79    3.84    3.58    3.08    2.64
    3.68    3.70    3.20    2.74    2.69
    3.66    3.49    2.68    2.53    2.74
    3.45    3.14    2.55    2.51    2.68
    3.04    2.62    2.43    2.45    2.54
2080 2089
    3.29    3.16    2.97    2.91    2.66
    3.47    3.50    3.33    3.09    2.73
    3.64    3.74    3.54    3.21    2.86
    3.75    3.79    3.25    2.89    2.89
    3.86    3.71    2.86    2.71    2.86
    3.40    3.22    2.67    2.65    2.79
    2.86    2.63    2.52    2.57    2.68
2090 2099
    4.47    4.38    4.00    3.54    2.78
    4.72    4.81    4.57    3.98    2.96
    4.66    4.92    4.73    4.03    3.16
    4.37    4.55    3.85    3.20    3.14
    4.16    4.12    3.04    2.82    3.11
    3.65    3.61    2.86    2.76    2.97
    3.26    3.03    2.75    2.70    2.79
