Mean monthly rainfall - Model Simulations
NaN indicates insufficient data is available
Refer to Accompanying Documentation
GRIDBOX LONGITUDES
           5
   31.25   33.75   36.25   38.75   41.25
GRIDBOX LATITUDES
           7
  -11.25  -13.75  -16.25  -18.75  -21.25  -23.75  -26.25
MODEL CLIMATOLOGY 1970-1999 (mm)
   54.55   40.98   26.29   30.82   50.86
   28.91   26.73   20.58   30.39   52.30
   22.62   24.70   20.34   32.04   57.28
   28.76   30.54   28.42   38.85   61.10
   37.74   36.74   36.88   43.26   56.26
   46.79   40.43   41.58   40.61   37.51
   78.89   59.46   50.91   42.40   33.55
Mean Anomalies over 10-year time slices (mm)
2000 2009
   -1.55   -6.48   -2.56   -1.69   -4.33
    3.68    0.13    0.14   -2.15   -6.07
    7.77    6.46    5.23   -0.38   -8.30
    8.81    8.25    5.13   -0.63   -6.70
    7.53    6.97    2.90   -1.37   -3.98
    3.88    2.84    0.07   -1.63   -1.53
    1.56   -0.12   -0.79   -0.66    0.15
2010 2019
  -13.01   -8.67   -3.27   -1.55   -3.13
   -7.71   -5.30   -4.46   -5.41   -7.01
   -5.95   -6.11   -5.00   -5.08   -5.89
   -6.12   -7.54   -5.68   -2.92   -0.64
   -5.71   -6.86   -5.05   -0.91    3.36
   -2.59   -1.74   -1.67    0.06    2.90
    7.84    6.72    4.67    4.07    4.85
2020 2029
    2.66    1.24    0.73   -0.06   -1.22
    0.36    0.04   -0.76   -1.06   -0.81
    1.14   -1.16   -0.52    0.31    0.79
   -0.78   -2.45    0.29    2.90    3.78
   -1.11   -2.25    0.87    3.84    4.75
    3.35    0.76    0.75    1.14    1.34
   10.30    4.25    0.74   -0.76   -0.65
2030 2039
    7.09    6.83    3.93   -1.51   -8.09
   -0.83    1.61    1.12   -2.44   -7.44
   -3.11   -4.74   -4.03   -5.35   -7.52
   -4.70   -7.40   -5.26   -4.26   -4.31
   -4.60   -6.53   -3.88   -1.79   -0.82
   -1.96   -1.77   -0.38    0.59    1.09
   -2.34   -1.53   -0.26    0.91    1.96
2040 2049
    6.81   13.78   12.91    7.88    0.91
    3.41    4.47    6.66    5.24    0.63
    3.83    4.69    8.77    7.95    2.37
    2.62    4.09    6.66    6.69    4.46
    2.13    3.79    3.91    4.04    4.69
    3.76    4.50    2.67    1.50    1.65
    2.73    2.79    1.98    1.54    1.87
2050 2059
   -4.54  -10.40   -6.84   -7.10  -11.75
   -0.74   -5.38   -5.77   -7.83  -11.36
    1.10   -3.66   -3.43   -4.05   -6.13
    1.50    0.07   -0.06   -0.25   -0.98
    1.99    2.45    2.26    2.39    2.57
    2.91    0.64    1.72    2.71    3.05
   -2.78   -6.78   -3.19   -0.38    0.48
2060 2069
   -7.34   -2.96   -1.09   -2.33   -5.61
   -3.99   -1.90   -2.51   -5.36   -9.25
   -1.16   -2.40   -3.00   -4.42   -6.45
   -1.85   -2.32   -2.51   -3.01   -3.70
   -4.19   -3.35   -3.07   -3.00   -2.89
   -7.28   -6.74   -6.18   -5.85   -5.48
   -8.22   -9.36   -9.95   -9.51   -8.00
2070 2079
   -2.52  -11.86   -9.92   -9.75  -12.48
   -0.15   -6.01   -6.96   -8.56  -11.01
    3.88   -2.22   -3.74   -4.50   -5.08
    0.29   -1.75    0.09    1.61    1.85
   -4.53   -2.48    2.14    5.17    5.56
   -6.96   -3.48    0.51    2.82    2.85
   -8.53   -4.73   -2.04   -0.23    0.52
2080 2089
    6.86    0.44    1.85    2.30    0.95
    3.05   -0.03   -0.94   -1.07   -0.65
   -0.62   -4.82   -4.22   -2.06    0.61
    1.00   -5.16   -3.92   -0.03    4.61
    4.26   -2.90   -1.76    2.08    6.52
    7.79    1.55    1.59    2.55    3.27
   15.89    7.43    4.17    3.16    3.26
2090 2099
   -0.76   -5.04   -3.89   -5.59  -10.38
   -3.07   -4.38   -3.91   -6.08  -10.27
   -3.99   -3.75   -2.19   -2.66   -4.70
   -5.28   -4.90   -1.81   -0.82   -2.01
   -6.52   -6.28   -2.10   -0.22   -1.22
   -7.38   -7.09   -3.04   -1.13   -2.16
   -7.87   -8.53   -6.50   -4.67   -3.83
