Mean temperature - Model Simulations
NaN indicates insufficient data is available
Refer to Accompanying Documentation
GRIDBOX LONGITUDES
           5
   31.25   33.75   36.25   38.75   41.25
GRIDBOX LATITUDES
           7
  -11.25  -13.75  -16.25  -18.75  -21.25  -23.75  -26.25
MODEL CLIMATOLOGY 1970-1999
  294.16  295.54  297.32  299.67  300.71
  297.00  297.02  297.60  299.17  300.31
  297.80  298.80  300.20  300.44  300.79
  296.06  299.29  301.97  301.20  301.39
  297.94  300.71  301.83  300.76  301.33
  298.37  301.03  301.01  299.95  300.73
  295.01  299.31  299.95  299.18  299.57
Mean Anomalies over 10-year time slices
2000 2009
    0.49    0.34    0.23    0.26    0.37
    0.44    0.42    0.34    0.32    0.31
    0.29    0.26    0.22    0.22    0.17
    0.26    0.04   -0.01    0.10    0.12
    0.33    0.09    0.08    0.13    0.20
    0.34    0.18    0.14    0.12    0.26
    0.26    0.10    0.04    0.05    0.17
2010 2019
    0.42    0.39    0.42    0.35    0.22
    0.31    0.34    0.37    0.31    0.27
    0.12    0.15    0.24    0.27    0.27
    0.29    0.19    0.23    0.35    0.33
    0.42    0.32    0.37    0.51    0.45
    0.36    0.40    0.51    0.63    0.58
    0.31    0.40    0.53    0.62    0.60
2020 2029
    0.83    0.76    0.71    0.76    0.78
    0.80    0.74    0.70    0.70    0.71
    0.69    0.64    0.64    0.61    0.61
    0.68    0.59    0.56    0.60    0.58
    0.69    0.55    0.56    0.56    0.51
    0.66    0.55    0.57    0.52    0.52
    0.63    0.53    0.51    0.47    0.50
2030 2039
    1.43    1.28    1.07    0.96    0.92
    1.62    1.40    1.23    1.12    0.97
    1.76    1.46    1.21    1.02    0.86
    1.76    1.35    0.91    0.81    0.79
    1.64    1.12    0.76    0.71    0.75
    1.44    0.93    0.70    0.63    0.72
    1.17    0.76    0.61    0.57    0.67
2040 2049
    1.89    1.75    1.65    1.63    1.32
    1.99    1.81    1.66    1.57    1.22
    2.10    1.80    1.50    1.28    1.06
    2.21    1.75    1.18    1.01    0.97
    2.16    1.60    1.11    1.02    1.04
    1.98    1.46    1.15    1.11    1.16
    1.65    1.23    1.10    1.16    1.23
2050 2059
    2.26    2.37    2.33    2.12    1.63
    2.21    2.33    2.47    2.34    1.67
    2.14    2.13    2.19    2.08    1.56
    2.17    1.88    1.58    1.47    1.34
    2.35    1.82    1.43    1.33    1.27
    2.41    1.72    1.36    1.29    1.25
    2.11    1.44    1.19    1.19    1.19
2060 2069
    3.01    2.96    2.79    2.50    2.24
    3.13    3.00    2.85    2.59    2.21
    3.20    2.87    2.57    2.41    2.15
    3.39    2.90    2.27    2.15    2.13
    3.54    2.88    2.22    2.12    2.15
    3.37    2.65    2.19    2.13    2.19
    3.05    2.35    2.08    2.14    2.25
2070 2079
    3.51    3.46    3.46    3.25    2.74
    3.65    3.65    3.63    3.44    2.74
    3.81    3.77    3.58    3.29    2.68
    3.92    3.68    3.02    2.67    2.55
    3.83    3.41    2.76    2.54    2.55
    3.45    2.98    2.70    2.58    2.58
    2.99    2.55    2.51    2.47    2.50
2080 2089
    4.03    3.89    3.56    3.26    2.96
    4.37    4.22    3.97    3.73    3.10
    4.54    4.21    3.85    3.65    3.06
    4.60    4.03    3.34    3.04    2.91
    4.46    3.74    3.08    2.88    2.88
    4.02    3.25    2.90    2.80    2.88
    3.45    2.79    2.61    2.65    2.75
2090 2099
    4.65    4.55    4.21    3.80    3.39
    5.04    4.78    4.38    3.99    3.39
    5.37    4.83    4.19    3.82    3.32
    5.41    4.63    3.72    3.37    3.22
    5.10    4.14    3.41    3.27    3.20
    4.64    3.67    3.25    3.21    3.20
    4.06    3.19    2.99    3.05    3.14
