Mean temperature - Model Simulations
NaN indicates insufficient data is available
Refer to Accompanying Documentation
GRIDBOX LONGITUDES
           5
   31.25   33.75   36.25   38.75   41.25
GRIDBOX LATITUDES
           7
  -11.25  -13.75  -16.25  -18.75  -21.25  -23.75  -26.25
MODEL CLIMATOLOGY 1970-1999
  294.05  294.18  295.22  297.20  298.02
  294.81  294.97  295.69  296.97  297.54
  295.58  295.93  296.32  296.74  296.88
  295.73  296.37  296.69  296.68  296.05
  295.16  295.77  295.97  295.75  294.81
  293.90  294.21  294.23  293.96  293.22
  292.10  292.79  292.90  292.44  291.95
Mean Anomalies over 10-year time slices
2000 2009
    0.53    0.59    0.66    0.75    0.78
    0.53    0.57    0.63    0.71    0.75
    0.57    0.56    0.58    0.65    0.70
    0.69    0.59    0.56    0.62    0.70
    0.81    0.65    0.58    0.62    0.70
    0.92    0.72    0.62    0.63    0.71
    0.76    0.61    0.54    0.55    0.60
2010 2019
    0.82    0.82    0.88    0.98    0.96
    0.84    0.84    0.88    0.97    0.94
    0.88    0.89    0.90    0.93    0.90
    0.90    0.83    0.78    0.73    0.77
    0.81    0.70    0.62    0.57    0.66
    0.62    0.49    0.44    0.45    0.59
    0.51    0.38    0.33    0.36    0.46
2020 2029
    1.20    1.16    1.16    1.18    1.17
    1.22    1.18    1.17    1.18    1.16
    1.30    1.25    1.20    1.17    1.14
    1.42    1.34    1.24    1.11    1.12
    1.53    1.35    1.19    1.05    1.09
    1.62    1.27    1.06    0.99    1.04
    1.60    1.22    1.01    0.95    0.95
2030 2039
    0.98    0.90    0.91    1.02    0.98
    0.89    0.80    0.79    0.84    0.81
    0.85    0.78    0.72    0.68    0.64
    0.98    0.80    0.67    0.60    0.55
    1.20    0.87    0.67    0.60    0.56
    1.48    0.98    0.71    0.67    0.67
    1.65    1.11    0.82    0.79    0.80
2040 2049
    1.71    1.68    1.67    1.69    1.60
    1.71    1.70    1.69    1.67    1.58
    1.71    1.73    1.70    1.62    1.53
    1.70    1.52    1.36    1.22    1.27
    1.67    1.30    1.04    0.92    1.07
    1.63    1.11    0.82    0.78    0.95
    1.64    1.09    0.80    0.76    0.87
2050 2059
    2.38    2.27    2.21    2.22    2.05
    2.52    2.41    2.33    2.28    2.08
    2.68    2.59    2.46    2.29    2.07
    2.80    2.60    2.34    2.02    1.88
    2.80    2.41    2.07    1.77    1.75
    2.65    2.04    1.68    1.57    1.65
    2.27    1.72    1.42    1.35    1.39
2060 2069
    2.41    2.39    2.36    2.32    2.16
    2.40    2.37    2.34    2.31    2.17
    2.38    2.34    2.29    2.24    2.11
    2.37    2.21    2.07    1.93    1.88
    2.51    2.13    1.87    1.73    1.76
    2.78    2.10    1.74    1.68    1.77
    2.79    2.11    1.73    1.65    1.69
2070 2079
    2.37    2.34    2.38    2.50    2.39
    2.33    2.28    2.33    2.47    2.36
    2.33    2.29    2.32    2.41    2.30
    2.42    2.24    2.13    2.07    2.04
    2.61    2.22    1.97    1.87    1.91
    2.87    2.22    1.88    1.85    1.91
    2.94    2.25    1.88    1.83    1.85
2080 2089
    2.69    2.63    2.62    2.64    2.47
    2.73    2.71    2.70    2.72    2.52
    2.76    2.84    2.83    2.75    2.51
    2.76    2.77    2.63    2.33    2.24
    2.76    2.57    2.33    2.03    2.07
    2.76    2.28    1.99    1.91    2.03
    2.73    2.19    1.89    1.83    1.88
2090 2099
    2.86    2.77    2.72    2.70    2.46
    2.97    2.92    2.85    2.76    2.48
    3.09    3.12    3.02    2.79    2.49
    3.20    3.06    2.81    2.45    2.29
    3.19    2.83    2.50    2.19    2.19
    3.07    2.47    2.14    2.08    2.20
    2.92    2.33    2.03    2.01    2.10
