Mean monthly rainfall - Model Simulations
NaN indicates insufficient data is available
Refer to Accompanying Documentation
GRIDBOX LONGITUDES
           5
   31.25   33.75   36.25   38.75   41.25
GRIDBOX LATITUDES
           7
  -11.25  -13.75  -16.25  -18.75  -21.25  -23.75  -26.25
MODEL CLIMATOLOGY 1970-1999 (mm)
   91.43   90.94   84.17   80.27  134.75
   82.60   81.92   78.15   79.18  139.36
   57.00   68.00   88.79  127.20  160.81
   41.56   66.90  129.20  168.84  163.17
   41.17   63.95  116.51  127.89  134.74
   42.61   59.64   89.11   80.28   90.78
   68.51   67.78   71.75   61.84   68.87
Mean Anomalies over 10-year time slices (mm)
2000 2009
   -4.41   -2.46    3.06    5.91    5.80
   -5.66   -5.79   -1.31    3.92    2.81
   -3.40   -2.71   -1.07   -2.25    0.21
   -2.01   -4.13   -6.56   -3.51    1.81
   -2.47   -4.24   -5.31   -0.54    1.45
   -2.04   -1.97    1.05    3.21    0.70
    0.78    3.84    5.29    3.61    3.60
2010 2019
   -1.62   -0.77    7.74    6.78    5.49
   -3.96   -3.86    2.38   11.06    6.00
   -3.23   -5.16   -0.52    6.28    4.06
   -2.42   -5.66   -3.48    2.64    4.61
   -3.44   -3.70   -2.27   -0.15    3.82
   -2.27   -2.64   -1.17    0.37    2.38
   -1.46   -2.72   -2.67   -2.03    0.79
2020 2029
    0.95   -1.40    0.33    2.35    5.47
   -3.03   -3.36    0.95    4.33    7.89
   -1.87   -2.68    1.43    7.25    7.12
    0.86   -1.76    0.35    9.32    9.00
    0.12   -0.30    0.93    5.35    7.34
    0.41    0.45    1.41    1.39    0.38
   -0.03    1.59    0.98   -0.45   -1.02
2030 2039
   -2.91    0.06    2.39    2.12    9.71
   -5.96   -3.68    0.94    5.24   12.75
   -5.98   -7.04   -2.15    5.14   10.91
   -3.82   -7.44  -10.04   -1.34    3.94
   -1.45   -6.84  -16.16  -10.84   -1.13
   -0.82   -7.89  -12.97   -8.23   -2.24
    0.52   -7.48  -10.37   -6.35   -4.76
2040 2049
   -0.18   -6.08  -10.62  -10.22    0.76
   -4.04   -5.40   -7.35   -7.21    3.77
   -3.47   -4.45   -5.49   -4.00   -1.26
   -1.86   -3.24   -4.91   -4.48   -4.23
   -0.62   -1.19   -5.08   -7.92   -4.82
   -0.68   -1.99   -3.77   -7.22   -5.62
    1.37   -2.10   -6.71   -8.00   -7.28
2050 2059
   -2.09    0.31    5.51    2.95    1.17
   -5.69   -2.96    3.10    7.22    9.16
   -7.82   -6.05   -0.15    8.44   13.66
   -4.80   -4.77   -0.33    9.21   14.51
   -2.37   -3.22   -1.00    5.96    9.85
   -1.37   -4.19   -2.55    2.94    3.29
   -0.60   -3.13   -3.75   -0.72    0.26
2060 2069
    3.24    2.96    2.92    2.04    3.29
   -0.96    0.90    3.40    5.13    5.56
   -2.96   -3.51    1.25    2.35    2.76
   -2.88   -4.20   -3.67   -1.35   -2.49
   -2.77   -4.15   -7.30   -4.45   -1.23
   -1.14   -6.41   -6.93   -1.39    2.76
   -0.48   -5.99   -8.10   -3.31    1.31
2070 2079
    3.03    3.95   -0.17   -5.53    0.54
    1.62    3.57    4.26    0.60    4.26
    1.81    3.52    7.08    3.54    4.09
    1.73    1.17    2.97    3.91    6.24
    1.75    1.77   -0.33    0.66    4.25
    2.79   -1.72   -4.52   -3.91   -1.48
    3.22   -3.50   -7.06   -7.79   -6.73
2080 2089
   -0.47    0.80    3.69   -0.13    7.13
   -2.14    0.67    4.59    4.07    8.22
   -3.98   -3.84    0.46    0.44    4.48
   -2.15   -4.38   -5.89   -2.54    0.03
   -1.25   -3.92   -7.04   -4.37    0.92
   -1.37   -5.40   -8.05   -4.63    0.35
    0.92   -6.67   -9.73   -6.21   -4.61
2090 2099
    1.74   -3.99   -0.68   -1.34    1.86
   -3.49   -5.58   -3.04    0.52    5.12
   -2.34   -3.86   -4.23   -1.13    1.61
   -2.75   -7.09  -15.22   -8.82   -6.56
   -1.52   -7.84  -18.38  -13.88   -6.96
    0.57   -8.15  -12.01   -9.17   -6.72
    2.27   -4.26   -7.58   -7.47   -8.21
