Mean monthly rainfall - Model Simulations
NaN indicates insufficient data is available
Refer to Accompanying Documentation
GRIDBOX LONGITUDES
           4
   36.25   38.75   41.25   43.75
GRIDBOX LATITUDES
           4
   18.75   16.25   13.75   11.25
MODEL CLIMATOLOGY 1970-1999 (mm)
    0.10    0.12    0.15    0.43
    0.59    0.50    0.22    0.64
    4.56    3.53    1.73    1.36
   26.65   20.95   11.06    5.40
Mean Anomalies over 10-year time slices (%)
2000 2009
  -36.62  -70.70  -61.33  -45.84
  -58.83  -79.55  -54.87  -32.20
  -29.22  -39.98  -41.62  -19.21
   -9.75  -13.36  -19.24  -10.42
2010 2019
  102.19  -26.63  -74.54  -73.41
  -32.45  -24.00   30.38    6.76
  -16.76  -15.07   22.14   51.32
    2.75    7.34   21.09   44.22
2020 2029
   77.42   80.02   14.10  -25.89
   47.66   61.03   88.39   36.93
   43.05   59.56   82.70   94.22
   23.33   36.93   44.99   41.88
2030 2039
  -65.97  -66.27  -83.55  -81.18
  -13.56   -7.30  -30.25  -34.90
   14.58   21.68    7.76  -19.11
   16.29   24.38   31.64   27.82
2040 2049
  102.77  103.35  -18.58  -87.06
   79.19   95.39  -10.72  -57.85
    8.58    9.23  -22.73   -6.10
   -2.50   -3.15  -11.28   -5.36
2050 2059
   52.51   50.61   12.93    0.23
  -13.35   -3.53   61.45   60.28
   -1.59    7.77   49.49   80.04
    7.54   16.22   34.84   39.68
2060 2069
  -60.27  -86.00  -90.55  -76.87
  -51.25  -62.46  -26.15  -44.92
   -9.88  -14.76    9.61   16.61
   14.14   18.28   25.00   27.75
2070 2079
    2.43  -65.73  -86.24  -83.36
  -47.92  -64.43  -63.95  -60.48
  -13.62  -18.04  -26.69   -8.46
    4.73   10.10    6.16    9.08
2080 2089
  -67.72  -71.99  -88.04  -74.91
  -67.71  -69.08  -44.46  -24.97
  -17.54  -23.75  -12.20   26.90
    3.82    5.09   13.61   23.97
2090 2099
  -70.79  -69.71  -79.51  -76.63
  -67.65  -79.36  -54.58  -27.68
  -19.24  -26.83  -16.19   34.23
   -0.91    1.81    4.07    9.13
