Mean monthly rainfall - Model Simulations
NaN indicates insufficient data is available
Refer to Accompanying Documentation
GRIDBOX LONGITUDES
           4
   36.25   38.75   41.25   43.75
GRIDBOX LATITUDES
           4
   18.75   16.25   13.75   11.25
MODEL CLIMATOLOGY 1970-1999 (mm)
    4.54    6.61   18.58   15.14
   35.92   21.15   23.20   38.63
  152.30  122.63   38.14   30.18
  228.96  214.44   47.50   13.71
Mean Anomalies over 10-year time slices (%)
2000 2009
  -44.35  -34.70  -12.30    7.32
  -14.37  -11.79   -3.92   -1.08
   -7.91   -7.00   -3.15    0.66
   -6.05   -3.02    1.89   25.31
2010 2019
  -43.40  -30.99  -28.22  -11.33
  -20.21  -30.41  -27.14  -24.77
  -10.43  -15.80  -23.25  -20.77
   -4.43   -3.40   -2.10   32.87
2020 2029
  158.24   50.15   11.38   16.84
   23.01   45.00   42.34   16.32
    6.13   11.22   35.20   27.09
   -0.30    3.22   16.74   31.26
2030 2039
   -4.93   -8.91  -25.72   -7.74
   -8.15  -13.55  -12.78   -1.48
   -7.12  -10.07  -10.00   -4.40
   -5.93   -3.19    5.64   30.14
2040 2049
  -72.87  -75.74  -64.86  -49.26
  -31.17  -44.78  -42.27  -30.88
  -12.97  -15.03  -16.24  -18.14
   -8.41   -4.34    0.64   10.18
2050 2059
  -46.86  -57.54  -55.99  -47.85
  -29.46  -39.42  -41.20  -36.27
  -16.31  -20.57  -30.82  -33.68
  -11.84   -8.65   -4.44   13.97
2060 2069
  -55.60  -39.32  -12.46   13.54
  -31.14  -33.59  -16.47   -6.26
  -13.04  -19.52  -16.35   -6.36
   -6.66   -5.91   -2.18    9.61
2070 2079
  -20.52  -12.37  -45.14  -39.27
  -19.32  -22.70  -23.59  -27.82
  -11.29  -11.43  -19.69  -20.61
   -5.06    3.94    5.40   12.34
2080 2089
  -38.76  -32.81  -15.22   -8.47
  -22.61  -14.88   -4.34    1.23
  -16.23  -15.95   -1.08   13.01
   -9.14   -4.86   16.75   62.03
2090 2099
   13.16  -28.62  -48.00  -42.98
  -11.74  -19.17  -24.89  -27.49
  -10.18  -12.46  -10.38   -1.26
   -4.85    1.36   15.74   64.29
