Mean monthly rainfall - Model Simulations
NaN indicates insufficient data is available
Refer to Accompanying Documentation
GRIDBOX LONGITUDES
           4
   36.25   38.75   41.25   43.75
GRIDBOX LATITUDES
           4
   18.75   16.25   13.75   11.25
MODEL CLIMATOLOGY 1970-1999 (mm)
   10.49   10.54    5.46    3.68
   10.01   15.71    7.31    4.78
   20.08   23.52   10.22    4.08
   61.45   39.46   14.21    6.88
Mean Anomalies over 10-year time slices (%)
2000 2009
  -19.62  -21.56   -5.77   13.90
  -23.57  -11.78   -2.54   29.17
  -28.90  -15.67  -16.66    0.82
  -15.27   -5.81    2.90   17.37
2010 2019
  -53.99  -50.53  -53.21  -65.96
  -64.90  -53.09  -51.31  -42.31
  -47.33  -50.70  -51.84  -28.85
  -25.15  -33.98  -37.54  -10.36
2020 2029
    0.06   13.68   18.37   25.96
   11.55   15.29   13.96   40.19
   12.90    8.16    0.38   15.03
    7.74    9.34   12.62   21.04
2030 2039
  -32.24  -46.38  -43.20  -26.78
  -22.86  -42.47  -38.44   32.99
   -8.42  -26.31  -27.51   47.93
   -2.94   -7.68   -0.99   45.85
2040 2049
  -24.89  -36.72  -23.20   47.38
  -17.80  -15.77  -13.36   77.05
   -2.84   -3.24   -8.08   62.14
    4.80    5.34   10.11   62.53
2050 2059
  -45.43  -30.20  -11.70   26.26
  -36.32   -6.48   16.65   65.11
  -16.13    7.28   33.53  119.89
    1.39   12.85   43.25  111.56
2060 2069
  -35.91  -27.54   -0.00   44.79
    1.93   -3.02   18.09   70.82
   15.64    9.54   11.43   52.02
    8.02   14.34   26.03   42.76
2070 2079
  -45.52  -44.31  -46.40  -48.07
  -58.18  -45.66  -39.27  -19.90
  -41.91  -39.21  -35.42    4.35
  -19.32  -26.12  -28.10    2.37
2080 2089
  -32.81   -1.18   11.27   22.99
  -31.74   18.09   30.52   34.81
  -11.62   15.53   22.89   39.15
    7.47   17.56   24.09   30.77
2090 2099
  -42.59  -55.71  -64.74  -68.98
  -27.06  -38.72  -40.18  -35.00
  -16.55  -26.55  -29.78  -30.05
    1.70   -7.79  -18.78  -11.04
