Mean monthly rainfall - Model Simulations
NaN indicates insufficient data is available
Refer to Accompanying Documentation
GRIDBOX LONGITUDES
           4
   36.25   38.75   41.25   43.75
GRIDBOX LATITUDES
           4
   18.75   16.25   13.75   11.25
MODEL CLIMATOLOGY 1970-1999 (mm)
   20.45   23.41   18.48   27.97
   43.87   45.50   32.66   36.79
   99.98  101.64   79.52   61.94
  163.38  150.53  114.56   72.33
Mean Anomalies over 10-year time slices (%)
2000 2009
  -40.50  -38.05  -15.72    2.65
  -34.17  -32.19  -15.35   -4.11
  -24.90  -21.99  -10.54    3.40
   -9.16   -7.81   -2.99    8.32
2010 2019
  -20.74  -16.85  -17.43  -11.57
  -20.32  -20.65  -22.80  -17.62
   -3.84   -8.30  -13.88   -8.70
    0.88   -1.19   -3.20    4.03
2020 2029
  -56.96  -51.39  -36.87  -12.18
  -47.58  -45.49  -34.96  -24.92
  -23.90  -25.77  -24.51  -18.35
   -6.31   -7.40   -6.10    0.04
2030 2039
   -9.36   -0.54   15.58   15.64
  -19.90  -17.07   -6.45    1.36
   -2.96   -5.81   -7.11    1.92
   -0.19   -3.77   -8.13   -2.75
2040 2049
  -29.27  -27.70  -23.19   -2.16
  -26.22  -23.24  -16.46   -5.00
  -12.64  -11.63   -9.55    1.13
    1.36    1.52    3.80   11.84
2050 2059
  -47.20  -46.01  -34.40  -16.74
  -34.27  -37.52  -32.01  -18.57
  -14.15  -19.43  -23.43  -13.90
   -4.37   -6.41   -7.89   -0.98
2060 2069
  -35.38  -31.13  -26.73  -16.32
  -23.61  -26.06  -34.22  -21.53
  -12.66  -20.41  -31.87  -26.82
   -6.13  -11.75  -17.94  -17.89
2070 2079
  -52.47  -50.99  -49.03  -21.46
  -43.93  -46.50  -49.19  -39.09
  -22.01  -29.15  -35.42  -31.37
   -7.43  -11.37  -14.46  -12.04
2080 2089
  -40.43  -36.09  -32.46  -27.01
  -42.07  -41.37  -35.26  -28.44
  -26.54  -30.21  -27.47  -19.14
   -7.42  -10.75  -12.25  -12.94
2090 2099
  -30.51  -24.34  -20.08  -14.26
  -27.96  -24.38  -24.61  -26.18
  -13.24  -12.91  -19.19  -17.51
   -1.14   -3.31   -9.29   -5.92
