Mean monthly rainfall - Model Simulations
NaN indicates insufficient data is available
Refer to Accompanying Documentation
GRIDBOX LONGITUDES
           4
   36.25   38.75   41.25   43.75
GRIDBOX LATITUDES
           4
   18.75   16.25   13.75   11.25
MODEL CLIMATOLOGY 1970-1999 (mm)
   28.71   30.43   40.37   32.47
   60.38   53.47   44.54   49.52
  108.49   87.70   48.73   42.52
  163.57  128.86   69.25   44.50
Mean Anomalies over 10-year time slices (%)
2000 2009
   17.31   20.54   17.67   23.43
    8.92   15.40   21.85   26.02
    8.29   13.97   23.99   31.81
    8.01   13.10   20.61   27.54
2010 2019
   14.07   17.36   16.89   22.32
   16.03   24.26   28.53   26.55
   12.75   22.75   29.44   27.53
    6.16   15.48   22.97   30.96
2020 2029
   -0.23    2.04    3.85    5.73
   -0.57    3.03    6.53   14.14
    4.09    7.10    9.04   16.15
    5.61    8.01   11.48   21.29
2030 2039
   -2.63   -6.61   -7.73  -10.06
   -1.85   -1.28    5.21    3.73
    2.43    4.58    9.51   12.89
    3.19    5.09    8.73   18.16
2040 2049
  -18.78  -18.51  -17.79  -19.67
  -14.89  -15.05  -12.82   -8.26
   -6.08   -4.13   -3.82    2.26
   -1.78    2.58    3.34   13.37
2050 2059
  -29.15  -33.81  -32.09  -31.13
  -16.45  -18.43  -17.82  -13.26
   -6.30   -5.31   -7.66   -8.28
   -3.32   -2.75   -5.27    0.82
2060 2069
    2.11    9.95    5.37    4.72
   -5.25    0.29    1.62    2.97
   -5.09    0.37    3.14    4.48
   -3.73   -0.63    2.78   11.04
2070 2079
   -6.32   -1.76   -5.86   -3.55
   -6.18   -0.38    0.27    6.56
   -2.06    2.94    2.38    4.74
   -2.17    2.88    3.67    7.00
2080 2089
   -7.80   -9.52   -4.61   -3.87
   -0.85   -0.88    7.35   10.81
    4.87    3.54    8.07   14.95
    3.58    3.75    6.48   18.85
2090 2099
   11.96    6.81   -6.47   -9.53
    0.91   -3.82   -3.74   -0.98
    0.08   -3.58   -3.77    1.51
   -0.49   -2.97   -4.01    6.17
