Mean monthly rainfall - Model Simulations
NaN indicates insufficient data is available
Refer to Accompanying Documentation
GRIDBOX LONGITUDES
           4
   36.25   38.75   41.25   43.75
GRIDBOX LATITUDES
           4
   18.75   16.25   13.75   11.25
MODEL CLIMATOLOGY 1970-1999 (mm)
   11.45   10.22    5.34   14.09
   39.87   26.27    8.31   15.27
  122.87   52.76   16.82    8.68
  217.34  116.26   61.77   33.82
Mean Anomalies over 10-year time slices (%)
2000 2009
  -29.16  -49.89  -56.10   -2.32
   -9.85  -23.81  -54.44    5.66
    3.47   -9.27  -51.25  -37.92
    6.23   -8.96  -29.67  -27.22
2010 2019
   -4.37  -18.40  -19.69  -26.72
   -6.62  -12.42    9.13  -15.37
   -5.05  -28.74  -28.87  -34.89
   -6.33  -24.65  -30.80  -32.32
2020 2029
  -13.22   -8.45   19.43  -26.63
  -10.55  -27.35  -33.68  -35.00
   -4.34  -32.34  -37.25  -41.30
    0.37  -26.38  -34.27  -46.69
2030 2039
   28.91    3.43   11.24   -3.66
   23.17   14.37    0.60    3.75
   14.78    7.28   -6.65   -1.00
    8.03   11.20    9.27   14.47
2040 2049
  -17.19  -46.12  -33.33  -15.58
    6.90   -9.78  -36.02  -20.78
   -1.21   -7.56  -20.66  -17.68
    0.49   -5.72   -7.16  -14.70
2050 2059
   18.19   -7.88  -15.58  -11.18
   12.15   -2.21  -32.46   -1.26
    4.96   -6.71  -34.95  -27.20
    4.75    5.05    7.14    8.62
2060 2069
   27.03   21.67   46.75   38.69
   19.91   27.93   23.53   49.39
    7.54   18.65   20.64   63.25
    2.93   18.08   25.06   16.33
2070 2079
   63.56   19.26    8.87   16.39
   29.01   27.89   10.93   35.25
    2.48   15.00   30.35   64.24
   -0.76   17.51   25.89   29.58
2080 2089
   -8.50  -50.49  -46.76  -10.22
   -6.39  -25.87  -45.07    5.21
    2.43  -16.77  -34.78   11.43
    5.76   -5.35  -13.22  -12.61
2090 2099
  -26.44  -52.93  -42.87  -13.78
    6.55  -16.47  -52.25  -12.70
    2.40   -7.93  -28.76  -35.75
    0.85    1.48    2.00    8.30
