Mean monthly rainfall - Model Simulations
NaN indicates insufficient data is available
Refer to Accompanying Documentation
GRIDBOX LONGITUDES
           5
   -6.25   -3.75   -1.25    1.25    3.75
GRIDBOX LATITUDES
           4
   11.25    8.75    6.25    3.75
MODEL CLIMATOLOGY 1970-1999 (mm)
   71.51   65.01   61.26   58.05   56.96
  106.00   96.55   93.48   92.73   99.19
  109.18   95.45   91.26   96.78  124.09
   72.27   64.29   64.52   73.32  101.78
Mean Anomalies over 10-year time slices (%)
2000 2009
    0.46    2.54    2.81    0.71   -1.04
   -8.16  -10.11  -10.94  -13.01  -13.67
   -7.33  -10.58  -12.57  -13.75  -11.77
   -6.32   -6.31   -5.21   -3.54   -0.28
2010 2019
   -0.42    0.45    0.33    1.65    5.95
   -8.59   -8.54   -8.85   -8.51   -5.59
   -5.28   -4.32   -5.49   -5.50   -4.00
   -8.55   -7.50   -6.04   -1.17    2.61
2020 2029
   -4.65   -3.11   -1.29    0.60   -0.64
   -6.49   -6.10   -4.92   -5.29   -5.37
  -10.12  -13.10  -13.73  -10.49   -6.81
  -12.33  -15.33  -15.23  -10.22   -6.09
2030 2039
   18.05   12.57    3.35    2.52    5.02
   -1.03   -1.78   -1.89   -0.84   -1.05
    0.74    1.66    1.45    0.22   -1.71
   11.33   14.43   14.46   12.61    8.87
2040 2049
   25.88   26.59   25.18   22.66   14.96
   14.04   15.81   15.79   14.73   11.57
    6.60    7.02    6.40    8.37    8.34
    2.26    1.41    2.42    8.31   11.45
2050 2059
   18.19   22.27   26.11   27.21   25.57
    3.20    5.05    6.08    5.15    5.61
    4.98    5.81    4.22    4.64    5.87
   11.52   12.95   15.37   21.95   24.08
2060 2069
   13.12   17.38   19.61   19.32   17.27
    6.22    3.53    0.44   -1.75   -2.64
    1.55   -0.51   -3.32   -2.37   -1.36
   -5.91   -7.20   -7.74   -3.11    2.87
2070 2079
   -0.37   -4.06   -6.52   -8.15   -9.49
   -6.23   -4.89   -4.16   -5.88   -5.92
   -6.08   -3.21   -1.48    1.52    3.22
   -8.13   -5.22   -1.64    6.46   11.96
2080 2089
   17.75   12.78   11.49   13.92   17.44
   19.12   16.72   14.23   12.22   12.90
   15.07   16.65   14.47   15.46   12.32
   15.37   17.41   16.90   19.44   17.03
2090 2099
    8.71    1.31   -3.89   -5.93   -3.26
    4.89   -2.22   -8.39  -12.48  -11.68
   -3.11   -6.06   -8.55   -9.17   -8.50
   -1.40   -1.80   -2.02   -1.43   -1.59
