Mean monthly rainfall - Model Simulations
NaN indicates insufficient data is available
Refer to Accompanying Documentation
GRIDBOX LONGITUDES
           5
   -6.25   -3.75   -1.25    1.25    3.75
GRIDBOX LATITUDES
           4
   11.25    8.75    6.25    3.75
MODEL CLIMATOLOGY 1970-1999 (mm)
   10.76   10.88   10.64    9.41    8.37
   49.68   41.61   34.79   28.47   26.09
   68.13   51.98   41.33   40.54   45.63
   38.85   30.54   27.11   31.61   40.46
Mean Anomalies over 10-year time slices (%)
2000 2009
    3.63   11.42    9.04    2.35   -4.91
   -5.96   -7.23   -6.70   -6.51   -4.92
   -1.97   -1.03    0.03   -2.77   -5.17
    3.52    3.29    1.00   -2.65   -5.31
2010 2019
   -7.95  -11.94  -14.26  -17.89  -27.00
  -12.72  -14.89  -13.50  -19.44  -31.35
   -8.72  -10.96  -10.21  -10.15  -12.77
   -4.91   -4.70   -5.13   -4.71   -4.86
2020 2029
    4.54   22.01   13.59    3.65    7.56
    6.71    3.95   -3.12   -9.32  -10.57
    6.82   10.87   12.39   10.38    4.17
    7.23   12.90   16.33   15.65   13.13
2030 2039
   12.81   14.72    7.10    2.38   -4.14
   13.24    4.30   -6.33  -10.89  -12.09
    4.05    3.03   -1.41   -3.40   -4.88
    1.17    6.12    6.05    6.06    5.53
2040 2049
   -2.66  -11.68  -27.41  -34.41  -30.61
   -1.69   -8.40  -17.79  -25.35  -25.66
   -7.92   -6.04   -9.26  -16.29  -21.72
   -7.22   -3.82   -4.06   -4.92   -6.38
2050 2059
   11.71   16.64    8.72    3.98   -5.95
    0.96    3.68   -3.19  -10.24  -11.76
   -3.61   -3.63   -4.17   -5.49   -5.97
    3.98    2.43    2.53    3.78    5.20
2060 2069
  -34.02  -33.54  -31.27  -25.01  -25.85
  -18.03  -18.53  -20.60  -23.69  -22.81
  -10.35  -12.77  -13.51  -12.06   -9.04
    2.71    4.24    3.58    1.81    1.59
2070 2079
  -28.20  -19.92  -29.89  -41.10  -47.62
  -18.35  -14.15  -18.23  -25.83  -31.22
  -13.21  -11.17  -10.18  -12.17  -14.48
   -3.74   -1.63    1.87    3.62    3.15
2080 2089
  -51.11  -44.49  -39.89  -38.52  -32.66
  -22.87  -28.12  -35.02  -37.06  -35.69
  -10.34  -15.12  -17.28  -17.96  -19.42
   -1.18    2.60    4.50    2.01    2.59
2090 2099
    6.86   -0.00   -3.86    0.53   10.73
    0.33   -8.12  -17.55  -24.78  -20.82
   -8.36  -12.45  -15.51  -18.69  -19.96
   -7.68   -4.78   -4.04   -6.23   -4.45
