Mean monthly rainfall - Model Simulations
NaN indicates insufficient data is available
Refer to Accompanying Documentation
GRIDBOX LONGITUDES
           5
   -6.25   -3.75   -1.25    1.25    3.75
GRIDBOX LATITUDES
           4
   11.25    8.75    6.25    3.75
MODEL CLIMATOLOGY 1970-1999 (mm)
   18.32   15.19   13.67   11.99   12.01
   57.81   43.12   36.51   30.85   28.69
   72.86   51.19   38.63   35.97   38.53
   39.18   29.34   23.02   25.17   32.08
Mean Anomalies over 10-year time slices (%)
2000 2009
    6.48   10.06   13.09   11.40   12.08
   12.03   16.32   12.90    7.87    8.42
   16.26   19.49   16.04   14.80   17.58
   19.30   19.97   21.24   20.72   25.62
2010 2019
  -17.33  -34.34  -37.34  -40.19  -38.40
  -11.88  -18.95  -23.97  -31.94  -31.12
   -4.13  -10.07  -15.01  -12.68   -7.21
   -0.45   -3.15   -6.80   -3.63    2.38
2020 2029
  -16.17  -20.63  -21.34  -21.07  -19.07
   -8.10  -16.05  -24.77  -27.45  -24.74
   -4.33  -10.15  -15.09  -14.86  -10.80
   -1.64   -4.58   -4.70   -2.13   -0.06
2030 2039
  -19.40  -14.35  -17.10  -21.87  -28.02
   -3.79  -11.07  -16.80  -19.06  -15.60
    0.84   -4.18   -7.77   -5.47   -3.64
    2.88    0.93    1.18    3.23    8.19
2040 2049
  -19.74  -21.20  -21.89  -26.72  -30.95
   -6.54   -9.98  -11.58  -14.32  -13.72
   -6.84   -9.33   -7.74   -4.06    0.81
   -3.29   -3.43   -0.62    5.87    8.07
2050 2059
  -23.12  -25.71  -25.68  -26.91  -33.77
   -4.87   -6.31  -12.58  -17.58  -20.97
   -1.00   -1.86   -1.66   -1.00    0.88
    2.65    2.29    2.94    2.78    4.48
2060 2069
    2.30   -2.52  -13.08  -21.23  -25.11
    2.15   -8.06  -18.08  -25.42  -22.28
   -7.67  -13.12  -15.27  -13.83  -13.28
   -7.33  -11.42  -12.13  -10.39   -8.40
2070 2079
    1.31   -3.74   -3.52   -5.90  -15.10
   -4.47    2.07   -1.10   -9.82  -11.84
   -5.61   -6.06   -5.23   -5.61   -4.68
   -9.77   -9.34   -8.74   -7.37   -5.08
2080 2089
  -14.48  -15.19  -24.71  -42.81  -55.60
  -10.20  -13.36  -21.97  -30.30  -34.00
  -12.31  -16.01  -21.68  -24.51  -22.83
  -17.28  -19.25  -18.58  -15.84  -14.37
2090 2099
  -27.31  -24.54  -18.31  -18.23  -22.19
  -12.25  -14.07  -16.78  -20.08  -20.67
  -10.15  -12.94  -13.11  -14.53  -11.37
  -15.01  -15.45  -13.93   -8.83    0.63
