Mean monthly rainfall - Model Simulations
NaN indicates insufficient data is available
Refer to Accompanying Documentation
GRIDBOX LONGITUDES
           5
   -6.25   -3.75   -1.25    1.25    3.75
GRIDBOX LATITUDES
           4
   11.25    8.75    6.25    3.75
MODEL CLIMATOLOGY 1970-1999 (mm)
   16.34   11.29    9.50    9.04    7.55
   44.33   32.99   29.96   33.24   37.13
   69.65   57.96   56.35   66.37   82.12
   70.88   67.20   69.29   80.51   98.73
Mean Anomalies over 10-year time slices (%)
2000 2009
   18.39   30.39   26.50   16.14   18.72
   -3.63    0.53   -1.05   -1.85   -1.07
  -11.36   -8.96   -5.01    0.47    0.98
   -0.52    3.48   10.38   15.10   13.30
2010 2019
   -4.63  -17.25  -20.23  -23.05  -31.35
  -16.91  -20.91  -17.40  -10.52  -10.99
  -14.64  -11.97   -7.83   -1.64   -0.02
   -0.59    1.38    1.47    2.06    5.91
2020 2029
    2.35   -7.27  -18.57  -20.04  -16.12
   -2.83   -4.32   -4.96   -0.97    1.82
   -3.19    0.40    4.74    7.85    8.70
    1.48    7.44   10.37    9.53   10.75
2030 2039
    0.07    0.63   -5.50  -10.55   -9.55
   -3.28   -2.08   -3.92   -4.77   -4.70
   -3.26   -1.14   -1.46   -2.01   -3.01
    1.03    3.68    1.05   -2.46   -3.13
2040 2049
    4.82    1.51   -9.43  -11.82   -1.47
   -7.24   -5.78   -5.68   -4.90   -1.94
  -12.51   -5.88   -2.19   -3.66   -3.54
   -0.59    2.65    0.18   -4.07   -2.86
2050 2059
   -2.50   -1.57   -7.31  -11.31   -7.66
  -10.29   -6.87   -7.62   -7.07   -8.16
   -6.97   -2.60   -2.85   -3.26   -4.77
    9.95   10.88    7.21    0.81   -0.50
2060 2069
    0.75   11.07    9.46    2.59    8.75
  -16.14  -13.78  -11.75  -10.94  -12.60
  -18.77  -13.93   -9.75   -8.39   -9.52
   -3.04    2.49    2.21    0.22    2.29
2070 2079
    6.40    5.51    3.12    7.06   10.62
  -10.91   -8.82   -6.97   -5.38   -9.29
  -11.74   -5.73   -3.98   -6.53  -10.03
    9.65    9.33    3.63   -1.53   -0.75
2080 2089
   24.61   28.76   24.24   30.69   44.87
   -3.59    0.77    1.28    1.61    2.79
  -10.78   -6.40   -2.42   -4.26   -4.74
    8.79    9.90   10.86    5.95    4.29
2090 2099
    9.95   23.38   32.69   45.43   67.44
   -6.34    5.67   12.61   14.11   11.82
   -7.18    2.10    5.48    1.52   -2.61
    5.72    9.38    8.84    3.39    2.69
