Mean monthly rainfall - Model Simulations
NaN indicates insufficient data is available
Refer to Accompanying Documentation
GRIDBOX LONGITUDES
           5
   -6.25   -3.75   -1.25    1.25    3.75
GRIDBOX LATITUDES
           4
   11.25    8.75    6.25    3.75
MODEL CLIMATOLOGY 1970-1999 (mm)
  142.96  167.31  156.50  146.06  136.98
  161.11  186.84  170.42  166.77  159.86
  130.65  159.32  154.70  161.30  189.46
  159.59  178.59  178.85  186.03  202.56
Mean Anomalies over 10-year time slices (%)
2000 2009
    5.63    7.60    8.67    7.31    5.97
    0.13    4.25    7.21    4.85    3.00
   -5.17   -0.64    2.45    1.63    0.03
  -12.01   -5.73   -2.43   -0.11    1.30
2010 2019
    7.21    3.18    0.93   -0.76   -0.25
    4.45    4.43    1.12   -0.76   -2.56
    3.99    6.16    2.52    4.62    4.00
   -0.28    2.18    3.29    2.99    5.01
2020 2029
   11.58   13.72   11.37    8.78    6.43
    4.73    5.97    6.25    2.41    0.99
   -4.82   -1.99   -1.82   -1.83   -5.04
   -3.63    1.16    5.70    4.47   -0.75
2030 2039
   16.77   11.06    6.55    2.98    1.25
    6.84    7.74    3.64   -0.98   -5.75
    5.22    4.94    3.06   -2.68   -8.68
   -1.06    0.87   -0.37   -4.83   -2.48
2040 2049
   10.11   13.52   12.77   10.64    7.61
    3.38    6.28    6.61    4.53    4.85
   -6.21   -1.89   -2.49   -1.99   -4.57
   -2.39   -3.19   -5.24   -6.09   -7.93
2050 2059
   14.23   19.63   18.19   13.94   13.60
    6.92    8.75    8.45    7.87    8.68
    1.31    3.15   -0.85   -3.90   -4.96
    3.51    4.37    2.21   -1.04   -2.08
2060 2069
    7.29   11.62   12.02    6.84   10.62
   -2.05    1.44    1.89   -0.16    2.22
   -4.95   -3.26   -4.37   -1.97   -1.73
    3.32    4.60    5.90    2.65    0.92
2070 2079
   19.56   20.01   17.82    9.42    8.53
    4.55    6.01    5.07    0.45   -1.45
   -4.39   -2.52   -3.66    0.68   -2.85
    2.65    1.12    0.69   -0.75   -3.42
2080 2089
   23.46   28.76   24.17   16.17   16.87
    7.15    9.88    9.15    3.77    2.19
    5.92    4.55    1.88    2.26   -2.74
   10.77    4.09    0.34   -0.49   -3.93
2090 2099
   17.99   18.12   16.05   14.24   17.75
    4.48    1.53   -0.41   -3.09    1.82
    9.20    3.31    0.80    1.05   -6.68
   16.83   11.64    9.11   -0.75   -4.25
