Mean monthly rainfall - Model Simulations
NaN indicates insufficient data is available
Refer to Accompanying Documentation
GRIDBOX LONGITUDES
           5
   -6.25   -3.75   -1.25    1.25    3.75
GRIDBOX LATITUDES
           4
   11.25    8.75    6.25    3.75
MODEL CLIMATOLOGY 1970-1999 (mm)
   81.05   84.24   83.79   82.84   84.42
  127.60  136.20  137.55  140.57  146.92
  168.87  189.97  193.24  196.80  205.91
  184.34  210.52  224.08  233.35  254.11
Mean Anomalies over 10-year time slices (%)
2000 2009
    3.38    3.66    1.87   -1.82   -4.36
   -0.24   -0.40   -1.15   -0.99    0.59
   -1.92   -4.59   -5.89   -3.55    0.85
   -1.15   -6.21   -8.46   -7.33   -4.41
2010 2019
   31.75   28.82   23.42   21.44   22.05
   15.32   15.77   14.75   14.95   15.60
    6.15    5.21    3.97    5.83    8.08
    2.32   -1.70   -5.16   -4.03   -1.71
2020 2029
   -5.00   -4.84   -6.88   -8.36   -5.19
   -8.93   -6.80   -5.92   -4.50   -1.65
  -11.47   -9.01   -7.56   -4.59   -1.31
  -10.71   -9.78   -8.31   -5.34   -3.23
2030 2039
    6.19    8.76    7.47    5.30    6.47
   -2.47   -0.99   -3.06   -4.32   -1.76
   -8.37   -7.84   -9.28   -9.17   -7.24
   -9.83  -10.39   -9.94   -8.39   -9.07
2040 2049
   17.47   19.74   14.70    6.92    2.11
    2.60    2.63   -0.31   -2.06   -1.78
  -10.86  -10.28   -9.63   -6.89   -3.72
  -13.10  -11.17   -8.20   -5.08   -4.35
2050 2059
    5.95    3.82    1.67    3.20    7.05
   -3.44   -6.75   -8.72   -5.51   -0.01
   -8.85  -11.87  -13.38   -9.82   -3.46
   -6.45   -8.46   -9.87   -7.98   -3.68
2060 2069
   24.71   26.77   25.36   24.26   25.47
    9.82   10.58    8.75    7.57    8.21
   -4.76   -5.20   -6.72   -6.62   -4.93
  -15.29  -13.59  -13.39  -12.59  -10.27
2070 2079
   -7.65   -7.24   -8.35   -7.71   -2.75
   -2.59   -1.63   -4.14   -5.58   -3.31
    6.89    5.67    3.08    1.20    1.80
   11.67    9.72    8.49    6.27    4.21
2080 2089
   -2.48   -3.01   -3.03   -1.11    0.57
   -4.77   -4.42   -3.44   -1.01   -0.64
   -5.54   -4.41   -3.97   -2.20   -0.97
   -3.56   -4.67   -6.14   -5.39   -3.45
2090 2099
   -1.87   -0.73   -4.33   -7.44   -8.57
   -7.58   -3.15   -2.97   -3.93   -4.72
  -10.01   -5.94   -4.59   -3.14   -1.86
   -4.33   -0.91    0.26    1.88    2.55
