Mean monthly rainfall - Model Simulations
NaN indicates insufficient data is available
Refer to Accompanying Documentation
GRIDBOX LONGITUDES
           4
   -3.75   -1.25    1.25    3.75
GRIDBOX LATITUDES
           5
   13.75   11.25    8.75    6.25    3.75
MODEL CLIMATOLOGY 1970-1999 (mm)
    0.37    0.43    0.36    0.25
    1.93    1.29    1.55    1.84
   10.20    9.43   10.50   12.25
   29.54   31.25   32.56   38.89
   46.22   56.45   64.31   77.36
Mean Anomalies over 10-year time slices (%)
2000 2009
  -81.88  -92.24  -86.88  -95.95
   -2.32   33.82   24.03  -39.79
   13.44    1.36    4.19   -7.94
    2.44    1.72    3.73    0.64
    7.22    3.56    0.57   -1.29
2010 2019
   64.65   27.73   50.58   83.48
   52.44  126.03   73.19   36.26
   23.83   35.81   15.36   15.76
   18.35   24.51   28.54   29.01
   24.60   27.88   23.52   14.41
2020 2029
   -1.14   -5.55   21.32  142.92
   37.10  103.16  125.49  111.69
   38.39   38.45   31.01   14.24
   12.50    6.25    4.69    3.18
    6.57    3.32   -4.20   -3.73
2030 2039
  -50.17  -73.68  -57.38  -70.27
   10.34   54.98   57.39    5.33
    8.85   12.17    5.56  -14.74
  -13.08  -12.13   -9.99  -12.52
  -14.80  -13.47  -16.57   -9.52
2040 2049
  -28.90  -39.10   -6.51   57.34
   36.54   62.18   78.48   70.34
   -1.28   -0.85    9.93   14.97
    2.07   -3.75    7.50   11.48
   10.32    6.58    6.95   13.79
2050 2059
  -27.49  -71.41  -93.90  -86.91
   39.08   68.72   48.48   21.71
   30.21   29.80   19.97   -1.95
    5.61    6.11    4.13   -8.73
   -3.05    1.03   -2.35   -3.25
2060 2069
  -27.09   -7.51   39.81   -2.31
   31.43  111.19  113.32   64.02
   26.52   40.51   32.95    6.23
   -0.67   -1.72    4.02   -2.52
   -0.55   -4.39   -4.78   -0.66
2070 2079
  -57.05  -79.42  -37.94  -47.65
   40.78   83.75   93.35   59.66
   21.63   22.81   14.92    0.91
   -0.44   -3.12   -2.05   -4.93
   -1.41   -2.18   -5.26   -4.55
2080 2089
   -4.92  -38.74  -53.62  -34.66
   20.79   77.91   68.01   34.18
   12.48   12.43    2.56   -7.73
   -9.77  -12.40  -11.20  -11.22
   -7.20   -9.26  -11.71   -8.56
2090 2099
  -79.01  -81.88  -36.95   10.61
   19.51   64.65   34.87  -18.83
    9.05    4.20    4.72   -9.89
   -3.72   -4.23   -1.41  -13.71
   11.62    1.85   -7.43   -8.63
