Mean monthly rainfall - Model Simulations
NaN indicates insufficient data is available
Refer to Accompanying Documentation
GRIDBOX LONGITUDES
           4
   -3.75   -1.25    1.25    3.75
GRIDBOX LATITUDES
           5
   13.75   11.25    8.75    6.25    3.75
MODEL CLIMATOLOGY 1970-1999 (mm)
    0.11    0.17    0.19    0.16
    0.79    0.87    0.90    0.83
    7.67    6.92    6.47    6.06
   27.86   25.92   25.17   26.60
   55.88   54.82   54.69   61.27
Mean Anomalies over 10-year time slices (%)
2000 2009
  -90.83  -92.91  -94.47  -94.46
  -81.98  -83.37  -85.34  -57.65
  -22.50  -30.13  -32.27  -22.94
   -7.04  -12.58  -16.42  -16.43
   -4.04   -8.64  -14.21  -16.37
2010 2019
  137.51   53.58   11.14   56.10
  122.48   68.56   27.37   55.13
    2.64   -0.75    1.67   18.68
  -15.19  -15.29  -11.36   -2.74
  -17.25  -17.98  -17.57  -13.24
2020 2029
  -43.88  -38.64  -55.82  -80.14
  -65.68  -70.58  -77.97  -79.11
  -36.66  -36.70  -35.17  -30.90
  -15.25  -11.49   -8.93   -7.77
    0.05    3.01    3.62    1.94
2030 2039
  -82.47  -94.12  -94.64  -94.37
  -80.88  -90.09  -95.47  -94.79
  -44.13  -51.19  -58.39  -61.94
  -16.30  -21.56  -27.76  -29.82
    0.49   -5.52  -11.72  -14.21
2040 2049
   44.52   43.36   39.54   -4.32
   22.03    0.73  -23.61  -51.96
  -19.96  -25.88  -35.51  -46.84
  -12.12  -18.73  -28.90  -37.44
   -6.40  -14.73  -26.18  -33.92
2050 2059
   12.40  -27.59  -64.14  -67.39
  -27.76  -40.52  -63.42  -69.92
  -32.17  -35.19  -39.55  -43.66
  -18.55  -22.49  -25.99  -28.11
  -10.48  -15.36  -19.55  -21.70
2060 2069
    4.58  -82.51  -84.50  -86.08
  -35.02  -80.11  -90.92  -90.17
  -30.41  -43.61  -50.60  -45.50
  -20.89  -25.09  -25.09  -18.45
  -14.34  -15.60  -13.17   -8.53
2070 2079
  -55.80  -81.63  -87.88  -84.90
  -65.78  -71.41  -71.93  -74.54
  -27.66  -32.16  -36.53  -44.37
  -13.38  -16.05  -15.43  -14.83
   -5.45   -7.16   -3.63    0.09
2080 2089
  -73.35  -89.50  -91.89  -92.41
  -71.86  -79.15  -82.02  -76.77
  -33.07  -34.45  -30.92  -23.05
  -17.14  -16.66  -13.41   -8.41
   -7.43   -7.44   -6.73   -4.92
2090 2099
  -53.52  -66.00  -79.90  -91.49
  -50.51  -74.55  -87.01  -89.24
  -56.64  -60.87  -58.63  -50.82
  -27.48  -28.67  -27.95  -25.67
   -0.12   -3.36   -7.60  -12.88
