Mean monthly rainfall - Model Simulations
NaN indicates insufficient data is available
Refer to Accompanying Documentation
GRIDBOX LONGITUDES
           4
   -3.75   -1.25    1.25    3.75
GRIDBOX LATITUDES
           5
   13.75   11.25    8.75    6.25    3.75
MODEL CLIMATOLOGY 1970-1999 (mm)
  159.48  133.40  117.39  105.47
  223.79  192.00  184.38  174.77
  235.47  208.90  208.78  203.30
  202.23  170.46  186.50  270.27
  204.84  205.02  213.76  307.43
Mean Anomalies over 10-year time slices (%)
2000 2009
   -6.56   -5.67   -6.62  -11.06
   -2.94   -0.61    1.85   -0.83
   -2.63    0.02    2.26    2.93
   -9.41   -5.22    1.24    2.89
  -14.01   -9.78   -0.71    3.93
2010 2019
   -5.15   -3.97   -2.98   -1.98
    1.92    0.58    2.94    5.59
    0.97    1.40    5.22    1.76
    2.37    5.32    6.21    1.25
    5.96    8.79   10.32    7.70
2020 2029
    0.10   -0.99   -1.30   -2.33
   -0.01   -0.67    2.67    4.26
   -7.16   -5.19    0.24    2.14
   -8.82   -5.11   -0.69    0.54
   -3.95   -4.34   -1.94    2.66
2030 2039
  -10.76  -11.38  -12.96  -12.37
    0.87   -4.43   -4.14   -1.51
    1.29   -2.94   -0.45    4.76
    1.37   -1.10    1.68    3.36
    2.96    4.96    6.85    4.58
2040 2049
   -1.46   -0.38   -0.35    0.15
    1.44    1.04    6.28    7.78
   -0.46    1.03    7.30    7.89
    4.16    7.43    7.32    3.56
    0.80    5.77    8.74    5.44
2050 2059
   -2.37   -7.78   -5.68   -4.20
    0.42   -2.67   -0.74    1.54
   -5.62   -4.72    0.88    3.87
   -5.25   -0.23    5.71    5.32
   -8.55   -0.50    7.93    7.94
2060 2069
   -0.20    3.01    6.00   10.75
   10.54    9.37   12.40   14.51
   13.93   13.30   12.50   13.34
    9.44   11.15    8.19    2.95
   -1.92    3.29    6.99    3.68
2070 2079
   -7.16   -8.04   -4.14   -1.42
    4.63    3.31    7.99   12.84
   10.59   10.51   15.07   16.65
    7.65    9.37   10.43    7.33
   -7.32   -3.78    1.90    7.37
2080 2089
    2.22    2.41    4.53    2.94
   10.58   11.93   16.54   16.99
   14.92   14.71   20.51   23.68
   15.43   17.91   17.63   11.09
    6.42    7.86   12.04   11.89
2090 2099
   -8.92   -9.94   -6.32   -3.20
    5.31    2.80    8.79   13.63
    8.48   10.37   16.93   20.47
    1.73    8.78   14.25    7.87
  -16.00   -6.24    4.60    6.91
