Maximum 1-day rainfall - Model Simulations
NaN indicates insufficient data is available
Refer to Accompanying Documentation
GRIDBOX LONGITUDES
           6
   11.25   13.75   16.25   18.75   21.25   23.75
GRIDBOX LATITUDES
           7
   -3.75   -6.25   -8.75  -11.25  -13.75  -16.25  -18.75
Timeseries in anomalies relative to 1970-1999 mean (mm)
2060s
    8.66    0.75    0.00    0.56    0.96    0.40
    2.75   -0.45   -0.36    0.84    1.51    1.74
    2.13    0.14    1.21    1.35   -0.01    0.42
    0.73    1.04    4.21    2.82    1.38    0.50
    1.99    6.26   11.20    3.55    1.33    1.01
    0.62    0.96    3.37   -0.42   -2.05   -2.55
    0.40   -1.50   -1.89   -3.48   -5.20   -6.15
2090s
    2.47    8.30    5.27    1.74    1.49   -0.50
    4.38    6.87    0.75    1.14    5.46    6.03
    2.63    2.42    1.17    0.63    2.09    2.84
    1.86    6.66    6.34    4.19    4.04    3.49
   -0.03    9.04    9.16    6.66    4.29    2.58
   -2.45    6.81   10.51    3.52    0.62   -0.28
   -2.22   -1.76    0.57   -2.00   -2.01   -3.46
