Maximum 5-day rainfall - Model Simulations
NaN indicates insufficient data is available
Refer to Accompanying Documentation
GRIDBOX LONGITUDES
           6
   11.25   13.75   16.25   18.75   21.25   23.75
GRIDBOX LATITUDES
           7
   -3.75   -6.25   -8.75  -11.25  -13.75  -16.25  -18.75
Timeseries in anomalies relative to 1970-1999 mean (mm)
2060s
   18.64    9.68    1.58   -1.50    0.40    5.14
   11.24    8.66    1.50    1.75    8.45   15.35
    2.33    3.86    3.98    7.04   12.45   19.48
    0.13    0.37    2.12    5.94    8.72   10.81
    0.25    0.40    1.00    3.10    6.25    4.55
   -0.44    0.87    1.66    2.32    7.84    6.18
   -1.32   -1.18   -2.58   -0.80    5.11    3.16
2090s
   -3.21   -2.95   -3.37   -0.18    0.78    0.05
   -1.86   -4.69   -4.56    4.58   10.13    6.62
   -0.50   -3.53    1.19    7.28    4.76   -2.16
   -0.02   -2.04    7.79    9.43    1.92   -5.26
   -0.71   -5.76    3.52    4.26    0.80   -0.57
   -1.16   -8.96   -5.58   -5.01   -2.83    2.36
   -1.43   -4.26   -5.26   -4.37    0.38    4.82
