Percentage of total rainfall ocurring in 'heavy' rainfall events - Model Simulations
NaN indicates insufficient data is available
Refer to Accompanying Documentation
GRIDBOX LONGITUDES
           6
   11.25   13.75   16.25   18.75   21.25   23.75
GRIDBOX LATITUDES
           7
   -3.75   -6.25   -8.75  -11.25  -13.75  -16.25  -18.75
Timeseries in anomalies relative to 1970-1999 mean (% of total rainfall)
2060s
   -1.82    1.45    2.19    7.87   11.82   13.45
  -11.37  -13.91  -17.09   -2.61    2.86    6.25
  -17.34  -19.82  -32.61   -6.43    3.28    7.90
    9.84   -4.82  -20.38  -15.88   -1.06   13.25
    6.72    3.70   -7.91  -21.65   -6.79   -3.02
   -1.31    7.17  -10.45  -22.72  -22.69  -21.05
   -6.65    2.33  -14.37  -22.68  -25.92  -32.93
2090s
    9.09    6.16    2.75    8.79   11.88   15.08
  -21.10  -21.51  -23.50  -12.20   -6.85    1.05
  -27.33  -22.83  -42.15  -35.12  -22.64   -7.65
   -0.35  -19.85  -53.29  -55.62  -37.08  -21.01
   -1.44  -29.85  -31.99  -49.80  -32.33  -17.73
   -9.40  -23.16  -29.66  -36.86  -38.00  -32.48
   -1.76  -16.54  -39.45  -44.77  -53.31  -53.69
