Maximum 1-day rainfall - Model Simulations
NaN indicates insufficient data is available
Refer to Accompanying Documentation
GRIDBOX LONGITUDES
           6
   11.25   13.75   16.25   18.75   21.25   23.75
GRIDBOX LATITUDES
           7
   -3.75   -6.25   -8.75  -11.25  -13.75  -16.25  -18.75
Timeseries in anomalies relative to 1970-1999 mean (mm)
2060s
    1.35   -1.72   -3.18   -2.34    0.52    0.90
   -2.29   -4.74   -5.18   -3.74   -2.27   -0.04
   -6.39   -5.74   -3.03    0.33   -0.60    3.80
   -6.71   -5.04   -0.74    3.96   -0.37    3.50
   -5.04   -3.32    1.03    5.70   -0.06    1.93
   -2.21   -0.81    1.69    4.10    1.47    0.95
   -0.48    0.21    1.71    3.32    1.43    0.12
2090s
   -0.65   -2.87   -6.82  -11.42  -13.04   -9.22
   -1.95   -5.74   -8.54   -9.71  -10.62  -10.66
   -1.66   -4.96   -5.51   -3.25   -3.61   -5.93
   -1.40   -2.17   -3.39   -4.22   -0.31    1.74
   -1.22    0.33   -1.36   -4.92    1.72    6.74
   -1.11    0.88    1.19    0.22    3.73    4.30
   -0.30    1.42    2.13    1.65    1.91    1.31
