Percentage of total rainfall ocurring in 'heavy' rainfall events - Model Simulations
NaN indicates insufficient data is available
Refer to Accompanying Documentation
GRIDBOX LONGITUDES
           6
   11.25   13.75   16.25   18.75   21.25   23.75
GRIDBOX LATITUDES
           7
   -3.75   -6.25   -8.75  -11.25  -13.75  -16.25  -18.75
Timeseries in anomalies relative to 1970-1999 mean (% of total rainfall)
2060s
   -5.47   -3.59   -2.17   -0.62    2.01    1.25
   -8.63   -8.97  -10.70   -8.84   -1.76   13.02
  -10.53   -8.90   -9.74  -13.36    3.05   11.44
  -13.78  -20.53  -27.91  -25.58  -18.21  -12.78
   -2.89  -21.47  -28.69  -28.89  -25.45  -21.67
  -13.59  -25.65  -26.83  -25.33  -20.66  -18.85
  -13.00  -25.89  -37.53  -35.93  -27.84  -18.01
2090s
   -9.93   -3.48   -1.23   -2.73   -0.30    6.69
  -11.87   -7.32  -10.36   -8.26   -0.02   10.65
  -14.21  -10.08   -4.20   -4.76    2.08    6.15
  -18.98  -27.21  -19.47   -9.72   -3.70   -6.33
   -9.16  -30.95  -21.46  -10.12  -20.03  -13.15
  -10.62  -21.76  -20.86  -14.34  -11.63  -20.41
  -12.54  -26.50  -35.10  -18.80  -14.61  -17.48
