Maximum 5-day rainfall - Model Simulations
NaN indicates insufficient data is available
Refer to Accompanying Documentation
GRIDBOX LONGITUDES
           6
   11.25   13.75   16.25   18.75   21.25   23.75
GRIDBOX LATITUDES
           7
   -3.75   -6.25   -8.75  -11.25  -13.75  -16.25  -18.75
Timeseries in anomalies relative to 1970-1999 mean (mm)
2060s
   -1.35   -4.70   -3.28    3.59   13.47   23.31
   -3.44   -7.75   -3.56    9.03   19.04   20.74
   -0.80   -2.11    1.20    7.94    6.38   -0.18
    0.62    0.51    2.27    5.35    4.45    0.40
    1.11    0.98    1.56    3.00    4.72    5.13
    0.72   -0.37    0.19    2.19    1.57    2.39
    0.58   -0.54    0.44    3.53    5.42    4.53
2090s
    3.34   -1.33   -3.87   -4.25   -9.51  -10.46
   -2.70   -6.22   -5.47   -0.87   -0.95   -3.61
   -2.89   -4.03   -1.76    2.61   -1.31   -1.01
   -1.25    0.34    2.49    4.08    1.01    1.73
    0.68    3.52    4.67    3.70    2.49    2.66
    1.93    2.87    2.53    1.10    0.16   -0.10
    1.77    2.62    1.75   -0.31   -0.17    0.12
