Frequency of Hot Nights - Model Simulations
NaN indicates insufficient data is available
Refer to Accompanying Documentation
GRIDBOX LONGITUDES
           6
   11.25   13.75   16.25   18.75   21.25   23.75
GRIDBOX LATITUDES
           7
   -3.75   -6.25   -8.75  -11.25  -13.75  -16.25  -18.75
Timeseries (% days occurring)
2060s
   81.43   79.40   82.73   86.73   87.85   89.36
   72.56   78.94   83.74   90.43   88.52   85.13
   60.55   73.95   72.46   76.67   77.54   73.38
   46.50   54.90   45.05   48.26   54.03   53.11
   32.49   37.20   36.54   37.71   40.05   42.13
   25.51   25.56   33.71   36.37   36.81   40.20
   26.25   20.05   30.75   35.31   38.58   40.16
2090s
   90.86   92.38   94.44   95.94   95.78   95.18
   83.55   91.22   94.92   97.40   95.90   92.76
   70.99   81.65   86.52   90.58   90.91   87.63
   57.04   61.26   62.70   68.23   74.45   72.78
   40.64   44.29   47.94   54.46   62.28   62.77
   34.14   30.76   43.04   49.10   55.23   58.28
   33.54   22.28   37.21   46.48   53.96   55.57
