Maximum 1-day rainfall - Model Simulations
NaN indicates insufficient data is available
Refer to Accompanying Documentation
GRIDBOX LONGITUDES
           6
   11.25   13.75   16.25   18.75   21.25   23.75
GRIDBOX LATITUDES
           7
   -3.75   -6.25   -8.75  -11.25  -13.75  -16.25  -18.75
Timeseries in anomalies relative to 1970-1999 mean (mm)
2060s
    0.65   -0.10   -0.24    1.16    1.00    0.95
   -0.83   -1.18   -0.97   -0.15    1.28    1.48
   -5.26   -7.61   -7.18   -4.05   -1.35    0.94
   -7.80  -11.37   -9.69   -4.03   -4.80   -4.37
   -4.93   -5.71   -1.64    2.66    0.98    3.16
   -1.59   -0.21    5.34    4.56    1.37    3.40
    0.33    1.44    3.18    0.77    0.65    2.11
2090s
    1.12   -0.37    0.25    1.39    1.44    1.81
    2.03   -0.47   -1.04    0.35    4.41    5.37
    0.64   -4.29   -5.93   -3.43    3.86    6.68
   -3.22   -6.38   -6.80   -2.48    5.01   20.70
   -6.55  -10.85   -6.65   -2.72    6.63   18.20
   -3.39   -3.68   -0.76   -3.07   -1.04    0.43
   -1.12   -1.03   -2.29   -2.12   -2.08   -1.04
