Mean monthly rainfall - Model Simulations
NaN indicates insufficient data is available
Refer to Accompanying Documentation
GRIDBOX LONGITUDES
           4
  -18.75  -16.25  -13.75  -11.25
GRIDBOX LATITUDES
           3
   16.25   13.75   11.25
MODEL CLIMATOLOGY 1970-1999 (mm)
    9.68   23.91   39.54   52.14
   18.88   48.00   76.19   96.96
   60.14  119.92  162.81  179.09
Mean Anomalies over 10-year time slices (mm)
2000 2009
   -0.70   -2.36    0.09    6.25
   -2.92   -3.75   -2.44    1.56
   -7.53    0.86    6.83    9.23
2010 2019
   -1.70   -4.76   -3.77    1.86
   -4.30  -10.49  -11.22   -5.40
  -16.72  -24.77  -19.82   -2.98
2020 2029
   -0.81   -6.73   -9.31   -7.29
   -2.48   -9.63  -10.95   -6.18
   -8.58  -18.68  -16.49   -2.97
2030 2039
   -1.39   -4.12   -0.49    8.62
   -1.29    3.09   11.55   21.42
    2.45   14.38   21.92   23.18
2040 2049
   -0.25   -4.04   -5.98   -4.68
    2.14   -0.76   -2.90   -3.02
    0.75   -4.52   -3.03    4.99
2050 2059
    0.63    3.85    5.53    5.14
    2.84   11.25   15.60   14.91
   14.36   19.16   22.28   23.30
2060 2069
   -0.74   -5.75   -7.63   -4.79
    0.71    1.54    3.21    6.05
   14.88   13.80   15.17   19.50
2070 2079
    0.19   -1.80   -2.43   -1.00
    0.89    4.84    4.48    0.65
    2.18    3.85    9.23   17.45
2080 2089
    1.91   -0.29   -1.42   -0.88
    6.59    2.75    4.26   11.21
   21.39   10.43   10.47   21.36
2090 2099
   -1.23   -6.34  -10.53  -11.52
   -2.69   -4.57   -2.72    3.64
    5.09    6.47    9.52   14.86
