Mean monthly rainfall - Model Simulations
NaN indicates insufficient data is available
Refer to Accompanying Documentation
GRIDBOX LONGITUDES
           6
   11.25   13.75   16.25   18.75   21.25   23.75
GRIDBOX LATITUDES
           7
   -3.75   -6.25   -8.75  -11.25  -13.75  -16.25  -18.75
MODEL CLIMATOLOGY 1970-1999 (mm)
  188.30  187.11  163.95  156.48  164.71  181.79
  171.16  184.84  174.88  169.19  167.76  171.84
  151.25  173.57  189.25  193.00  184.81  195.70
  163.39  190.44  226.06  232.00  208.25  220.68
  206.60  234.55  275.95  275.66  233.69  241.54
  237.22  260.57  241.84  232.36  232.12  247.77
  212.72  237.08  196.83  189.09  213.85  232.55
Mean Anomalies over 10-year time slices (mm)
2000 2009
    9.93   11.22   12.24   11.47    8.89    8.17
   16.67   16.51   12.73   11.42   12.58   11.29
   10.76   15.36   16.39   14.78   10.55    8.05
    5.15   12.80   20.35   19.43   10.04    5.74
    2.56   10.50   24.02   24.15   10.92    4.41
   12.27   17.15   25.22   21.07    4.71   -2.81
   16.75   19.21   22.71   16.12   -0.56   -8.11
2010 2019
    5.58    4.40    5.54    6.30    6.70    4.69
    5.99    4.61    4.80    6.06    8.40    6.80
    2.18    2.20    1.19    3.51    9.15    7.98
   -3.87   -1.27    3.81    6.60    7.10    6.53
  -10.90   -5.23   11.67   14.25    2.50    2.62
  -10.24   -6.52    7.33    9.32   -0.56   -0.53
   -6.98   -5.40    2.68    3.44   -3.12   -4.78
2020 2029
    7.90    7.02    5.67    3.95    1.86    2.31
    2.62    2.93    3.29    3.02    2.13    2.20
   -3.34   -2.93   -0.82   -0.82   -2.94   -0.80
  -12.37  -10.11   -0.27    0.53   -7.73   -4.43
  -22.96  -17.50    4.13    6.22  -11.21   -8.08
  -20.17  -16.33   -0.94    1.04  -10.38   -8.70
  -13.77  -13.45   -9.15   -8.37  -11.09   -9.81
2030 2039
   18.44   16.06   12.81   10.97   10.54   11.54
    7.86    8.78    9.45   10.46   11.81   11.31
   -2.85   -1.84    0.28    3.78    8.65   11.57
  -10.91   -7.26    2.54    7.96    8.98   11.57
  -14.96   -6.39   15.66   22.00   12.64   11.15
   -6.71    1.05   17.28   20.37   10.33    9.55
    0.78    4.95   10.52   10.20    4.01    5.57
2040 2049
   17.95   14.17    8.97    9.27   15.05   18.16
    9.10    8.80    6.04    8.96   17.57   20.79
   -0.26    0.84   -1.00    3.63   14.73   18.09
   -6.00   -4.83   -1.24    5.30   14.78   16.64
   -7.39   -7.20    5.32   13.23   16.54   15.40
   -2.56   -2.99    7.40    9.03    1.92   -0.82
    1.46    0.80    6.50    2.95   -9.85  -12.71
2050 2059
   30.03   23.68   13.42    8.44    8.75   10.97
   15.75   12.44    5.06    4.50   10.76   15.03
    4.92    2.93   -0.27    1.19    7.30   13.39
    8.21    8.45    5.26    4.42    5.92   12.24
   22.51   25.64   18.74   12.20    6.02   11.15
   11.00   12.98    8.07    2.11   -4.90    0.38
   -0.73   -0.70   -3.91   -8.74  -15.20  -10.59
2060 2069
   31.53   29.50   21.47   17.04   16.21   20.23
   20.68   24.06   18.91   17.45   19.68   20.91
    2.57    6.67    8.18   12.35   19.16   23.20
    0.45    3.60    7.44   13.14   20.70   26.39
   13.37   14.53   16.49   19.47   23.47   28.46
    9.68    9.99   15.31   16.77   14.38   13.55
    3.89    4.27   11.63   10.71    1.51   -4.30
2070 2079
   51.23   45.13   31.48   25.00   25.70   26.31
   28.82   31.19   23.69   22.28   26.96   27.03
    9.25   12.96   10.87   12.75   18.60   21.83
    0.30    5.38   12.35   14.57   12.03   14.49
    2.65    9.52   26.88   26.44    8.21    6.42
   13.94   18.96   24.40   19.28    3.59    5.70
   17.96   19.93   13.95    6.60   -2.13    3.97
2080 2089
   70.35   62.96   45.62   36.22   34.76   35.81
   50.44   53.18   38.93   32.73   34.59   34.02
   21.26   28.45   29.02   29.62   30.26   30.99
   20.74   24.84   27.41   28.80   29.00   29.53
   46.35   41.34   32.50   28.38   28.98   27.47
   38.56   32.63   19.16   10.84    7.67    3.89
   21.49   16.30    1.97   -7.47  -12.00  -16.81
2090 2099
   63.40   57.18   41.62   36.09   40.59   39.60
   41.12   43.64   32.58   31.36   39.97   40.34
   14.93   19.17   16.15   20.57   32.44   33.89
    9.01    9.38    9.46   15.48   27.45   28.96
   23.13   15.91   13.03   16.08   25.07   25.82
   30.76   26.27   13.62   10.26   16.21   18.05
   27.19   26.06    9.17    2.61    6.37    9.85
