Mean temperature - Model Simulations
NaN indicates insufficient data is available
Refer to Accompanying Documentation
GRIDBOX LONGITUDES
           6
   11.25   13.75   16.25   18.75   21.25   23.75
GRIDBOX LATITUDES
           7
   -3.75   -6.25   -8.75  -11.25  -13.75  -16.25  -18.75
MODEL CLIMATOLOGY 1970-1999
  298.39  298.25  297.17  296.34  296.51  296.88
  298.86  297.39  296.18  296.75  297.57  298.76
  298.55  296.76  296.20  296.89  297.91  298.29
  298.13  296.82  295.99  295.40  296.14  296.17
  298.10  297.14  294.79  293.49  294.67  294.64
  297.10  296.27  293.82  293.22  294.34  293.92
  295.55  295.14  293.25  291.63  292.30  292.47
Mean Anomalies over 10-year time slices
2000 2009
    0.41    0.62    0.53    0.42    0.67    0.93
    0.39    0.40    0.28    0.30    0.44    0.68
    0.33    0.32    0.15    0.32    0.38    0.47
    0.29    0.28    0.32    0.41    0.44    0.47
    0.29    0.27    0.41    0.44    0.44    0.40
    0.40    0.49    0.50    0.44    0.42    0.36
    0.40    0.60    0.60    0.53    0.46    0.38
2010 2019
    0.74    0.84    0.72    0.62    0.59    0.51
    0.72    0.80    0.71    0.60    0.61    0.62
    0.69    0.70    0.62    0.62    0.69    0.70
    0.61    0.65    0.61    0.66    0.66    0.65
    0.58    0.68    0.74    0.71    0.68    0.63
    0.63    0.90    0.89    0.83    0.78    0.73
    0.59    1.01    1.11    1.06    0.98    0.93
2020 2029
    1.07    1.20    1.12    0.98    0.93    0.95
    0.98    1.00    0.78    0.75    0.73    0.70
    0.90    0.77    0.62    0.80    0.88    0.94
    0.73    0.76    0.90    1.05    1.07    1.06
    0.65    0.85    1.05    1.03    0.98    0.98
    0.80    1.10    1.03    0.95    0.89    0.88
    0.73    1.14    1.16    1.07    1.01    0.96
2030 2039
    1.37    1.49    1.27    1.25    1.39    1.06
    1.26    1.23    1.18    1.28    1.26    1.06
    1.20    1.13    1.16    1.27    1.21    1.27
    1.10    1.13    1.31    1.33    1.25    1.21
    1.15    1.31    1.40    1.30    1.25    1.18
    1.53    1.78    1.54    1.38    1.29    1.23
    1.51    1.99    1.77    1.55    1.47    1.40
2040 2049
    1.67    1.64    1.47    1.56    1.65    1.58
    1.54    1.58    1.48    1.64    1.66    1.54
    1.48    1.45    1.47    1.72    1.68    1.61
    1.41    1.48    1.64    1.81    1.75    1.67
    1.45    1.69    1.82    1.84    1.78    1.66
    1.63    2.02    1.95    1.86    1.78    1.68
    1.52    2.05    2.09    2.06    1.98    1.87
2050 2059
    1.87    2.01    2.02    1.94    1.80    1.55
    1.70    1.73    1.81    2.14    1.95    1.57
    1.54    1.60    1.78    2.26    2.23    2.09
    1.35    1.56    1.98    2.34    2.34    2.25
    1.39    1.88    2.34    2.44    2.39    2.26
    1.71    2.50    2.59    2.58    2.48    2.34
    1.49    2.57    2.98    2.90    2.77    2.58
2060 2069
    2.19    2.34    2.40    2.45    2.45    2.53
    1.91    2.18    2.62    2.66    2.42    2.37
    1.67    2.00    2.63    2.55    2.47    2.43
    1.42    1.91    2.58    2.56    2.46    2.33
    1.53    2.31    2.65    2.50    2.45    2.29
    2.04    2.91    2.76    2.64    2.52    2.33
    1.94    3.03    3.16    3.00    2.86    2.68
2070 2079
    2.37    2.60    2.65    2.52    2.53    2.25
    2.10    2.25    2.65    2.77    2.58    2.26
    1.95    2.10    2.51    2.91    2.89    2.79
    1.73    1.91    2.66    3.07    3.08    2.94
    1.71    2.44    3.03    3.11    3.09    2.96
    2.10    3.15    3.25    3.19    3.14    2.99
    2.00    3.14    3.50    3.43    3.35    3.25
2080 2089
    2.46    2.74    2.91    2.76    2.81    2.66
    2.13    2.54    3.02    3.19    3.25    3.00
    1.97    2.31    2.88    3.24    3.22    3.04
    1.75    2.10    2.95    3.14    3.09    2.95
    1.83    2.59    3.11    3.05    3.03    2.89
    2.32    3.27    3.24    3.15    3.06    2.90
    2.16    3.34    3.55    3.42    3.30    3.13
2090 2099
    2.60    2.93    2.94    2.80    2.64    2.25
    2.17    2.64    3.04    3.03    2.80    2.52
    1.89    2.33    2.84    3.28    3.31    3.23
    1.55    2.12    3.05    3.53    3.55    3.40
    1.54    2.63    3.47    3.63    3.57    3.40
    2.05    3.48    3.75    3.78    3.66    3.46
    1.88    3.48    4.08    4.09    3.96    3.75
