Mean monthly rainfall - Model Simulations
NaN indicates insufficient data is available
Refer to Accompanying Documentation
GRIDBOX LONGITUDES
           6
   11.25   13.75   16.25   18.75   21.25   23.75
GRIDBOX LATITUDES
           7
   -3.75   -6.25   -8.75  -11.25  -13.75  -16.25  -18.75
MODEL CLIMATOLOGY 1970-1999 (mm)
    6.98   22.23   32.81   33.14   39.43   52.66
    4.33    4.13    8.21    9.03    9.94   11.43
    3.90    0.54    1.57    1.99    2.10    2.13
    2.42    0.06    0.27    0.47    0.71    1.09
    1.45    0.02    0.16    0.44    0.76    1.31
    1.28    0.05    0.22    0.55    0.85    1.23
    1.37    0.12    0.37    0.84    1.12    1.23
Mean Anomalies over 10-year time slices (mm)
2000 2009
    0.61    1.66    0.89    6.06    9.44    6.41
   -0.14    0.44   -0.06    2.49    4.25    2.86
   -0.50    0.07    0.10    0.88    1.51    1.06
   -0.32    0.06    0.19    0.36    0.57    0.49
   -0.09    0.04    0.18    0.22    0.30    0.26
   -0.06    0.02    0.18    0.22    0.40    0.49
   -0.12   -0.02    0.05   -0.05    0.31    1.06
2010 2019
   -0.32   -2.72   -6.19   -7.32   -6.63   -4.65
   -0.17   -0.94   -2.22   -2.54   -2.25   -1.86
    0.03   -0.09   -0.48   -0.59   -0.50   -0.52
    0.18    0.02   -0.03   -0.11   -0.03    0.21
    0.16    0.02    0.01   -0.10   -0.01    0.37
   -0.01    0.00   -0.04   -0.21   -0.37   -0.11
   -0.11   -0.05    0.03    0.03   -0.31   -0.36
2020 2029
    0.11    0.82   -2.41   -4.60   -6.65   -5.30
   -0.31   -0.12   -2.21   -2.34   -2.72   -2.36
   -0.29   -0.19   -1.02   -0.94   -0.81   -0.61
   -0.09   -0.02   -0.18   -0.22   -0.19    0.04
   -0.04   -0.01   -0.04   -0.09   -0.02    0.29
   -0.10   -0.04   -0.08   -0.22   -0.23    0.05
   -0.15   -0.09   -0.23   -0.55   -0.69   -0.43
2030 2039
   -0.07   -1.91   -6.04   -6.86   -9.56  -11.74
   -0.38   -1.24   -3.11   -3.38   -4.43   -4.59
   -0.11   -0.15   -0.87   -0.99   -1.16   -1.11
    0.09    0.02   -0.09   -0.05   -0.08    0.20
    0.06    0.00   -0.05    0.01    0.13    0.57
   -0.09   -0.04   -0.15   -0.12    0.03    0.29
   -0.12   -0.09   -0.27   -0.27   -0.10    0.11
2040 2049
   -0.56   -3.63   -8.84   -7.23   -7.27   -9.66
   -0.55   -0.87   -2.14   -2.15   -2.87   -3.62
   -0.44    0.03   -0.26   -0.52   -0.99   -1.14
   -0.16   -0.00   -0.07   -0.16   -0.36   -0.48
   -0.04   -0.00   -0.01   -0.08   -0.24   -0.39
   -0.12   -0.02    0.06    0.18   -0.05   -0.35
   -0.09   -0.03    0.23    0.70    0.52    0.06
2050 2059
    0.65   -4.37  -11.03   -9.31   -7.70   -9.86
   -0.11   -0.25   -2.77   -3.15   -2.52   -2.46
   -0.59   -0.02   -0.59   -0.77   -0.59   -0.58
   -0.33    0.00   -0.06    0.06   -0.10   -0.49
   -0.09    0.04    0.17    0.30    0.02   -0.42
    0.01    0.21    0.61    0.68    0.26   -0.02
    0.03    0.56    1.19    1.49    0.93    0.61
2060 2069
    0.17   -3.73   -4.89   -2.63   -0.21   -2.08
   -0.56   -0.38   -1.69   -1.70   -0.81   -1.03
   -0.63    0.13   -0.52   -0.62   -0.33   -0.13
   -0.26    0.04   -0.12   -0.22   -0.30   -0.18
   -0.06   -0.00   -0.05   -0.23   -0.42   -0.44
   -0.13   -0.02   -0.05   -0.17   -0.32   -0.35
   -0.18   -0.05   -0.03   -0.11   -0.11   -0.10
2070 2079
   -0.66   -0.30    3.57    3.37    0.68   -2.17
   -0.49    0.12    0.50    0.53   -0.38   -0.95
   -0.33    0.03   -0.37   -0.11   -0.35   -0.67
   -0.13    0.04   -0.06   -0.00   -0.25   -0.55
   -0.10   -0.01   -0.05   -0.14   -0.40   -0.67
   -0.19   -0.04   -0.12   -0.29   -0.50   -0.60
   -0.25   -0.06   -0.12   -0.33   -0.54   -0.47
2080 2089
    0.24    1.39    1.21   -0.17   -4.06  -11.05
   -1.04    0.04   -0.25   -0.52   -1.28   -3.09
   -0.58    0.01   -0.37   -0.31   -0.15   -0.48
   -0.12    0.01   -0.14   -0.20   -0.23   -0.43
   -0.11   -0.01   -0.08   -0.22   -0.37   -0.63
   -0.20   -0.03   -0.02   -0.19   -0.34   -0.50
   -0.21   -0.03    0.14   -0.08   -0.32   -0.27
2090 2099
    0.30   -1.10   -7.75  -10.21  -12.80  -17.49
   -0.82   -0.71   -3.56   -5.01   -6.06   -6.83
   -0.60   -0.12   -1.16   -1.66   -1.78   -1.70
   -0.17   -0.01   -0.25   -0.43   -0.59   -0.67
   -0.07   -0.01   -0.14   -0.37   -0.57   -0.73
   -0.22   -0.04   -0.19   -0.45   -0.64   -0.75
   -0.30   -0.08   -0.31   -0.69   -0.82   -0.81
