Mean monthly rainfall - Model Simulations
NaN indicates insufficient data is available
Refer to Accompanying Documentation
GRIDBOX LONGITUDES
           6
   11.25   13.75   16.25   18.75   21.25   23.75
GRIDBOX LATITUDES
           7
   -3.75   -6.25   -8.75  -11.25  -13.75  -16.25  -18.75
MODEL CLIMATOLOGY 1970-1999 (mm)
  165.90  111.97  190.75  245.83  229.68  216.67
  161.21  115.77  141.88  193.26  201.89  181.40
  126.33  113.43  114.20  143.14  149.04  140.56
  121.00  131.56  119.72  124.41  130.57  118.56
  111.21  118.06  110.83  111.95  124.14  113.38
   89.32  100.81   88.77   91.72  109.39  101.80
   48.15   74.41   74.16   71.38   84.55   80.89
Mean Anomalies over 10-year time slices (mm)
2000 2009
   -1.93   -4.66   -3.95   -2.02   -1.26   -4.62
   -8.32   -7.01   -2.62    4.65    6.00    1.80
   -4.61   -1.38    1.63    3.42    5.36    3.65
    3.20    4.55    4.60    4.23    5.97    6.37
    8.61   11.99   12.01   -1.55   -2.21   -0.73
    8.64   13.93    7.24   -5.42   -7.43   -6.17
    4.16    9.23    1.11   -7.55   -6.79   -6.69
2010 2019
    2.34    1.41   -1.28   -5.04   -1.33   -1.85
    3.95    0.85   -0.70   -1.55    2.02    0.37
   -0.29   -1.11    2.91    0.59    0.91    1.30
    1.70    4.64    6.87    1.90    3.18    3.57
    5.07    7.81    5.88   -1.09    0.90    2.85
    3.31    5.66    0.40   -3.70   -1.84   -0.27
   -1.44    0.80   -2.25   -3.49   -4.33   -3.50
2020 2029
    6.70    0.97   -3.06   -2.59   -1.69   -3.62
    3.34   -0.07    1.22    2.49    3.94    3.69
   -2.67   -2.89    2.48    4.71    6.58    6.82
    0.46    3.82    6.17    4.73    7.07    7.56
    2.63    6.40    8.63    5.13    6.93    5.86
    3.48    6.04    8.09    3.98    5.96    4.23
    2.95    6.37    5.14    3.22    3.67    4.01
2030 2039
   10.03    7.26    5.40   -2.65   -3.72    0.23
   13.23    8.28    6.01    1.31    2.49    4.70
    9.30    8.29    7.40    4.92    4.03    3.58
   11.19   12.37    5.70    2.54    3.59    2.24
   13.11   16.46   10.12   -0.16   -0.27   -0.37
    7.54    8.35    4.55   -4.33   -4.43   -2.66
    1.48   -0.29   -3.38   -6.50   -4.81   -3.35
2040 2049
    6.74   12.47   12.99    8.86    8.99   10.49
   11.93   12.19   17.09   10.55   10.24   13.85
   10.87   14.15   21.03   10.41    8.16   10.67
    5.87   16.01   19.33    2.94    1.58    3.55
    8.05   19.91   16.61    1.60   -2.65   -1.01
    8.80   17.51    9.89    2.59   -2.82   -4.94
    0.51    5.08    3.33   -0.65   -2.48   -2.99
2050 2059
   -2.37    6.13    5.25    2.46    3.10    6.14
    1.06    6.12    9.65    6.40    5.73    9.13
    1.47    8.63   16.92   12.17    4.30    5.02
    2.83   16.81   22.48    9.88    5.65    2.38
    9.24   20.73   20.65    5.68    2.31   -0.78
    8.58   17.03   13.67    1.40   -3.72   -4.74
    0.43    5.55    7.31    0.22   -1.81   -6.00
2060 2069
    4.87    5.75    7.48    2.99    3.25    1.37
    9.82    7.97    6.19    4.28    1.92    2.86
   10.51   11.71   12.97   10.95    6.48    4.01
    9.19   19.86   17.50   13.33   10.48    7.67
   15.66   21.92   20.01    9.67    5.61    4.17
   12.95   15.71   15.70    7.89    4.19   -0.72
    3.81    8.56    5.48    2.12    3.35    2.01
2070 2079
    9.86   13.16   13.80   14.14   12.86   12.29
   10.21   16.47   17.65   14.19   12.44   10.19
    3.37   11.07   18.77   17.21   10.81    7.21
   -0.00   17.74   19.38   13.97   11.45    4.79
    6.42   17.46   14.59   15.13    8.48    0.91
    6.46   10.32   12.65    9.30    3.88    1.35
    0.99    6.45    7.66    6.23    4.91    2.66
2080 2089
    4.89   12.38   11.36    7.95    3.82    6.17
    7.22    9.80   12.57   12.76    9.74    7.77
    6.84   11.04   20.79   20.23   15.98   15.17
    5.22   18.80   23.09   20.40   16.02   11.86
    5.16   20.03   22.46   13.20    9.96    7.46
    3.61   17.00   18.26    6.26    2.87    0.93
   -1.48    6.51    8.73    5.01    5.93    2.79
2090 2099
    7.27   14.80   13.95   11.48   14.45   18.28
    1.61   13.79   17.10   17.16   15.30   15.32
   -2.51   11.65   24.97   24.33   18.77   16.29
   -1.96   18.43   27.75   20.40   13.39    9.88
    2.37   20.66   23.62   14.74    6.07    3.72
    0.09   10.71   12.94    8.08    4.58    4.01
   -5.42   -2.51    3.14    2.60    4.94    3.74
