Mean temperature - Model Simulations
NaN indicates insufficient data is available
Refer to Accompanying Documentation
GRIDBOX LONGITUDES
           6
   11.25   13.75   16.25   18.75   21.25   23.75
GRIDBOX LATITUDES
           7
   -3.75   -6.25   -8.75  -11.25  -13.75  -16.25  -18.75
MODEL CLIMATOLOGY 1970-1999
  301.69  301.44  301.16  301.63  301.69  301.68
  300.87  301.70  301.35  301.30  301.14  300.99
  299.70  301.30  300.96  300.90  300.56  299.76
  298.78  300.16  298.63  299.15  300.17  299.02
  297.70  299.70  298.19  299.21  300.67  299.42
  296.18  299.52  299.48  300.08  301.09  300.09
  293.89  297.63  299.02  299.39  301.00  300.95
Mean Anomalies over 10-year time slices
2000 2009
    0.45    0.53    0.60    0.59    0.52    0.53
    0.40    0.45    0.56    0.62    0.58    0.53
    0.44    0.41    0.47    0.64    0.64    0.54
    0.46    0.50    0.52    0.61    0.63    0.53
    0.41    0.62    0.64    0.59    0.53    0.41
    0.33    0.63    0.71    0.66    0.58    0.40
    0.29    0.58    0.74    0.76    0.72    0.58
2010 2019
    0.62    0.71    0.77    0.76    0.72    0.75
    0.55    0.67    0.83    0.88    0.83    0.83
    0.49    0.56    0.85    1.10    1.07    0.90
    0.47    0.59    0.85    1.04    1.06    0.88
    0.46    0.70    0.88    0.81    0.80    0.72
    0.49    0.67    0.79    0.69    0.63    0.58
    0.55    0.62    0.71    0.73    0.69    0.59
2020 2029
    0.90    1.03    1.21    1.30    1.31    1.30
    0.79    0.87    1.06    1.22    1.28    1.26
    0.72    0.84    1.14    1.30    1.28    1.22
    0.69    0.99    1.33    1.32    1.25    1.16
    0.73    1.20    1.42    1.23    1.13    0.99
    0.71    1.17    1.37    1.20    1.09    0.88
    0.68    1.01    1.26    1.24    1.20    1.01
2030 2039
    1.44    1.41    1.50    1.63    1.66    1.63
    1.47    1.41    1.45    1.59    1.70    1.73
    1.45    1.48    1.58    1.65    1.67    1.72
    1.40    1.58    1.66    1.66    1.67    1.68
    1.32    1.66    1.72    1.63    1.62    1.60
    1.24    1.69    1.93    1.83    1.74    1.63
    1.13    1.59    2.02    2.08    2.01    1.86
2040 2049
    1.67    1.85    2.02    2.09    2.04    2.05
    1.53    1.69    1.93    2.06    2.07    2.07
    1.46    1.59    1.94    2.08    2.07    2.07
    1.46    1.77    2.07    2.13    2.15    2.13
    1.46    2.02    2.22    2.18    2.25    2.19
    1.33    2.00    2.24    2.23    2.38    2.35
    1.13    1.76    2.23    2.39    2.58    2.62
2050 2059
    2.10    2.31    2.48    2.52    2.43    2.45
    1.92    2.14    2.42    2.58    2.54    2.52
    1.76    1.92    2.39    2.73    2.71    2.57
    1.74    2.09    2.56    2.84    2.90    2.70
    1.75    2.45    2.88    2.96    3.01    2.78
    1.67    2.46    2.99    3.09    3.08    2.85
    1.55    2.20    2.90    3.17    3.17    3.07
2060 2069
    2.41    2.63    2.83    2.88    2.87    2.90
    2.29    2.50    2.78    2.92    2.96    2.96
    2.14    2.32    2.84    3.16    3.08    2.93
    2.07    2.52    3.06    3.35    3.33    3.04
    2.05    2.98    3.49    3.53    3.57    3.27
    1.83    2.92    3.69    3.76    3.76    3.46
    1.52    2.43    3.56    3.88    3.85    3.73
2070 2079
    2.66    2.99    3.29    3.47    3.44    3.43
    2.41    2.75    3.21    3.57    3.60    3.60
    2.25    2.48    3.13    3.78    3.92    3.85
    2.18    2.70    3.41    3.99    4.18    4.01
    2.10    3.20    4.04    4.27    4.28    4.01
    1.86    3.11    4.20    4.44    4.34    3.99
    1.57    2.57    3.91    4.45    4.37    4.11
2080 2089
    3.00    3.32    3.59    3.72    3.75    3.75
    2.77    3.07    3.45    3.72    3.80    3.76
    2.64    2.87    3.48    3.94    3.99    3.89
    2.58    3.12    3.83    4.27    4.37    4.14
    2.55    3.60    4.30    4.50    4.55    4.34
    2.34    3.53    4.36    4.60    4.64    4.44
    1.98    3.00    4.14    4.69    4.85    4.70
2090 2099
    3.25    3.61    3.85    3.95    3.93    3.97
    3.01    3.43    3.79    4.00    4.04    4.01
    2.85    3.12    3.76    4.27    4.28    4.05
    2.86    3.32    4.04    4.56    4.63    4.28
    2.89    3.89    4.77    4.98    4.93    4.58
    2.69    3.86    5.04    5.34    5.25    4.89
    2.39    3.33    4.71    5.41    5.53    5.37
