Mean temperature - Model Simulations
NaN indicates insufficient data is available
Refer to Accompanying Documentation
GRIDBOX LONGITUDES
           6
   11.25   13.75   16.25   18.75   21.25   23.75
GRIDBOX LATITUDES
           7
   -3.75   -6.25   -8.75  -11.25  -13.75  -16.25  -18.75
MODEL CLIMATOLOGY 1970-1999
  298.15  297.40  296.69  295.98  295.60  294.62
  298.73  297.62  296.51  295.58  295.35  294.76
  298.93  297.04  295.52  294.72  294.72  294.44
  298.48  296.01  294.31  293.89  294.24  294.27
  297.62  295.38  293.97  293.90  294.54  294.71
  296.39  295.93  295.56  295.54  296.20  296.21
  295.83  297.45  297.53  296.24  296.82  297.11
Mean Anomalies over 10-year time slices
2000 2009
    0.57    0.72    0.78    0.73    0.70    0.61
    0.51    0.71    0.77    0.65    0.62    0.54
    0.42    0.66    0.76    0.68    0.59    0.47
    0.38    0.61    0.70    0.61    0.52    0.42
    0.37    0.57    0.62    0.50    0.46    0.44
    0.42    0.57    0.56    0.40    0.43    0.56
    0.45    0.56    0.47    0.23    0.26    0.54
2010 2019
    0.79    0.74    0.76    0.85    0.87    0.81
    0.77    0.63    0.63    0.78    0.81    0.78
    0.77    0.65    0.63    0.72    0.71    0.70
    0.78    0.73    0.72    0.75    0.74    0.77
    0.81    0.81    0.81    0.82    0.81    0.88
    0.85    0.82    0.84    0.88    0.84    0.94
    0.85    0.88    0.85    0.78    0.80    0.93
2020 2029
    0.96    1.03    1.08    1.10    1.06    0.94
    0.87    0.95    1.02    1.05    0.98    0.90
    0.88    1.06    1.15    1.09    0.95    0.85
    0.87    0.98    1.05    1.02    0.91    0.88
    0.85    0.83    0.84    0.87    0.87    0.92
    0.82    0.66    0.60    0.68    0.81    0.99
    0.83    0.63    0.56    0.64    0.82    1.07
2030 2039
    1.19    1.36    1.45    1.40    1.31    1.20
    1.10    1.27    1.36    1.35    1.28    1.20
    0.98    1.12    1.23    1.26    1.23    1.15
    0.92    1.10    1.24    1.28    1.26    1.21
    0.91    1.12    1.27    1.32    1.32    1.34
    0.96    1.11    1.24    1.32    1.39    1.54
    0.93    0.96    1.03    1.13    1.21    1.44
2040 2049
    1.35    1.54    1.64    1.65    1.67    1.59
    1.20    1.44    1.60    1.64    1.64    1.55
    1.16    1.34    1.51    1.60    1.55    1.42
    1.19    1.39    1.54    1.60    1.56    1.45
    1.26    1.51    1.67    1.66    1.62    1.56
    1.34    1.68    1.86    1.82    1.72    1.72
    1.28    1.55    1.72    1.76    1.76    1.90
2050 2059
    1.71    2.01    2.10    1.95    1.87    1.75
    1.53    2.00    2.18    1.99    1.89    1.77
    1.50    1.97    2.14    1.94    1.78    1.64
    1.47    1.82    1.97    1.86    1.74    1.65
    1.47    1.68    1.82    1.83    1.76    1.74
    1.54    1.66    1.79    1.88    1.82    1.84
    1.54    1.45    1.52    1.71    1.68    1.78
2060 2069
    1.95    2.00    2.06    2.11    2.05    1.99
    1.81    1.84    1.93    2.05    2.03    2.00
    1.86    1.91    1.96    1.99    1.98    1.99
    1.89    1.96    2.03    2.03    1.98    2.01
    1.91    1.99    2.05    2.05    2.00    2.05
    1.96    1.95    1.96    1.95    1.99    2.13
    1.97    1.99    1.94    1.86    1.98    2.30
2070 2079
    2.27    2.50    2.63    2.64    2.61    2.55
    2.13    2.42    2.58    2.55    2.53    2.50
    2.14    2.41    2.53    2.45    2.37    2.31
    2.16    2.39    2.49    2.41    2.33    2.31
    2.20    2.40    2.47    2.39    2.33    2.39
    2.26    2.45    2.49    2.38    2.34    2.47
    2.21    2.41    2.48    2.41    2.38    2.58
2080 2089
    2.46    2.89    3.09    3.01    2.92    2.75
    2.33    2.86    3.10    2.98    2.86    2.69
    2.23    2.63    2.82    2.74    2.63    2.49
    2.22    2.51    2.64    2.56    2.47    2.40
    2.25    2.46    2.53    2.44    2.41    2.42
    2.31    2.45    2.49    2.42    2.46    2.56
    2.33    2.47    2.46    2.32    2.30    2.42
2090 2099
    2.67    3.02    3.15    3.02    2.95    2.85
    2.56    2.92    3.10    3.02    2.92    2.81
    2.51    2.67    2.81    2.86    2.76    2.65
    2.54    2.59    2.69    2.78    2.73    2.68
    2.60    2.62    2.70    2.78    2.76    2.77
    2.68    2.77    2.83    2.84    2.82    2.88
    2.66    2.88    2.97    2.90    2.88    3.00
