Mean monthly rainfall - Model Simulations
NaN indicates insufficient data is available
Refer to Accompanying Documentation
GRIDBOX LONGITUDES
           6
   11.25   13.75   16.25   18.75   21.25   23.75
GRIDBOX LATITUDES
           7
   -3.75   -6.25   -8.75  -11.25  -13.75  -16.25  -18.75
MODEL CLIMATOLOGY 1970-1999 (mm)
   49.42   63.24   68.80   65.98   55.91   38.79
   29.32   38.38   37.23   31.79   23.46   13.48
   16.90   18.25   15.71   10.26    7.10    3.44
    6.33    5.60    3.62    1.94    1.52    0.74
    1.19    0.80    0.67    0.30    0.28    0.28
    1.06    0.25    0.21    0.21    0.33    0.34
    2.52    0.56    0.44    0.66    1.17    1.52
Mean Anomalies over 10-year time slices (mm)
2000 2009
   -4.37   -2.45    2.46    6.89    7.78    5.69
   -3.04   -6.57   -0.91    6.69    5.13   -0.25
   -1.43   -1.26   -0.51   -0.25   -0.31   -0.83
   -0.83   -0.05    0.18   -0.73   -0.57   -0.43
   -0.22    0.35    0.73    0.06   -0.01   -0.17
    0.07    0.42    0.98    0.28   -0.11   -0.16
    0.04    0.37    1.39    0.83    0.14   -0.29
2010 2019
    2.87    4.08    7.29    6.31    4.23    5.76
    1.37   -0.36    4.40    6.86    5.39    2.80
   -0.43   -0.94    0.26    0.70    1.05    0.27
   -0.67   -0.98   -1.13   -0.72   -0.43   -0.24
   -0.27   -0.21   -0.45   -0.18   -0.06   -0.06
   -0.17   -0.04   -0.10   -0.14   -0.10   -0.02
   -0.34   -0.12   -0.20   -0.46   -0.70   -0.65
2020 2029
   -6.35   -4.74    5.86    7.05    9.48    8.65
   -5.22   -5.83   -0.51    3.11    3.95    2.05
   -4.05   -3.76   -0.94    0.13    0.54    0.02
   -1.74   -1.80   -1.06   -0.54   -0.42   -0.32
   -0.41   -0.34   -0.16   -0.07   -0.18   -0.22
   -0.36   -0.10    0.09    0.23   -0.12   -0.25
   -0.65   -0.14    0.03    0.31    0.06   -0.87
2030 2039
   -8.93  -11.26   -5.99   -4.20    3.46    9.30
   -5.63   -7.85   -6.42   -0.02    4.11    5.39
   -2.85   -1.76   -2.85   -1.04    0.60    1.62
   -0.95   -0.13   -1.01   -0.55   -0.04   -0.11
   -0.32   -0.22   -0.38   -0.16   -0.17   -0.21
   -0.36   -0.11   -0.06   -0.11   -0.22   -0.23
   -0.69   -0.18   -0.08   -0.32   -0.91   -1.16
2040 2049
  -19.67  -16.19   -4.67    0.28   -0.50    0.64
  -12.99  -14.64   -8.56   -0.65    0.08   -1.21
   -7.76   -9.26   -6.50   -1.51   -1.27   -1.49
   -3.36   -3.95   -2.40   -0.61   -0.82   -0.56
   -0.72   -0.63   -0.54   -0.17   -0.14   -0.23
   -0.59   -0.17   -0.16   -0.13   -0.22   -0.22
   -1.25   -0.34   -0.30   -0.35   -0.75   -0.92
2050 2059
   -3.27   -3.58    0.03    6.08    5.76    7.75
   -5.54   -7.89   -4.30    1.53    2.50    3.72
   -3.58   -4.13   -1.90   -0.91    0.97    1.11
   -1.37   -1.67   -0.77   -0.61   -0.36   -0.04
   -0.40   -0.45   -0.44   -0.19   -0.12   -0.05
   -0.37   -0.14   -0.14   -0.08    0.12   -0.02
   -0.74   -0.23   -0.28   -0.33   -0.10   -0.72
2060 2069
  -14.49  -16.24   -5.28    0.27    1.85    3.98
  -12.28  -16.36   -8.38    0.90    1.84    0.78
   -6.49   -8.58   -5.24   -1.29   -0.43   -0.53
   -2.17   -3.02   -1.78   -0.92   -0.86   -0.51
   -0.45   -0.56   -0.58   -0.22   -0.21   -0.23
   -0.53   -0.17   -0.18   -0.15   -0.22   -0.20
   -1.00   -0.31   -0.34   -0.51   -0.97   -1.24
2070 2079
  -17.78  -22.44  -10.09   -6.45   -2.18    1.99
   -9.68  -17.32  -12.35   -5.49   -1.26   -0.14
   -5.74   -9.09   -8.10   -4.46   -1.43    0.36
   -2.11   -2.96   -2.50   -1.32   -0.60   -0.01
   -0.39   -0.43   -0.56   -0.23   -0.19   -0.17
   -0.39   -0.15   -0.19   -0.18   -0.25   -0.17
   -0.81   -0.26   -0.37   -0.54   -0.96   -1.12
2080 2089
  -11.31  -13.13   -2.89   -1.38    0.58    1.67
   -6.89  -11.78   -9.05   -2.29    1.36    1.58
   -2.49   -4.00   -3.34   -1.60   -0.03   -0.14
   -0.66   -0.20   -0.40   -0.54   -0.61   -0.31
   -0.26    0.45   -0.23   -0.15   -0.16   -0.19
   -0.55    0.00   -0.14   -0.15   -0.23   -0.18
   -1.25   -0.33   -0.36   -0.48   -0.93   -1.19
2090 2099
  -14.29  -14.34   -7.77   -3.89    0.66    8.31
  -10.80  -15.12   -9.14   -2.01    4.02    5.10
   -5.41   -6.71   -2.00    0.13    2.13    0.36
   -2.03   -2.59   -0.86    0.31   -0.00   -0.31
   -0.43   -0.43   -0.26    0.09   -0.06   -0.19
   -0.50   -0.10    0.13    0.03   -0.20   -0.26
   -1.09   -0.26   -0.01   -0.27   -0.86   -1.15
