Mean monthly rainfall - Model Simulations
NaN indicates insufficient data is available
Refer to Accompanying Documentation
GRIDBOX LONGITUDES
           6
   11.25   13.75   16.25   18.75   21.25   23.75
GRIDBOX LATITUDES
           7
   -3.75   -6.25   -8.75  -11.25  -13.75  -16.25  -18.75
MODEL CLIMATOLOGY 1970-1999 (mm)
  121.29   77.62  134.10  165.18  144.71  125.42
   97.07   64.49   68.53   80.01   72.00   48.66
   77.40   67.14   41.39   16.50   11.42    6.56
   88.89   89.14   21.48    2.87    1.00    0.73
   59.26   29.30    3.36    0.78    0.43    0.31
   21.11    3.23    0.54    0.51    0.47    0.55
   12.64    2.64    0.78    0.87    1.08    1.45
Mean Anomalies over 10-year time slices (mm)
2000 2009
   -3.11   -8.67   -1.33   -0.61   -7.30  -13.90
  -17.41   -4.65    2.33    2.46    0.53   -5.47
  -20.30   -7.16    2.56    1.03    0.43   -1.47
  -12.31   -5.76    1.86   -0.14   -0.33   -0.34
   -3.94    2.21    0.50   -0.19   -0.27    0.12
    1.48    0.82   -0.25   -0.34   -0.25   -0.04
    0.46    0.27   -0.45   -0.34   -0.19   -0.02
2010 2019
    0.69   -5.55    2.36    2.08    4.27    7.20
   -1.85   -4.06   -2.20    4.72    2.11    1.06
   -3.47   -5.18   -2.00   -0.33   -0.47   -0.36
   -3.20   -3.24    1.52    0.38   -0.06   -0.32
    0.60    1.94    0.85    0.64   -0.01   -0.02
   -0.21   -0.29    0.28    0.25    0.01   -0.01
    0.11    0.06    0.07    0.21    0.25    0.23
2020 2029
    1.26   -6.44   -6.46    2.39    8.96    7.27
   -5.90   -5.43    0.62    4.24   13.05   15.24
  -19.59   -6.95    4.69    5.87    6.08    5.54
  -11.28   -1.08    4.02    0.75    0.60    1.17
   -1.64    1.79    1.04    0.36    0.55    0.80
    0.86    0.63    0.55    0.23    0.58    0.30
   -0.50    0.87    0.09    0.19    0.16   -0.51
2030 2039
    4.99   -4.48    1.44    9.85    5.89   14.49
    8.14    3.09    1.61    3.97    6.30   13.24
    2.16    0.88    3.80    2.62    3.86    0.87
    2.86    4.39    0.56    0.41    0.20   -0.05
   12.87    5.46    0.62    0.86    0.17    0.04
    8.39    0.14    0.06    0.35   -0.02    0.01
    2.80    0.73   -0.06   -0.19   -0.55   -0.72
2040 2049
   -0.56    3.33    6.14   12.39   18.46   15.21
   -3.34    0.24    6.69    6.85    6.56    8.39
   -6.28    1.22    4.00    0.19    3.27    3.35
   -7.44   -0.64    3.17    0.19    0.08    0.59
    0.34    1.88    1.16   -0.39   -0.30   -0.01
    1.23   -0.60   -0.11   -0.23   -0.24   -0.23
    0.22   -0.45   -0.51   -0.57   -0.58   -0.81
2050 2059
  -18.65   -8.65  -10.73   -6.33    5.60   23.49
  -30.22   -9.55   -3.82   -7.28    2.62   18.09
  -26.51  -11.55    3.36   -1.72    1.67    4.42
  -15.61   -2.03    4.09    0.46    0.22   -0.05
    1.06    5.06    0.95   -0.12   -0.20   -0.15
    0.19    0.48    0.54   -0.06   -0.17   -0.37
   -0.38    0.32    0.09   -0.11   -0.50   -0.90
2060 2069
  -21.85   -3.89   -2.89    4.16    4.97    5.70
  -34.17   -7.75   -6.05    1.10    5.51    9.31
  -32.65  -12.16   -5.48    0.45    1.60    1.16
  -22.85   -2.42   -4.16   -1.01   -0.03    0.12
   -5.84    2.71   -1.43   -0.41   -0.35   -0.23
   -2.52   -0.06   -0.25   -0.37   -0.38   -0.43
   -3.15   -0.56   -0.55   -0.67   -0.82   -1.09
2070 2079
  -12.70    0.84    5.33   17.34   19.77   27.91
  -18.63    1.48    2.59    7.74   11.31   18.49
  -21.86   -4.07    8.59    4.12    3.55    3.75
  -16.77    7.36    7.98    0.66    0.87    0.93
   -3.88    6.41    1.14    0.39    0.19    0.35
    1.91   -0.03    0.11    0.44    0.11    0.19
    1.01    1.21    0.25    0.25   -0.00   -0.51
2080 2089
  -14.63   -2.98   -1.17   13.36   11.14   24.43
  -20.93   -6.68   -2.08    5.90    1.36    7.81
  -16.22   -6.89    2.40   -1.73    1.05    1.18
  -10.36    6.27   -1.11   -0.41    0.15    0.30
    5.65    7.32    0.30   -0.17    0.02   -0.18
    4.63    1.13    0.29   -0.10    0.10   -0.24
    1.25    0.30    0.36    0.41   -0.11   -0.68
2090 2099
  -27.14   -3.49    3.80   18.89   27.41   44.31
  -31.75   -4.85    1.50   13.38   19.31   25.87
  -29.42  -10.68    5.36    6.50    5.86    5.15
  -24.09   -5.06    3.92    0.83   -0.10   -0.11
   -8.10    4.83    1.30   -0.30   -0.19    0.05
    1.58    0.63   -0.09   -0.34   -0.23   -0.21
    1.04    0.62   -0.31   -0.63   -0.73   -0.87
