Mean monthly rainfall - Model Simulations
NaN indicates insufficient data is available
Refer to Accompanying Documentation
GRIDBOX LONGITUDES
           7
   33.75   36.25   38.75   41.25   43.75   46.25   48.75
GRIDBOX LATITUDES
           5
   13.75   11.25    8.75    6.25    3.75
MODEL CLIMATOLOGY 1970-1999 (mm)
    6.84    8.38    9.08    6.05    4.43    5.70    6.08
   30.06   33.09   26.41   12.65    9.65   10.23   11.72
   88.47   87.08   66.43   43.28   36.64   29.43   29.31
  132.36  118.92   92.56   82.87   77.73   59.79   55.00
  139.04  104.36   81.43   80.30   71.89   61.62   80.48
Mean Anomalies over 10-year time slices (mm)
2000 2009
    0.68    7.47   10.27    8.60    8.11    9.41    9.84
    7.90   16.42   14.62   13.31   13.54   13.84    9.21
    5.19   11.86    7.96   12.57   15.94   19.18   18.96
   14.66   20.79    9.29    2.32    4.59   14.85   24.24
   29.24   31.51   21.66   14.95   13.62   18.98   29.46
2010 2019
    4.12    4.52    6.22    6.43    6.51    4.22   -0.26
    9.84   11.06   13.73   12.24   11.77    8.89    2.06
   19.99   17.85   16.09   15.75   12.56    9.25    4.53
   31.57   22.47   15.17   17.17   11.26    1.59   -1.96
   27.32   21.43   15.58   12.12    3.64   -4.04    0.10
2020 2029
    9.38   15.58   16.17   13.59   13.35   15.28   12.34
   14.38   15.59   17.21   18.41   22.14   20.73   15.47
   13.70   13.21   13.10   18.47   21.82   22.34   27.75
   28.80   24.38   14.12   13.96   20.58   28.26   38.53
   34.62   32.06   16.34    9.47   12.83   18.69   24.14
2030 2039
   -1.17    0.44    3.12    0.96    1.81    3.86    4.90
   -1.23   -0.49    0.72    2.87    5.19    5.89    4.25
    3.20    9.13    6.24    6.98    9.48   11.61    9.97
   15.74   28.88   20.91   13.81   10.55   14.84   21.86
   20.67   34.48   25.26   15.11   11.44   18.97   35.48
2040 2049
   -2.88   -0.57    5.56    2.21    0.65    3.33    3.45
   -0.30    4.80    9.68    7.37    5.33    4.01    0.18
   12.77   15.07    9.91    8.87   11.17   10.80    3.70
   26.43   27.56   16.50   17.26   19.02   15.76    6.28
   23.84   27.00   18.55   13.37    8.43    7.25   10.10
2050 2059
    6.48    2.52    1.51   -0.00   -0.48    0.64    0.84
   10.76    3.64    0.64   -0.72   -1.12   -1.24   -2.70
   10.41    6.98    3.43    0.48    0.65    3.78    3.14
   13.89   19.50   17.11   14.99   11.18   12.08   12.40
   21.70   27.13   27.63   28.40   25.83   23.56   22.29
2060 2069
   -1.31    0.99    6.49    6.24    3.42    2.66    3.72
    1.20    4.36    9.03    8.78    5.61    6.11    6.71
    9.24   12.57    9.99    9.05   10.42   13.49   13.73
   21.85   28.02   21.98   21.35   22.63   22.24   20.60
   21.93   28.62   24.36   22.13   24.22   28.44   31.91
2070 2079
   -2.88   -3.10   -2.55   -1.02    1.39    1.64    0.87
    0.17   -1.20   -1.64    2.77    5.03    4.20    0.96
   12.78   15.03   11.47    8.90    6.91    8.35    8.63
   28.21   39.19   31.12   21.57   16.37   17.05   17.71
   28.54   41.26   29.05   13.76    8.72   11.73   21.59
2080 2089
   -2.39    1.42    3.88    1.27    1.93    2.46    2.44
    5.85    7.93    6.09    4.75    7.49    6.03    3.39
   15.61   19.31   13.37   12.59   16.23   15.92   14.41
   14.75   26.71   22.08   24.11   27.32   31.46   31.57
   16.63   25.32   19.41   20.59   25.56   32.20   37.28
2090 2099
   -1.48    2.49    7.28   15.42   14.55   13.32    9.81
    1.11    1.99    6.06   12.96   14.63   15.06    9.67
   -5.63    4.35   10.06   14.66   14.48   16.58   18.43
   -7.70   24.24   24.88   12.33    2.06    7.46   16.52
   15.15   38.16   29.94    9.52    0.61    5.43   11.92
