Mean temperature - Model Simulations
NaN indicates insufficient data is available
Refer to Accompanying Documentation
GRIDBOX LONGITUDES
           7
   33.75   36.25   38.75   41.25   43.75   46.25   48.75
GRIDBOX LATITUDES
           5
   13.75   11.25    8.75    6.25    3.75
MODEL CLIMATOLOGY 1970-1999
  299.70  294.52  293.59  297.98  298.18  296.88  296.56
  298.60  291.35  289.88  296.59  298.21  297.86  297.78
  297.06  289.81  288.19  291.82  293.90  294.72  296.23
  296.22  292.31  291.47  292.76  294.50  295.93  297.43
  294.78  294.93  294.81  296.41  297.84  298.75  299.07
Mean Anomalies over 10-year time slices
2000 2009
    1.32    1.10    0.92    0.67    0.57    0.38    0.26
    0.83    0.75    0.69    0.65    0.46    0.33    0.32
    0.95    0.58    0.60    0.86    0.86    0.76    0.58
    1.28    0.93    0.73    0.77    0.94    0.90    0.58
    1.18    1.03    0.75    0.70    0.86    0.71    0.42
2010 2019
    0.54    0.57    0.77    0.87    0.81    0.66    0.53
    0.80    0.80    0.87    1.09    0.95    0.80    0.73
    0.83    0.79    0.92    1.26    1.30    1.24    0.97
    0.99    1.03    1.01    1.03    1.13    1.21    0.91
    0.89    1.03    0.89    0.85    0.86    0.87    0.71
2020 2029
    0.83    0.81    0.65    0.58    0.62    0.63    0.68
    0.62    0.81    0.72    0.46    0.50    0.62    0.71
    1.04    0.98    0.93    0.68    0.70    0.80    0.81
    1.06    0.99    1.08    1.22    1.45    1.40    0.97
    0.91    0.93    1.06    1.10    1.20    1.08    0.85
2030 2039
    1.19    1.13    1.14    1.12    1.09    0.94    0.88
    0.88    1.03    1.17    1.28    1.14    1.00    0.98
    0.70    0.93    1.14    1.12    1.18    1.08    1.01
    0.87    0.88    1.00    0.89    0.89    0.95    0.97
    0.57    0.41    0.81    0.86    0.78    0.85    0.91
2040 2049
    1.71    1.68    1.53    1.38    1.50    1.44    1.32
    1.37    1.59    1.51    1.37    1.41    1.39    1.41
    1.25    1.28    1.39    1.48    1.57    1.58    1.50
    1.28    1.21    1.39    1.32    1.35    1.47    1.33
    0.97    1.22    1.51    1.55    1.59    1.41    1.21
2050 2059
    1.32    1.45    1.33    1.37    1.56    1.48    1.40
    1.31    1.24    1.45    1.46    1.58    1.45    1.47
    1.48    1.28    1.43    1.40    1.41    1.26    1.35
    1.58    1.52    1.55    1.51    1.50    1.56    1.44
    1.38    1.60    1.66    1.71    1.69    1.52    1.36
2060 2069
    1.35    1.48    1.63    1.51    1.64    1.61    1.60
    1.20    1.56    1.87    1.68    1.76    1.68    1.69
    0.99    1.47    1.82    1.80    1.81    1.75    1.67
    1.23    1.39    1.70    1.70    1.59    1.57    1.47
    1.39    1.41    1.57    1.45    1.31    1.32    1.34
2070 2079
    1.68    1.69    1.58    1.42    1.53    1.51    1.54
    1.28    1.43    1.55    1.41    1.57    1.66    1.75
    1.25    1.56    1.68    1.58    1.67    1.78    1.78
    1.33    1.57    1.68    1.59    1.60    1.71    1.67
    1.19    1.38    1.56    1.56    1.59    1.57    1.64
2080 2089
    2.22    2.37    2.28    2.14    2.10    1.91    1.74
    1.84    2.05    2.17    2.19    2.01    1.88    1.86
    1.70    1.72    1.98    2.07    2.13    2.14    2.09
    1.76    1.70    1.79    1.92    2.07    2.22    1.90
    1.69    1.65    1.85    1.96    2.11    2.01    1.62
2090 2099
    2.74    2.65    2.59    2.44    2.34    2.14    1.95
    2.08    2.35    2.44    2.46    2.24    2.13    2.11
    1.59    2.12    2.29    2.45    2.45    2.44    2.22
    1.60    1.95    1.99    2.02    2.00    2.13    1.93
    1.54    1.91    1.80    1.58    1.49    1.64    1.64
