Mean temperature - Model Simulations
NaN indicates insufficient data is available
Refer to Accompanying Documentation
GRIDBOX LONGITUDES
           7
   33.75   36.25   38.75   41.25   43.75   46.25   48.75
GRIDBOX LATITUDES
           5
   13.75   11.25    8.75    6.25    3.75
MODEL CLIMATOLOGY 1970-1999
  305.58  301.68  301.21  304.15  305.44  305.06  304.20
  301.73  296.41  296.17  300.99  303.18  302.75  302.31
  299.99  293.86  293.39  298.58  301.13  301.06  301.06
  300.34  294.33  293.28  297.19  299.49  300.16  300.52
  299.43  296.49  295.65  296.94  298.17  299.37  300.07
Mean Anomalies over 10-year time slices
2000 2009
    0.23    0.00    0.06    0.39    0.64    0.80    0.80
    0.68    0.45    0.42    0.58    0.70    0.78    0.73
    0.82    0.66    0.58    0.60    0.63    0.67    0.62
    0.64    0.57    0.50    0.43    0.43    0.49    0.48
    0.98    0.81    0.64    0.48    0.39    0.38    0.37
2010 2019
    0.78    0.94    1.07    1.19    1.12    0.88    0.71
    0.76    0.83    0.92    1.04    1.03    0.88    0.73
    0.78    0.79    0.82    0.88    0.86    0.78    0.68
    0.82    0.81    0.77    0.71    0.65    0.58    0.54
    1.08    0.95    0.80    0.65    0.55    0.51    0.51
2020 2029
    1.63    1.74    1.72    1.57    1.36    1.10    0.91
    1.44    1.40    1.36    1.31    1.26    1.22    1.08
    1.25    1.16    1.10    1.07    1.07    1.10    1.02
    1.11    1.09    1.03    0.92    0.83    0.76    0.72
    1.10    1.22    1.16    0.91    0.76    0.70    0.69
2030 2039
    1.64    1.65    1.69    1.73    1.60    1.27    1.07
    1.48    1.41    1.39    1.42    1.41    1.37    1.22
    1.37    1.27    1.20    1.15    1.16    1.22    1.13
    1.36    1.28    1.16    0.99    0.88    0.84    0.79
    1.71    1.46    1.20    0.93    0.77    0.72    0.72
2040 2049
    1.51    1.49    1.53    1.63    1.55    1.28    1.10
    1.45    1.46    1.49    1.54    1.52    1.42    1.24
    1.45    1.42    1.40    1.39    1.35    1.27    1.15
    1.50    1.41    1.31    1.22    1.07    0.87    0.81
    1.56    1.61    1.49    1.22    1.02    0.90    0.88
2050 2059
    2.42    2.49    2.44    2.27    1.97    1.55    1.28
    2.40    2.12    1.94    1.85    1.79    1.77    1.58
    2.27    1.83    1.57    1.48    1.49    1.61    1.51
    2.09    1.72    1.44    1.25    1.13    1.09    1.04
    2.16    1.85    1.54    1.22    1.02    0.96    0.95
2060 2069
    2.29    2.74    2.88    2.74    2.39    1.83    1.47
    2.14    2.17    2.20    2.22    2.15    1.99    1.73
    2.10    1.88    1.78    1.78    1.81    1.85    1.70
    2.24    1.96    1.72    1.53    1.42    1.38    1.31
    2.81    2.27    1.82    1.46    1.25    1.19    1.17
2070 2079
    2.66    2.89    2.88    2.65    2.26    1.73    1.42
    2.62    2.48    2.35    2.23    2.07    1.87    1.65
    2.52    2.18    1.94    1.83    1.77    1.78    1.66
    2.43    2.07    1.78    1.55    1.43    1.42    1.38
    2.84    2.36    1.92    1.52    1.29    1.25    1.25
2080 2089
    2.47    2.56    2.57    2.49    2.22    1.77    1.50
    2.47    2.33    2.22    2.15    2.07    1.98    1.79
    2.41    2.13    1.93    1.82    1.79    1.85    1.74
    2.35    2.03    1.77    1.58    1.45    1.38    1.32
    2.81    2.23    1.80    1.51    1.32    1.23    1.21
2090 2099
    2.90    3.02    3.00    2.84    2.48    1.94    1.57
    2.76    2.49    2.33    2.26    2.16    2.00    1.76
    2.72    2.23    1.92    1.80    1.75    1.78    1.66
    2.85    2.33    1.91    1.57    1.36    1.27    1.24
    3.42    2.70    2.09    1.60    1.30    1.20    1.20
