Mean monthly rainfall - Model Simulations
NaN indicates insufficient data is available
Refer to Accompanying Documentation
GRIDBOX LONGITUDES
           7
   33.75   36.25   38.75   41.25   43.75   46.25   48.75
GRIDBOX LATITUDES
           5
   13.75   11.25    8.75    6.25    3.75
MODEL CLIMATOLOGY 1970-1999 (mm)
    7.64   19.11   16.78   16.99   11.69   11.70   12.20
   28.98   36.79   28.48   18.96   17.88   17.12   16.13
   59.20   52.01   37.32   27.07   26.71   30.63   33.18
   68.67   68.00   51.48   48.48   47.33   46.11   52.61
   94.17   54.37   52.69   61.68   52.65   55.76   96.34
Mean Anomalies over 10-year time slices (mm)
2000 2009
    0.11    2.52    2.07    3.61    2.06    3.31    4.43
    7.76    5.64    4.71    4.40    3.36    5.62    7.26
   11.87   10.79    7.22    7.87    5.38    5.46    8.32
   10.05   11.09    8.49    7.84    6.33    8.90    9.21
   12.92    9.94    6.18    3.73    0.82    1.94   -0.85
2010 2019
    3.56    8.47    4.02    2.29    0.78    2.97    6.00
    7.23    9.36    7.46    1.00    2.85    5.43    3.76
    9.36    9.70    5.80    1.82    3.95    4.55    6.97
    8.47    5.18    3.07    3.06    6.84    9.73   13.34
    3.03   -0.49    2.52    5.01    0.25    4.58   16.19
2020 2029
    2.67    6.84    6.53    8.92    5.69    7.03    8.58
    8.27    7.94    6.01    5.66    9.12   10.99   13.66
   10.98   12.35    5.98    4.88    6.06    8.28   14.83
   13.60   14.54    7.98    7.86    4.92    6.64   14.17
   19.03   11.32   12.11   11.06    2.63    8.22   24.49
2030 2039
    3.77    9.19    7.30    6.62    6.37    6.33    1.10
   12.13   12.56    9.93    6.20    8.11    7.93    0.79
   15.57   13.13    6.78    6.67    5.92    4.23   -0.99
   16.87   12.97    3.50    3.84    5.03    5.31    0.23
   12.66    4.95    1.20   -3.71   -6.16   -3.97  -10.26
2040 2049
    5.60   13.65   11.18   13.67    7.01    5.58    4.86
   13.21   15.69   11.05   10.06   10.90   10.32    6.51
   16.97   12.40    6.03   10.35   10.88   13.42   16.25
   17.71   10.85    2.85    7.06   11.27   15.02   20.44
   16.49    5.60    6.12    8.96    9.47    8.82   14.18
2050 2059
    4.72   12.97   10.60   12.27    9.97   12.13   14.09
   10.07   15.22   14.59   12.43   12.31   15.66   14.12
   11.86   14.90   12.82   16.01   13.22   15.70   14.97
   13.63   16.43   12.48   18.04   16.55   18.66   22.49
   10.57   11.82   14.36   20.76   18.00   23.34   28.33
2060 2069
    1.83   -1.81   -3.85   -2.95   -3.33   -4.30   -4.82
    6.84   -1.98   -7.34   -7.30   -6.07   -4.98   -3.27
   15.01    4.07   -6.03   -5.73   -2.35   -0.22    3.27
   21.08   13.29    2.14    3.49    4.17    9.93   17.69
   19.19   15.64   13.79   20.01   21.45   22.97   28.39
2070 2079
   -0.44   -0.94   -3.64   -5.13   -0.91    3.98    6.63
    2.94   -0.61   -4.62   -5.39   -0.16    4.94   10.89
    6.84    1.49   -6.00   -3.85    0.81    4.92   13.48
   10.13    7.40   -3.19   -0.73    5.50   13.53   27.94
   11.01   10.22   10.33    6.26    6.65   22.13   38.56
2080 2089
    3.85    8.84    7.07    7.89    4.11    2.72    5.79
   13.56    9.91    4.29    1.25    4.05    5.88   10.18
   17.59    8.04   -0.92    1.99    9.11   17.85   25.70
   23.87   14.09    4.17    9.20   15.32   22.91   33.16
   24.68   12.91   11.55   13.09   17.90   25.98   36.46
2090 2099
    0.21   -0.09   -1.09   -2.63    0.76   -1.75   -3.55
    4.30   -1.22   -2.48   -1.89    1.32    1.42   -2.95
   12.06    3.21   -3.68   -1.07    0.72    3.21    3.28
   15.58   11.95    5.69    5.43    6.55    7.42    7.00
   20.90   17.58   16.60   16.35   11.80    6.58    2.69
