Mean monthly rainfall - Model Simulations
NaN indicates insufficient data is available
Refer to Accompanying Documentation
GRIDBOX LONGITUDES
           7
   33.75   36.25   38.75   41.25   43.75   46.25   48.75
GRIDBOX LATITUDES
           5
   13.75   11.25    8.75    6.25    3.75
MODEL CLIMATOLOGY 1970-1999 (mm)
    8.37   32.50   46.12   43.52   24.86   10.63    4.51
   20.44   51.30   59.20   40.77   21.10    8.57    4.65
   39.40   66.19   62.42   29.37   12.98    5.64    6.01
   68.74   75.44   60.06   27.98   13.71    9.54   14.09
   85.68   74.80   52.61   24.59   15.22   15.47   23.63
Mean Anomalies over 10-year time slices (mm)
2000 2009
    2.48    5.01    7.64    9.32    5.61    2.39    0.77
    1.85    6.43   11.14   14.14    8.82    3.83    0.91
    1.74    8.61   14.90   18.21   12.03    5.67    1.19
    6.08   15.19   21.26   21.69   14.36    7.11    1.85
    1.48   11.13   17.43   17.29   12.54    7.57    3.51
2010 2019
   -1.00    4.58    6.40    3.47    0.38   -0.99   -0.67
   -3.38    3.75    6.50    3.43    0.19   -1.29   -1.17
   -5.98    0.63    3.48    1.05   -1.21   -2.14   -2.17
   -6.37   -0.78    1.50   -0.72   -3.24   -4.41   -4.58
   -3.59    0.82    2.41   -0.37   -4.26   -5.82   -4.91
2020 2029
   -0.95   -0.98   -0.45    0.64    2.04    2.22    1.21
   -4.54   -1.46    2.04    4.64    3.47    2.19    1.43
   -5.99    0.45    6.36    9.46    5.90    3.14    2.14
    1.54    6.57   10.89   12.91    7.85    4.40    3.34
    4.11    6.21    9.77   12.78    8.32    5.32    4.76
2030 2039
    0.70    3.03    0.49   -5.87   -4.34   -2.45   -1.60
    3.56    4.97    2.08   -3.79   -3.06   -1.71   -1.01
    6.65    6.76    4.05   -0.32   -1.38   -1.07   -0.20
    7.02    8.63    6.86    1.87   -1.17   -1.79   -0.47
    2.57    7.36    7.85    2.98   -1.54   -3.88   -3.80
2040 2049
   -0.90   -0.28   -3.35   -8.95   -6.62   -3.74   -1.87
   -0.55   -0.51   -3.91   -9.38   -6.83   -3.84   -2.00
    0.35   -0.87   -4.16   -8.20   -6.50   -4.14   -2.43
    0.88    0.23   -2.23   -5.66   -6.40   -5.54   -4.23
   -5.92   -2.80   -2.01   -4.31   -5.39   -5.82   -6.11
2050 2059
    1.53    5.34    3.21   -4.18   -4.84   -3.51   -1.56
    8.17   11.91    7.50   -3.37   -4.98   -3.94   -2.09
   16.64   18.52   11.52   -1.62   -4.56   -4.20   -2.59
   22.84   24.22   15.71    0.00   -4.89   -5.36   -3.74
   19.97   20.34   13.46    0.91   -3.61   -4.08   -2.43
2060 2069
   -2.27   -0.25   -1.99   -6.75   -4.41   -1.70    0.04
   -0.76    1.31   -1.00   -6.55   -3.83   -1.03    0.33
    6.10    6.29    2.39   -3.70   -2.24   -0.20    1.12
   22.45   18.62   10.52    1.46   -0.47    0.20    2.63
   17.80   15.67   10.38    3.32    1.86    4.24    9.73
2070 2079
   -3.00    0.10   -1.33   -6.44   -2.33    0.03   -0.76
   -3.24    2.76    4.90    2.42    1.07   -0.21   -1.51
   -0.07    8.10   13.53   13.89    5.37   -0.33   -1.65
    9.26   16.94   19.45   15.45    6.00    0.52   -0.07
   11.40   14.36   14.61   11.11    4.67    1.61    2.29
2080 2089
   -1.92   -0.73   -3.29   -8.60   -6.07   -3.39   -2.02
   -0.72    3.40    0.26   -8.68   -6.26   -3.30   -1.87
    5.39   10.02    5.43   -6.14   -4.89   -2.35   -0.76
   21.93   20.26   11.74    0.25   -1.02    0.04    1.84
   24.33   22.44   15.32    5.45    2.04    2.49    5.97
2090 2099
   -1.52   -0.52    1.98    4.69    0.94   -1.33   -1.12
   -2.23    6.00    9.35    6.31    1.37   -1.25   -1.33
   -0.61   13.63   15.66    4.72    0.24   -1.52   -1.82
    7.49   17.64   15.74    2.43   -2.16   -3.47   -3.29
   10.83   16.55   12.89    0.91   -4.30   -5.71   -4.47
