Mean temperature - Model Simulations
NaN indicates insufficient data is available
Refer to Accompanying Documentation
GRIDBOX LONGITUDES
           7
   33.75   36.25   38.75   41.25   43.75   46.25   48.75
GRIDBOX LATITUDES
           5
   13.75   11.25    8.75    6.25    3.75
MODEL CLIMATOLOGY 1970-1999
  303.30  302.83  302.69  302.89  302.99  302.71  302.00
  299.60  298.27  298.59  300.39  301.65  302.39  302.51
  297.92  296.10  296.06  297.89  300.33  301.92  302.27
  298.06  296.66  296.64  298.11  299.87  300.59  300.22
  297.76  298.14  298.68  299.29  300.02  300.00  299.35
Mean Anomalies over 10-year time slices
2000 2009
    0.69    0.67    0.72    0.82    0.80    0.72    0.62
    0.59    0.48    0.50    0.61    0.57    0.58    0.64
    0.49    0.50    0.53    0.55    0.61    0.59    0.52
    0.56    0.54    0.53    0.55    0.61    0.62    0.58
    0.52    0.57    0.56    0.51    0.61    0.60    0.50
2010 2019
    1.07    1.14    1.14    1.07    1.04    0.92    0.73
    1.03    1.00    1.00    1.02    0.94    0.85    0.74
    0.86    0.90    0.93    0.95    0.94    0.84    0.68
    0.82    0.89    0.90    0.85    0.72    0.62    0.57
    0.84    0.84    0.77    0.65    0.61    0.58    0.55
2020 2029
    1.35    1.41    1.33    1.14    1.13    1.05    0.87
    1.25    1.21    1.08    0.90    0.89    0.87    0.84
    1.02    1.10    1.02    0.80    0.91    0.94    0.85
    1.07    1.12    1.08    0.95    0.91    0.89    0.87
    1.15    1.05    0.97    0.91    0.88    0.86    0.84
2030 2039
    1.36    1.31    1.20    1.08    1.13    1.10    0.98
    1.38    1.35    1.31    1.25    1.13    1.05    1.02
    1.29    1.33    1.26    1.09    1.19    1.22    1.12
    1.24    1.31    1.31    1.23    1.13    1.05    0.99
    1.25    1.24    1.21    1.14    1.07    0.99    0.90
2040 2049
    1.74    1.81    1.71    1.49    1.67    1.55    1.11
    1.75    1.77    1.72    1.61    1.50    1.36    1.20
    1.46    1.58    1.71    1.77    1.69    1.52    1.30
    1.48    1.63    1.67    1.58    1.46    1.31    1.15
    1.63    1.63    1.52    1.33    1.26    1.18    1.10
2050 2059
    2.13    2.32    2.34    2.20    2.13    1.93    1.63
    2.15    2.02    1.73    1.41    1.63    1.70    1.56
    1.86    1.86    1.69    1.41    1.57    1.61    1.46
    1.66    1.66    1.67    1.66    1.58    1.52    1.49
    1.49    1.43    1.48    1.61    1.65    1.58    1.44
2060 2069
    2.41    2.47    2.44    2.34    2.48    2.35    1.93
    2.32    2.21    2.05    1.93    2.13    2.14    1.92
    2.09    2.12    2.03    1.87    2.01    2.03    1.86
    1.98    1.97    1.97    1.97    1.86    1.72    1.57
    1.90    1.80    1.78    1.83    1.81    1.69    1.51
2070 2079
    2.80    2.95    2.91    2.71    2.75    2.54    2.10
    2.76    2.62    2.41    2.21    2.30    2.32    2.19
    2.48    2.49    2.48    2.44    2.49    2.43    2.19
    2.35    2.36    2.40    2.44    2.27    2.09    1.93
    2.35    2.31    2.23    2.13    2.06    1.93    1.74
2080 2089
    3.00    3.06    2.90    2.61    2.68    2.48    1.98
    2.96    2.89    2.81    2.71    2.51    2.30    2.10
    2.66    2.69    2.75    2.79    2.74    2.54    2.24
    2.55    2.69    2.72    2.59    2.36    2.15    2.01
    2.59    2.60    2.48    2.25    2.13    2.01    1.90
2090 2099
    3.00    3.19    3.19    3.03    3.14    2.92    2.37
    2.94    2.82    2.62    2.40    2.54    2.53    2.31
    2.54    2.62    2.56    2.39    2.51    2.47    2.24
    2.42    2.44    2.49    2.52    2.43    2.27    2.07
    2.32    2.30    2.30    2.30    2.26    2.14    1.96
