Mean monthly rainfall - Model Simulations
NaN indicates insufficient data is available
Refer to Accompanying Documentation
GRIDBOX LONGITUDES
           7
   33.75   36.25   38.75   41.25   43.75   46.25   48.75
GRIDBOX LATITUDES
           5
   13.75   11.25    8.75    6.25    3.75
MODEL CLIMATOLOGY 1970-1999 (mm)
   48.98   15.41   10.57   35.33   48.92   39.99   29.55
   62.28   38.81   30.91   49.37   63.95   40.54   40.80
   90.82   75.15   61.88   65.24   56.03   38.76   39.12
  172.12   88.03   62.90   53.57   47.35   42.49   50.33
  196.57  105.56   54.44   54.31   57.69   75.40  113.74
Mean Anomalies over 10-year time slices (mm)
2000 2009
    3.31    3.52    1.07    9.01   10.44    8.62    4.77
    4.23    7.09    5.10   10.51    8.06    3.25    2.53
    2.14    5.55    5.66    7.28    6.01    2.10    0.97
    6.06    5.39    5.06    6.39    4.47    5.15    7.57
   12.26   13.23    7.78    5.13    4.40    8.30   15.69
2010 2019
    0.90    2.21    2.22    9.09    6.89    7.93    5.20
    1.60    4.32    9.20   10.87    7.59    3.20    2.96
   -0.98    1.59    4.39    5.29    3.41    3.22    5.03
    5.68    9.68    3.47    3.51    3.17    3.91    8.35
    9.89   18.66    8.06    4.41    0.65    4.11   12.56
2020 2029
    1.13    2.93    3.55   16.54   22.86   19.08   12.02
    0.61    2.10    7.01   17.77   16.32    9.82   10.17
   -0.07    1.64    4.57    8.21    6.37    6.19    5.49
    3.79    5.79    5.55    7.14    4.95    6.65   10.10
   15.51   16.37   10.08    5.99    4.90    9.98   16.23
2030 2039
    0.70    1.12    1.50    7.24   12.09   10.23    7.58
    5.20    0.25    3.17   12.90    9.90    6.17    5.88
    0.78   -2.64    0.32    3.88    4.02    2.25    3.01
    7.51    5.32    5.20    6.60    7.50    5.14    9.70
   17.64   20.08   11.22    9.34    9.54   11.74   18.90
2040 2049
    1.50    0.09    1.07   15.65   11.14    6.21    3.92
    0.31    1.75    2.61   10.99    5.15    4.00    3.74
    3.30    1.62    1.70    0.54    0.58    3.95    2.49
   12.45    6.39    3.93    4.53    6.22    5.88    5.32
   19.21   11.33    8.22    5.03    8.69    7.73    9.91
2050 2059
    4.91    6.28    4.39   19.45   21.29   16.47    9.03
    5.53   12.68    6.61   14.15   15.10   10.84   10.53
   11.73   13.27    5.95    5.05    4.70    8.06    8.46
   15.40   11.59    2.61    3.72    3.58    6.32   12.70
   15.91    8.90    4.39    4.10    1.67    9.13   26.03
2060 2069
    1.95    3.12    6.15   15.50   12.28   13.85   12.42
    3.63    8.05    8.98   19.01   19.66   14.44   12.78
    8.64    8.99    7.99   13.49   13.52    9.26    7.76
   13.26   13.10    8.13    7.07    4.17    5.82   15.33
   22.13   18.28    7.69    4.81    4.95   13.09   31.54
2070 2079
    4.52    2.78    0.77    0.78    1.50    7.88    7.96
    4.88    4.21    4.59   11.69   15.31    8.91    8.44
    5.01    6.12    4.65    8.68   10.52    7.96    6.77
   14.34   15.88    9.32    8.63    6.88    7.06   10.45
   25.27   26.45   10.95    6.73    7.99   11.30   19.36
2080 2089
   -2.42    0.82    1.08    6.37    7.72    7.63    5.76
    0.09    5.05    3.27    9.65    5.08    1.50    1.70
    4.40    3.10    2.24    4.89    5.51    3.76    2.76
   14.24    6.47    3.53    2.81    2.26    5.12   10.25
   21.12   11.81    3.78    3.72    5.54   12.07   24.54
2090 2099
    1.48    2.43    3.90   11.71    9.29    8.53    6.30
    4.03    4.50    6.39   16.04   11.19    4.89    4.12
    6.92    7.46    4.43    8.37    7.38    7.13    4.88
   13.04   10.12    5.95    7.52    6.89    6.00   10.85
   20.02   12.82   11.32   13.05    8.92   12.01   22.40
