Mean monthly rainfall - Model Simulations
NaN indicates insufficient data is available
Refer to Accompanying Documentation
GRIDBOX LONGITUDES
           7
   33.75   36.25   38.75   41.25   43.75   46.25   48.75
GRIDBOX LATITUDES
           5
   13.75   11.25    8.75    6.25    3.75
MODEL CLIMATOLOGY 1970-1999 (mm)
   73.76  122.87   52.76   16.82    8.68    8.53    8.16
  113.50  217.34  116.26   61.77   33.82   26.07   19.43
  160.18  255.29  200.09  100.85   77.11   80.24   42.98
  137.79  136.51  134.21   77.69   61.86   62.43   35.64
  157.66   81.96   67.48   60.83   46.96   45.63   57.05
Mean Anomalies over 10-year time slices (mm)
2000 2009
   -6.30    4.26   -4.89   -8.62   -3.29    1.22    6.13
   -1.41   13.54  -10.42  -18.33   -9.20   -0.48    3.84
   -5.22    1.84  -13.65  -20.94  -10.94   -1.06    5.39
  -19.43  -20.61  -21.01   -9.13   -1.88    1.15    4.91
  -18.23  -17.99   -6.72   -2.01    3.42    7.40    4.60
2010 2019
   -1.39   -6.21  -15.16   -4.85   -3.03   -2.20   -1.33
   -7.67  -13.76  -28.66  -19.02  -10.93   -6.78   -2.95
  -12.04  -15.84  -30.97  -19.97  -10.07  -13.88   -8.96
  -14.65  -11.92  -16.81   -5.62    2.58   -7.76   -7.76
   -9.38  -12.48  -12.60   -9.64   -8.39   -6.79   -3.50
2020 2029
   -5.54   -5.33  -17.06   -6.26   -3.59   -4.00   -4.31
   -1.61    0.80  -30.67  -21.17  -15.79  -12.03   -7.04
   -2.86    7.85  -18.23  -21.11  -11.26  -11.16  -12.97
   -6.03   -2.93  -11.44   -6.20    8.98   -0.50   -8.84
   -1.94  -16.10   -3.77    9.22   16.58   12.42    7.71
2030 2039
   14.33   18.16    3.84   -1.12   -0.09    2.72    2.52
    9.97   17.46   13.02    5.73    4.89    6.28    2.33
   14.49   20.73    5.44    0.72    9.06    7.80   -3.30
   -0.89   -7.03   -8.34   -5.49   -1.01    1.01   -1.10
   -3.48   -9.61   -9.50   -2.56   -0.92    5.02    4.96
2040 2049
   -6.77   -1.49   -3.99   -3.47   -1.54    0.07   -0.61
   -1.77    1.07   -6.66   -4.42   -4.97   -0.94    2.56
   -1.98    6.56   -2.93   -8.14   -8.78  -10.60   -2.92
   -0.69   -8.98  -10.49   -7.35    3.14   -3.72   -3.21
    1.59  -12.64   -2.15    6.07   13.08    6.53    1.91
2050 2059
   -0.14    6.10   -3.54   -5.88   -2.36   -1.19   -1.11
    1.53   10.32    5.87    4.41    2.91    0.38   -1.01
    3.31   22.81    8.39    3.26    1.20   -7.96   -2.61
  -11.81   -8.92  -13.03  -11.48   -1.56   -6.49   -2.23
  -13.09  -18.89  -10.48   -4.81    0.46    1.78    4.48
2060 2069
    1.93    9.27    9.84    3.47    5.49    9.48    5.16
    1.10    6.36   21.01   15.48    5.52    7.00    3.37
   -5.01    3.24    8.91    9.35    7.08    8.70    4.25
  -21.16  -13.24   -7.84   -1.29    2.35    2.78    2.60
  -30.44  -12.23    1.97    1.84    4.63   14.62   17.62
2070 2079
    0.19    3.04    7.91    5.10    5.58    0.67   -3.07
   -3.77   -1.65   20.36   15.99   10.01    3.31   -1.40
   -1.63   11.45    9.28    5.99    7.42    2.16   -3.17
  -12.27   -9.69  -10.67   -9.09   -5.62  -10.92   -7.73
   -7.92  -17.94  -16.78  -11.67   -2.12    0.78    3.30
2080 2089
   -7.30    2.99   -8.85   -5.85    0.99    5.74    5.74
   -8.73   12.51   -6.22   -8.16   -4.26   -0.42   -0.45
    0.48   15.31    1.20  -11.06   -9.94   -8.86   -6.56
   -6.93   -4.19   -7.29  -14.42  -11.03  -12.74   -6.91
   -4.08  -18.35  -14.63  -13.31   -5.54   -3.75   -4.15
2090 2099
   -5.71    2.94   -4.19   -4.84   -3.10   -1.44    3.91
    0.84    1.84    1.72    1.23    2.81    6.98    3.58
    3.02   18.35   16.93    7.91   13.19   14.95    7.54
   -3.34    1.42    2.73   -0.11    4.33    5.12    7.18
  -15.22  -13.96    1.96    4.66    6.99   10.60   15.33
