Mean monthly rainfall - Model Simulations
NaN indicates insufficient data is available
Refer to Accompanying Documentation
GRIDBOX LONGITUDES
           4
   31.25   33.75   36.25   38.75
GRIDBOX LATITUDES
           4
   -8.75  -11.25  -13.75  -16.25
MODEL CLIMATOLOGY 1970-1999 (mm)
   95.80   84.68   73.53   78.24
   94.00   82.55   77.82   87.18
   82.34   72.85   76.26   97.14
   73.66   75.09   79.16  102.98
Mean Anomalies over 10-year time slices (%)
2000 2009
   -8.40  -10.51  -12.91  -10.33
  -10.28  -12.20   -9.82   -7.34
   -8.10   -9.28   -7.76   -5.90
   -2.67   -0.37   -3.67   -5.55
2010 2019
   -3.52   -3.85   -0.62   -4.12
   -2.67   -4.31    0.62   -1.08
   -2.81   -5.18   -1.58   -0.96
   -2.58   -3.80   -4.44   -3.08
2020 2029
  -12.29  -14.83  -11.04  -12.80
  -12.19  -13.98   -2.13   -3.49
  -10.31  -10.70   -1.01   -0.03
   -8.23   -6.01   -3.98   -0.98
2030 2039
   -7.57  -12.95   -8.62   -9.32
  -10.56  -15.86  -11.39  -11.31
  -12.46  -16.33  -14.72  -14.35
  -12.44  -11.88  -13.09  -13.92
2040 2049
   -7.95  -14.00   -8.33   -3.62
  -13.89  -19.46  -10.53   -6.59
  -14.04  -19.35  -14.13  -11.70
  -11.17  -15.31  -17.73  -16.28
2050 2059
   -4.22   -7.16   -6.70  -14.38
   -3.90   -6.10   -0.65   -8.03
   -2.52   -3.44   -0.72   -5.61
   -0.09    1.98   -2.30   -5.27
2060 2069
    0.01   -4.34    4.38    6.78
   -1.64   -6.01    2.48    7.02
   -1.91   -5.12   -4.16   -4.54
   -0.49   -4.58  -12.72  -17.11
2070 2079
    1.39   -2.32    5.48    3.20
   -2.08   -3.49    2.32   -0.04
    1.36    2.48   -1.70   -6.41
    5.74    4.70   -6.21   -9.61
2080 2089
   -0.47   -4.78   -1.34   -5.35
   -0.55   -2.93   -2.51   -4.70
    6.34    6.23    0.43   -4.44
   11.62    8.89   -2.88  -10.98
2090 2099
   -6.32  -11.71   -4.79   -1.72
   -9.97  -14.08  -11.97   -7.22
   -7.46   -9.69  -15.53  -16.85
   -3.24   -5.95  -15.29  -20.68
