Mean monthly rainfall - Model Simulations
NaN indicates insufficient data is available
Refer to Accompanying Documentation
GRIDBOX LONGITUDES
           4
   31.25   33.75   36.25   38.75
GRIDBOX LATITUDES
           4
   -8.75  -11.25  -13.75  -16.25
MODEL CLIMATOLOGY 1970-1999 (mm)
  180.86  199.78  277.48  285.53
  169.85  182.03  288.88  295.42
  144.97  157.36  304.20  300.40
  182.30  179.67  249.60  225.49
Mean Anomalies over 10-year time slices (%)
2000 2009
    1.04   -0.26   -0.73   -2.41
    0.20    0.24    1.74    0.27
    1.62    4.10    5.34    4.06
    2.71    4.91    5.09    3.68
2010 2019
   -3.37   -1.19    2.33    3.11
   -1.45    1.17    5.42    6.38
    5.86    7.26    8.34    8.02
    3.35    3.94    5.82    5.76
2020 2029
    6.51    3.60   -1.43   -2.36
    9.36    6.67    2.07    1.55
    9.22    7.31    5.64    5.99
    7.69    8.68    7.36    7.40
2030 2039
   -0.38   -1.98   -0.48   -0.79
    0.19   -2.08   -0.12   -0.08
    2.34    0.15    1.81    1.94
    4.74    3.80    4.93    4.89
2040 2049
   -0.78    1.04    6.37    7.72
   -1.18    0.43    4.51    5.46
    0.35    0.81    2.35    2.58
    2.65    5.08    6.24    6.43
2050 2059
   -2.70   -5.62   -2.04   -2.10
    1.81   -2.03    0.01   -0.38
    7.14    3.09    3.58    3.29
    6.67    4.95    4.84    4.80
2060 2069
    6.98    4.89    4.45    3.22
    8.09    4.87    3.93    2.45
   11.36    5.99    3.06    1.68
    7.39    7.29    5.27    3.85
2070 2079
   -0.46   -0.92    4.26    5.19
    2.96    1.65    4.39    4.17
    8.55    7.54    7.06    6.22
   13.32   12.51   10.56    9.80
2080 2089
    3.27    1.06    4.36    4.88
    4.57    1.18    2.17    1.98
    6.71    2.73    0.55   -0.05
   -0.08   -1.32   -3.40   -3.76
2090 2099
   -7.06   -3.52    9.58   11.73
   -5.35   -5.06    2.39    2.36
   -2.79   -6.33   -3.07   -4.22
   -5.58  -10.85   -8.64   -9.52
