Mean monthly rainfall - Model Simulations
NaN indicates insufficient data is available
Refer to Accompanying Documentation
GRIDBOX LONGITUDES
           4
   31.25   33.75   36.25   38.75
GRIDBOX LATITUDES
           4
   -8.75  -11.25  -13.75  -16.25
MODEL CLIMATOLOGY 1970-1999 (mm)
    1.95    4.97   11.62   18.91
    2.68    6.16   11.42   17.42
    2.74    5.51   10.01   14.78
    2.88    5.77   12.08   16.32
Mean Anomalies over 10-year time slices (%)
2000 2009
    2.71    4.97   -1.57    2.18
   13.19    4.67   -1.51   -3.43
   25.44   17.78    7.98    3.86
    3.65    4.67    5.57    6.26
2010 2019
  -21.80   -8.71    0.56    4.40
   -2.64   -1.96   -2.68   -4.31
    2.62   -2.36   -9.54  -12.59
   -8.55  -14.31   -9.24   -6.95
2020 2029
   17.24   12.98   13.33   16.84
   17.23   14.47   12.27   13.02
    6.62    4.25    2.79    4.29
    1.91   -4.35   -3.89   -0.24
2030 2039
  -10.19   -2.11    2.50    0.29
    2.86    2.87    2.20   -3.79
   21.22   12.10    6.32    0.18
   46.97   22.78   22.55   18.30
2040 2049
  -27.77  -21.29  -18.68  -15.54
  -16.49  -11.23  -12.08  -17.27
   -3.39   -1.00   -5.83  -10.81
   -6.47   -4.25    0.42   -1.11
2050 2059
  -19.77  -15.43  -11.11   -6.28
   -1.73    1.15   -0.37   -0.63
   16.51   12.15    0.75    4.06
   25.61   15.99    0.99    2.16
2060 2069
   -1.57   -0.17    4.14   11.91
   16.30   14.78   11.34    6.20
   30.07   28.20   14.79    5.81
   32.43   28.06   13.73   10.33
2070 2079
    1.95   15.07   21.37   18.19
   16.05   20.56   19.15   13.35
   18.49   19.91   12.07    4.81
   12.51    8.92   13.74   10.18
2080 2089
   -9.78  -16.44  -13.96   -8.90
    9.72    5.89    7.19   11.87
   11.04    7.19   10.47   13.91
    2.62    1.99   -4.59   -2.74
2090 2099
  -31.63  -25.63  -20.56   -9.72
  -25.25  -19.05  -17.01  -11.40
  -19.76  -20.55  -19.56  -11.36
  -15.08  -16.35  -14.69   -6.73
