Mean monthly rainfall - Model Simulations
NaN indicates insufficient data is available
Refer to Accompanying Documentation
GRIDBOX LONGITUDES
           4
    6.25    8.75   11.25   13.75
GRIDBOX LATITUDES
           4
    6.25    3.75    1.25   -1.25
MODEL CLIMATOLOGY 1970-1999 (mm)
  355.98  347.78  330.82  308.04
  290.72  358.44  275.40  168.00
  107.04  175.50  167.34  141.98
   25.95   31.75   45.13   79.66
Mean Anomalies over 10-year time slices (mm)
2000 2009
   11.14   -1.31   -7.45   -2.48
   -6.91  -16.15  -16.36  -12.71
  -23.19  -40.40  -28.37  -18.01
   -8.96  -15.88  -21.03  -27.64
2010 2019
   17.07    8.84    6.72   11.90
   13.18    9.96   -3.77   -1.49
    0.60   -2.02    1.13    6.11
   -4.65   -7.96   -9.08   -4.61
2020 2029
   11.57   -2.64  -14.54  -18.81
   17.09    9.01   -7.04  -10.19
    0.05   -3.12   -5.94   -4.39
   -5.12   -5.21   -6.59   -8.97
2030 2039
    9.80  -12.87  -23.86  -14.12
   -4.33  -22.50  -37.89  -17.91
  -22.48  -30.69  -27.01   -4.61
  -12.15  -14.79  -13.53   -8.34
2040 2049
   -1.57  -26.46  -20.13   -5.43
   11.50   -9.33  -32.17  -17.79
   -6.13   -6.59   -9.47  -11.06
   -8.67  -10.63   -6.54   -8.10
2050 2059
  -12.25  -24.86  -27.24  -11.67
  -16.30  -21.57  -35.56  -18.24
  -20.21  -20.13  -15.04   -3.08
   -9.80  -13.32  -15.78  -13.91
2060 2069
   18.23   -1.22    4.44    6.82
   26.26    7.01   -9.66   -3.25
   -6.10   -8.64   -3.32    2.16
  -11.13  -13.02   -9.15   -9.85
2070 2079
   14.98  -10.24  -11.18    0.25
   27.65    3.11  -22.78  -11.04
   -4.83   -5.00   -5.92    1.59
  -10.47  -12.00   -8.78   -9.35
2080 2089
   -7.93  -14.73  -13.39   -6.87
   -2.19  -13.23  -24.91  -15.61
   -9.05  -16.22  -16.57   -4.41
   -6.65  -10.32   -8.15   -6.03
2090 2099
  -12.09  -21.13  -22.76  -10.09
   -9.90  -18.46  -34.44  -18.22
  -15.68  -17.95  -15.53   -5.25
   -9.75  -13.03  -13.88  -17.62
