Mean monthly rainfall - Model Simulations
NaN indicates insufficient data is available
Refer to Accompanying Documentation
GRIDBOX LONGITUDES
           4
    6.25    8.75   11.25   13.75
GRIDBOX LATITUDES
           4
    6.25    3.75    1.25   -1.25
MODEL CLIMATOLOGY 1970-1999 (mm)
  127.73  122.40  118.57  111.89
  224.52  213.56  182.80  173.20
  302.07  288.01  233.53  225.82
  316.32  312.68  253.33  254.86
Mean Anomalies over 10-year time slices (mm)
2000 2009
    7.04    7.76    8.91   11.38
   18.05   16.85   11.49   10.41
   14.61   14.67    7.99    8.00
  -14.85   -9.79   -9.61   -1.78
2010 2019
   20.57   17.85   16.52   14.44
   22.14   16.03    6.69    3.42
   17.72   11.47   -0.80   -4.85
   15.20   10.65    0.33   -4.61
2020 2029
   11.92    7.10    4.04    7.47
   19.16   14.18    4.69    2.32
   26.23   23.89    9.45    4.11
   21.53   21.69    9.35    7.54
2030 2039
   -1.21   -0.56    0.30    5.40
  -10.75   -6.21   -8.34   -4.52
  -21.88   -8.32  -10.91   -7.35
  -46.25  -32.41  -33.42  -20.16
2040 2049
    7.65    5.15    3.57    3.74
   19.56   12.99    2.32   -0.40
   32.01   20.64    1.00   -4.89
   40.36   28.35    0.44   -7.84
2050 2059
    2.66    1.72    1.80    5.25
    7.88    9.09    4.39    0.98
   -2.95    7.97    4.31    2.15
  -27.55  -17.64  -20.83  -10.75
2060 2069
    3.78    2.43    1.54    5.61
    4.89    6.06   -0.74   -3.48
    1.03   12.32    7.53    4.18
  -23.88  -10.88  -13.84   -2.02
2070 2079
   17.08   13.29   12.07   16.33
   29.94   27.74   19.56   16.11
   41.77   44.42   29.08   20.86
   25.99   31.09   17.22   18.33
2080 2089
    1.89    2.76    3.91    9.41
    7.54   10.46   10.32    9.01
   14.01   20.86   16.76   12.88
   -2.41    6.10   -5.40    0.42
2090 2099
   -8.64   -7.98   -5.53   -4.81
  -13.52  -10.02  -10.36  -16.09
  -15.83   -4.66   -9.83  -16.65
  -22.20  -13.09  -24.53  -21.18
