Mean monthly rainfall - Model Simulations
NaN indicates insufficient data is available
Refer to Accompanying Documentation
GRIDBOX LONGITUDES
           4
    6.25    8.75   11.25   13.75
GRIDBOX LATITUDES
           4
    6.25    3.75    1.25   -1.25
MODEL CLIMATOLOGY 1970-1999 (mm)
  305.72  295.73  243.53  208.01
  299.57  298.79  256.66  214.37
  223.55  233.60  225.61  194.83
  117.23  133.19  162.98  160.23
Mean Anomalies over 10-year time slices (mm)
2000 2009
   31.88   31.92   24.78   18.45
   34.06   31.71   23.22   16.14
   30.94   27.52   20.25   12.27
   19.11   19.80   19.66   11.54
2010 2019
   11.97    8.69    3.62    0.97
   10.35    9.39    6.28    1.95
    4.49    6.86    7.90    3.46
   -5.20   -1.67    2.31    1.94
2020 2029
   18.88   17.39   13.18    9.14
   10.65   11.15    9.04    5.16
   -4.90   -0.85    1.50   -1.61
  -20.75  -12.99   -4.81   -6.14
2030 2039
   50.27   39.74   21.60   15.67
   55.11   41.94   21.97   12.69
   38.28   29.40   17.02    8.63
    3.23    5.04    6.18    5.88
2040 2049
   26.50   23.61   22.23   16.40
   27.22   23.45   20.70   16.29
   20.24   16.99   14.00   13.70
   -1.26    1.61    6.46   11.59
2050 2059
   23.65   18.98   15.01    8.26
   21.68   18.52   18.23   10.84
   12.42   12.17   16.21   11.78
   -5.38   -0.35    8.41    9.25
2060 2069
   52.54   42.98   26.16   10.96
   45.96   41.17   25.24    9.95
   25.02   25.96   16.40    7.31
    5.26    5.76    3.73    2.49
2070 2079
   68.82   63.68   46.69   30.02
   51.48   48.81   36.62   20.10
   17.68   18.53   16.00    5.32
   -6.02   -2.85    2.76    0.92
2080 2089
   54.79   50.01   38.90   25.16
   41.53   43.95   37.48   22.52
   17.09   24.90   24.67   12.96
   -1.53    2.13    4.75   -0.15
2090 2099
   61.22   53.87   40.78   29.39
   54.32   51.55   41.69   28.89
   31.64   33.46   30.65   22.16
    3.85    2.37    5.19    6.90
