Mean monthly rainfall - Model Simulations
NaN indicates insufficient data is available
Refer to Accompanying Documentation
GRIDBOX LONGITUDES
           4
    6.25    8.75   11.25   13.75
GRIDBOX LATITUDES
           4
    6.25    3.75    1.25   -1.25
MODEL CLIMATOLOGY 1970-1999 (mm)
  112.26  104.89  129.02  104.74
  164.60  162.67  144.87  118.29
  170.74  208.13  184.39  202.92
  131.70  186.88  234.44  257.35
Mean Anomalies over 10-year time slices (mm)
2000 2009
    2.78    3.83    0.36    2.21
  -12.80  -12.95   -9.76   -5.63
  -22.95  -19.60  -12.98  -10.40
  -25.12  -24.75  -12.69    1.48
2010 2019
    4.02    8.50   11.24   13.36
   -0.19    5.38    8.98   12.87
   -1.73   -1.68   -4.31   -2.52
  -10.22   -8.62   -6.24   -1.51
2020 2029
   -7.89    1.93    1.50   -2.60
   -8.71   -3.36   -0.61   -3.67
    2.67    2.64   -6.77   -5.56
    7.14    6.03   -1.19   -1.46
2030 2039
   -1.52    4.88    4.61    2.73
  -10.06  -12.08   -3.19    4.44
  -16.29  -12.60    3.70   14.35
   -6.15   -1.13    9.65   11.08
2040 2049
    1.33    7.04    9.61   11.80
  -16.87  -15.54   -3.70    5.31
  -21.86  -22.35  -13.71   -4.49
  -14.83  -16.44   -9.98   -8.00
2050 2059
   -9.80   -3.46   -0.92   -0.16
  -21.53  -22.43  -17.75   -3.40
  -21.59  -24.84  -18.90   -8.05
   -6.97   -9.97   -7.95   -9.44
2060 2069
   -0.35    0.18    2.74    3.00
  -12.29   -7.80   -2.90    0.35
   -8.64   -7.04   -7.06   -5.73
    2.41    1.82    0.53    3.51
2070 2079
    1.52   11.00   24.05   19.66
   -4.50    4.32   14.69   16.19
   -5.27   -0.73    9.07   14.82
    8.60   14.17   12.43   14.27
2080 2089
    9.95   17.11   28.74   27.48
    8.09   11.57   21.45   20.86
    3.24    4.80    9.59   11.01
    0.81    6.17   13.00   13.71
2090 2099
  -16.06  -12.71  -16.73  -16.70
  -30.00  -27.64  -19.20  -11.89
  -18.26  -29.46  -20.24  -13.29
   -8.02   -7.56   -8.19  -10.41
