Mean monthly rainfall - Model Simulations
NaN indicates insufficient data is available
Refer to Accompanying Documentation
GRIDBOX LONGITUDES
           4
    6.25    8.75   11.25   13.75
GRIDBOX LATITUDES
           4
    6.25    3.75    1.25   -1.25
MODEL CLIMATOLOGY 1970-1999 (mm)
  260.87  268.83  262.26  242.63
  312.91  301.02  283.91  221.00
  304.98  266.23  260.75  203.86
  245.44  235.24  227.77  179.39
Mean Anomalies over 10-year time slices (mm)
2000 2009
   28.70   24.24   14.10    0.09
   27.53   19.76    7.90   -6.11
   15.47    9.72    2.65   -7.18
    0.78   -2.34   -1.51   -5.17
2010 2019
  -11.07   -7.44   -3.79   -1.30
  -17.45  -12.59   -5.33   -2.93
  -22.66  -16.86   -2.86   -3.36
  -19.03  -15.98   -3.89   -2.49
2020 2029
    3.38   12.62   15.30    5.03
   -9.28   -0.90    9.72    2.20
  -20.89  -20.24   -7.17   -5.75
  -19.34  -21.40  -10.86   -5.79
2030 2039
   27.39   36.82   35.26   29.71
   19.27   26.37   15.58   -0.26
   -2.16    2.30   -5.08  -18.08
   -7.70   -5.33   -9.43  -19.07
2040 2049
   12.95   25.17   21.89   13.02
   13.99   20.73   11.08   -1.75
   17.22   11.10    4.26   -3.49
   24.67   11.18    1.41   -2.60
2050 2059
   18.44   25.75   22.60   16.03
    9.72   15.07    8.18   -3.97
  -11.02   -9.86   -8.28  -12.89
  -13.23  -16.82  -11.56   -8.87
2060 2069
   11.99    8.14    3.44    3.07
   19.48    7.12   -2.57   -2.93
    7.86   -1.26   -4.21   -5.68
   -1.69   -6.00   -5.30   -8.04
2070 2079
    7.79    9.73   14.48    9.27
   -0.74   -1.22    0.95   -5.80
  -20.39  -18.12  -14.92  -16.87
  -27.46  -29.51  -20.02  -16.46
2080 2089
   19.32   20.50   13.41    5.07
   16.79   25.92   16.29    2.92
   16.83   26.82   17.46   -0.07
    1.33   11.65    4.13   -6.61
2090 2099
  -15.54   -9.23  -10.79  -17.68
  -26.00  -17.13  -14.00  -17.17
  -29.77  -20.62  -12.12  -14.12
  -20.46  -15.00   -8.15   -9.99
