Mean monthly rainfall - Model Simulations
NaN indicates insufficient data is available
Refer to Accompanying Documentation
GRIDBOX LONGITUDES
           4
    6.25    8.75   11.25   13.75
GRIDBOX LATITUDES
           4
    6.25    3.75    1.25   -1.25
MODEL CLIMATOLOGY 1970-1999 (mm)
  157.42  126.91  126.69  185.58
  228.31  169.48  119.35  171.62
  301.12  218.98   99.36  178.43
  311.88  249.42  101.22  146.57
Mean Anomalies over 10-year time slices (mm)
2000 2009
   -2.05   -6.02   -8.01   -5.63
   -9.29   -6.25   -3.30    2.62
   -9.56   -6.52   -7.76   -4.23
  -13.68   -6.29   -4.04    0.48
2010 2019
    3.45    4.46   -4.90   -3.83
    1.82    4.09   -8.39   -6.04
    5.15   -8.02  -16.31   -4.94
   21.74    6.36   -9.62   -3.27
2020 2029
   -4.18   -0.59   -6.09   -1.06
  -11.15   -4.86   -5.79    7.74
   -9.32   -9.31  -16.27    2.25
    2.38    5.03   -6.40   -4.71
2030 2039
    6.81    5.56   -1.76    2.26
    2.00    5.33   -7.05   -6.89
  -12.27   -5.24  -17.04  -15.20
   10.50    6.88   -8.17  -21.83
2040 2049
   -7.47   -6.07   -6.29   -7.49
    1.94   -0.59  -10.46    0.35
   14.18    1.63  -19.52  -10.70
   11.34    3.12   -6.38  -19.43
2050 2059
    7.78   10.68   -0.21   -4.49
    6.63   10.20    7.93   -0.63
   -3.64    0.59    4.30    4.71
    0.83    2.57   -2.85    5.07
2060 2069
  -10.64    0.99    6.13    4.97
   -1.17   -2.28   -1.27    9.22
    5.88    2.13   -4.41   11.28
  -11.82   -3.07    3.75    7.58
2070 2079
    0.69   -2.63    1.77    3.65
    5.29   -1.17   -7.48   13.36
   -1.01   -5.67  -16.05   -3.29
    4.86    1.31   -0.67  -15.71
2080 2089
   -6.62    0.13   -7.39    1.21
    2.06    6.13   -4.83    5.28
   -3.20   -7.84   -5.97    2.80
  -10.03  -14.81   -0.77   -2.68
2090 2099
   -0.01    1.06    1.13    0.18
    7.24    6.90    2.89   16.81
   -1.88   -3.66   -0.40   14.19
   -6.98  -12.73    0.83    9.69
