Mean monthly rainfall - Model Simulations
NaN indicates insufficient data is available
Refer to Accompanying Documentation
GRIDBOX LONGITUDES
           4
    6.25    8.75   11.25   13.75
GRIDBOX LATITUDES
           4
    6.25    3.75    1.25   -1.25
MODEL CLIMATOLOGY 1970-1999 (mm)
  158.60  173.85  169.66  151.00
  187.90  210.69  226.63  209.34
  138.81  165.58  229.47  219.67
   93.76  119.65  181.42  179.48
Mean Anomalies over 10-year time slices (mm)
2000 2009
   -1.54    0.13    2.75    2.51
   -2.54    0.16    5.77    6.16
    4.90    6.43    8.40    6.84
    9.50   10.72   10.66    5.37
2010 2019
   -2.27   -0.40    1.00    1.27
   -2.27    2.00    6.49    6.50
    5.38    9.36   14.20   10.74
    6.97    9.49   13.38    9.54
2020 2029
   -9.80   -6.25   -4.65   -2.40
   -4.12   -0.80   -0.52    1.06
    3.11    5.49    6.96    0.71
    0.32    1.28    1.72   -1.97
2030 2039
   -5.44   -4.25   -3.36   -3.22
   -2.79   -1.97    1.41    3.99
    9.16    7.41    4.71    4.58
   10.28    6.77    1.21    0.66
2040 2049
   -9.22   -7.22   -5.56   -4.34
   -7.34   -5.13   -2.08   -2.68
    5.83    4.81    2.97   -1.58
    7.62    7.07    3.96   -2.26
2050 2059
  -12.46   -9.46   -6.69   -3.26
   -5.57   -6.24   -3.52    4.69
    5.22    2.29   -0.70    7.57
    8.03    2.97   -3.83    0.60
2060 2069
   -7.23   -1.60    4.40    5.21
   -5.73   -2.13    5.35   10.22
    9.78    9.39   11.29   13.64
   16.35   15.57   14.08   10.39
2070 2079
  -13.26   -9.10   -3.65   -0.94
   -5.85   -1.52    5.24    6.10
    8.77    7.48    5.87    5.78
   14.49   11.04    3.50    0.16
2080 2089
  -12.58   -7.67   -3.10   -0.65
   -4.70   -1.35    5.08    7.29
   15.43   13.78   12.89   13.36
   23.86   20.64   13.48   11.13
2090 2099
  -13.13   -9.05   -4.71   -2.50
    0.03    1.98    9.14   11.32
   18.38   17.07   15.67   14.52
   20.31   19.38   13.52   12.60
