Mean temperature - Model Simulations
NaN indicates insufficient data is available
Refer to Accompanying Documentation
GRIDBOX LONGITUDES
           5
   13.75   16.25   18.75   21.25   23.75
GRIDBOX LATITUDES
           8
   23.75   21.25   18.75   16.25   13.75   11.25    8.75    6.25
MODEL CLIMATOLOGY 1970-1999
  288.57  288.71  288.50  289.04  289.63
  292.07  291.20  290.04  290.68  291.43
  295.31  295.30  294.84  294.62  293.82
  297.74  298.33  298.47  297.46  295.53
  298.23  299.30  299.74  298.81  297.39
  298.92  300.02  300.14  299.33  298.53
  298.54  299.47  299.26  298.44  297.99
  296.52  297.29  297.54  297.11  296.89
Mean Anomalies over 10-year time slices
2000 2009
    0.64    0.46    0.34    0.36    0.48
    0.52    0.43    0.45    0.53    0.58
    0.46    0.42    0.45    0.49    0.51
    0.37    0.38    0.37    0.37    0.42
    0.49    0.55    0.53    0.40    0.34
    0.90    0.84    0.75    0.59    0.46
    0.92    0.76    0.58    0.38    0.29
    0.49    0.38    0.40    0.41    0.37
2010 2019
    1.41    1.25    1.20    1.25    1.33
    1.30    1.20    1.21    1.21    1.22
    1.16    1.09    1.09    1.09    1.11
    1.08    0.97    0.90    0.91    0.99
    1.12    1.05    0.94    0.80    0.81
    1.02    0.94    0.78    0.68    0.66
    0.73    0.68    0.62    0.57    0.55
    0.62    0.55    0.59    0.63    0.65
2020 2029
    1.18    1.08    1.06    1.22    1.31
    1.29    1.22    1.25    1.32    1.25
    1.22    1.15    1.18    1.19    1.17
    1.18    1.15    1.17    1.20    1.20
    1.21    1.30    1.37    1.33    1.26
    1.42    1.52    1.42    1.38    1.38
    1.25    1.20    0.98    0.93    1.09
    0.84    0.76    0.81    0.83    0.85
2030 2039
    1.70    1.73    1.87    2.10    2.19
    1.96    1.94    2.04    2.20    2.17
    1.97    1.92    1.94    1.99    2.03
    1.91    1.92    1.95    1.93    1.93
    1.94    2.02    1.85    1.81    1.82
    1.92    1.95    1.51    1.46    1.55
    1.63    1.54    1.32    1.31    1.46
    1.29    1.21    1.14    1.19    1.24
2040 2049
    1.74    1.67    1.69    1.92    1.99
    1.92    1.83    1.94    2.12    2.17
    1.98    1.91    1.95    2.05    2.17
    2.01    1.99    2.02    2.04    2.13
    2.18    2.25    2.13    1.97    2.01
    2.41    2.34    1.89    1.75    1.88
    1.85    1.70    1.35    1.35    1.48
    1.42    1.34    1.38    1.46    1.41
2050 2059
    2.67    2.57    2.47    2.64    2.71
    2.81    2.73    2.75    2.84    2.79
    2.79    2.71    2.72    2.72    2.74
    2.76    2.71    2.68    2.70    2.72
    2.63    2.52    2.38    2.42    2.56
    2.43    2.18    1.79    1.84    2.09
    2.01    1.85    1.47    1.55    1.61
    1.60    1.55    1.47    1.53    1.58
2060 2069
    2.38    2.38    2.37    2.68    2.94
    2.72    2.68    2.74    3.01    3.12
    2.88    2.81    2.86    2.99    3.15
    2.93    2.88    2.88    2.97    3.14
    2.87    2.89    2.82    2.79    2.89
    2.89    2.78    2.46    2.38    2.52
    2.58    2.37    1.89    1.88    1.96
    2.03    1.86    1.77    1.83    1.78
2070 2079
    3.24    3.08    2.96    3.13    3.27
    3.45    3.36    3.35    3.47    3.48
    3.46    3.34    3.33    3.40    3.48
    3.34    3.28    3.29    3.29    3.38
    3.31    3.26    3.05    2.94    3.03
    3.21    3.05    2.72    2.53    2.65
    2.77    2.57    2.26    2.20    2.35
    2.26    2.06    2.00    2.15    2.15
2080 2089
    3.07    2.97    2.84    2.99    3.09
    3.24    3.12    3.15    3.35    3.39
    3.30    3.22    3.26    3.36    3.51
    3.15    3.13    3.15    3.20    3.37
    3.12    3.14    3.03    2.95    3.07
    3.38    3.20    2.87    2.74    2.83
    3.00    2.73    2.35    2.27    2.40
    2.19    2.18    2.09    2.11    2.11
2090 2099
    3.46    3.40    3.29    3.44    3.60
    3.77    3.71    3.75    3.90    3.93
    3.82    3.73    3.76    3.83    3.95
    3.61    3.44    3.35    3.47    3.78
    3.21    2.97    2.83    2.85    3.21
    2.89    2.62    2.48    2.51    2.70
    2.76    2.55    2.15    2.15    2.22
    2.39    2.31    2.10    2.12    2.15
