Mean monthly rainfall - Model Simulations
NaN indicates insufficient data is available
Refer to Accompanying Documentation
GRIDBOX LONGITUDES
           5
   13.75   16.25   18.75   21.25   23.75
GRIDBOX LATITUDES
           8
   23.75   21.25   18.75   16.25   13.75   11.25    8.75    6.25
MODEL CLIMATOLOGY 1970-1999 (mm)
    8.32    7.17    5.55    3.52    2.86
    9.98   11.27   10.07    6.62    4.61
   18.76   21.10   18.94   13.86    8.85
   43.54   43.74   43.84   39.35   27.35
   77.90   79.60   91.70   99.71   79.30
  134.72  131.46  143.55  156.92  142.40
  196.91  180.48  181.64  190.11  177.81
  218.99  201.99  192.31  190.63  184.91
Mean Anomalies over 10-year time slices (mm)
2000 2009
   -0.84   -1.18   -0.73   -0.62   -0.63
    0.79    0.24    1.21    0.66    0.72
    4.58    6.01    7.27    5.71    4.75
   10.79   13.03   14.09   10.52    7.98
   11.21   13.80   13.07   10.84   11.82
    6.47    4.06    4.99    8.59    9.51
   17.26   11.46    6.59    4.64    2.97
   28.84   27.31   16.96   11.03    7.96
2010 2019
    2.43    3.70    1.60    1.31    0.17
    5.13    3.13   -0.87   -1.60   -2.28
    3.45    0.41   -2.27   -4.12   -3.94
   -0.84   -3.05   -3.70   -4.15   -3.84
   -9.02  -11.75  -12.94  -11.91   -7.04
  -13.72  -13.98  -13.47  -10.00   -7.40
   -9.97  -10.03   -8.98   -9.05   -8.44
    3.17   -0.61   -5.11   -6.51   -6.94
2020 2029
    0.77   -0.91   -0.86   -0.82   -1.01
    3.85    0.69   -0.68   -1.90   -2.36
    2.56   -3.19   -4.68   -5.52   -4.08
    3.77   -5.73   -9.21   -9.23   -5.63
    8.15   -1.41   -9.36  -14.51  -11.56
   -1.56  -10.52  -15.98  -18.36  -18.39
   -7.72  -14.21  -18.32  -18.95  -20.96
    1.25   -8.28  -14.79  -16.39  -15.75
2030 2039
    1.92    1.14    0.98    1.44    0.67
    2.96    1.87    1.69    1.06    0.13
    3.74    1.06   -0.92   -0.25   -0.20
    3.99   -2.17   -3.07    0.13    2.63
    7.40   -0.76   -6.04   -4.43   -1.02
    7.29    2.76    0.38    1.27   -0.96
   16.89   14.41    8.38    4.20    0.55
   32.50   27.16   14.03    6.35    6.12
2040 2049
   -2.73   -2.00   -1.54   -1.42   -1.76
   -0.35   -2.23   -4.08   -4.22   -3.28
   -2.30   -6.31   -8.24   -7.68   -4.18
   -6.58   -9.92  -10.42   -8.48   -3.60
   -5.47  -11.51  -14.43  -12.51   -7.47
  -11.41  -22.50  -29.11  -24.96  -18.10
   -6.36  -22.94  -28.44  -23.73  -19.80
   16.63   -5.31  -19.29  -24.55  -23.88
2050 2059
   -0.81    0.51    2.29    2.62    3.02
    1.63    3.40    5.18    4.11    2.63
    6.44    3.49    4.20    5.32    4.84
   13.24    9.60    9.41    9.34    9.94
   22.88   21.00   14.77    9.10   10.85
   15.80   10.68    3.34    2.10    3.25
    9.04    8.27    3.29   -1.58   -5.11
   18.15   18.10   10.95    4.96    1.07
2060 2069
    0.31   -0.07   -1.14   -0.42   -0.05
    1.61    1.20   -0.36   -0.83   -0.78
    1.05   -0.34   -3.18   -4.81   -2.39
   -0.53   -4.13   -9.41   -8.85   -2.04
    1.98   -1.41   -7.95  -11.64   -7.88
   -5.89   -8.91  -11.80  -14.70  -16.15
   -4.76   -7.69   -8.86  -10.42  -13.36
   15.89    4.58   -2.60   -4.71   -4.88
2070 2079
   -1.22   -0.56    0.68    1.20    0.82
   -2.07   -1.84    0.35    1.55    0.82
   -5.02   -7.68   -6.95   -4.18   -2.59
   -7.62  -15.12  -16.35  -11.89   -7.46
  -11.67  -17.67  -21.61  -22.55  -18.28
  -26.56  -27.28  -30.55  -30.56  -23.37
  -21.55  -27.24  -33.74  -30.01  -22.82
   -0.23  -11.80  -20.00  -20.95  -19.24
2080 2089
   -2.27   -1.59   -1.48   -0.73   -0.64
   -2.25   -4.52   -5.93   -3.90   -2.61
   -8.69  -13.08  -14.37  -11.19   -6.80
  -17.89  -21.34  -24.77  -23.96  -17.80
  -17.27  -20.26  -25.61  -29.92  -27.30
  -21.78  -27.15  -29.22  -28.31  -28.74
  -16.58  -24.22  -30.60  -32.97  -33.44
    1.85  -11.95  -23.10  -25.89  -26.87
2090 2099
   -1.71    0.96    2.27    1.75    1.26
    1.35    5.12    4.32    0.78   -0.79
    1.63    1.37    0.39   -0.41   -1.27
   -3.14   -8.19  -10.28   -6.80   -3.25
   -2.20  -10.74  -21.70  -23.76  -18.11
   -7.73  -18.39  -31.53  -37.56  -38.22
  -19.61  -24.64  -32.75  -33.30  -30.95
  -10.90  -16.53  -22.40  -23.96  -22.28
