Mean temperature - Model Simulations
NaN indicates insufficient data is available
Refer to Accompanying Documentation
GRIDBOX LONGITUDES
           5
   13.75   16.25   18.75   21.25   23.75
GRIDBOX LATITUDES
           8
   23.75   21.25   18.75   16.25   13.75   11.25    8.75    6.25
MODEL CLIMATOLOGY 1970-1999
  288.71  288.70  288.67  288.81  289.08
  290.58  289.58  288.83  289.47  290.17
  293.07  292.17  291.49  291.78  291.94
  295.65  295.42  295.11  294.61  293.82
  297.55  297.87  297.51  296.25  294.99
  297.09  297.55  297.44  296.29  295.42
  295.70  296.14  296.43  295.78  295.50
  294.93  295.44  296.04  295.78  295.57
Mean Anomalies over 10-year time slices
2000 2009
    0.16    0.19    0.24    0.37    0.46
    0.34    0.42    0.49    0.55    0.58
    0.50    0.56    0.58    0.62    0.66
    0.60    0.62    0.58    0.61    0.68
    0.55    0.58    0.56    0.52    0.60
    0.48    0.51    0.53    0.46    0.46
    0.45    0.48    0.50    0.45    0.36
    0.53    0.55    0.53    0.51    0.45
2010 2019
    0.22    0.17    0.12    0.12    0.19
    0.29    0.28    0.29    0.28    0.28
    0.29    0.26    0.26    0.25    0.23
    0.24    0.17    0.16    0.16    0.12
    0.22    0.12    0.17    0.19    0.12
    0.53    0.47    0.51    0.50    0.42
    0.88    0.87    0.87    0.83    0.75
    0.92    0.91    0.89    0.88    0.81
2020 2029
    0.97    0.88    0.77    0.69    0.70
    0.93    0.88    0.81    0.74    0.72
    0.90    0.83    0.77    0.71    0.67
    0.93    0.86    0.82    0.79    0.73
    1.18    1.23    1.31    1.29    1.26
    1.25    1.31    1.37    1.29    1.21
    1.22    1.24    1.23    1.08    0.95
    1.18    1.16    1.16    1.03    0.89
2030 2039
    1.09    0.94    0.81    0.86    0.95
    1.07    1.01    0.98    0.98    1.00
    1.00    0.97    0.99    0.99    0.97
    0.89    0.88    0.96    1.01    0.97
    0.77    0.87    1.14    1.26    1.21
    1.13    1.23    1.42    1.42    1.33
    1.55    1.61    1.62    1.49    1.36
    1.51    1.47    1.45    1.40    1.32
2040 2049
    1.59    1.49    1.39    1.36    1.37
    1.68    1.64    1.59    1.54    1.51
    1.77    1.73    1.69    1.66    1.62
    1.74    1.73    1.72    1.78    1.76
    1.44    1.54    1.74    1.96    2.02
    1.59    1.68    1.84    1.96    1.97
    1.86    1.88    1.91    1.85    1.78
    1.83    1.79    1.75    1.70    1.63
2050 2059
    1.89    1.77    1.67    1.68    1.72
    1.95    1.86    1.81    1.83    1.87
    2.10    2.02    1.96    1.99    2.02
    2.26    2.23    2.18    2.20    2.22
    2.37    2.50    2.60    2.60    2.59
    2.35    2.49    2.61    2.54    2.50
    2.28    2.36    2.41    2.30    2.23
    2.21    2.23    2.23    2.17    2.11
2060 2069
    2.47    2.41    2.32    2.36    2.43
    2.65    2.61    2.55    2.52    2.51
    2.73    2.71    2.66    2.62    2.58
    2.70    2.73    2.74    2.74    2.71
    2.52    2.76    3.02    3.04    3.01
    2.61    2.80    2.96    2.86    2.80
    2.72    2.76    2.70    2.51    2.41
    2.47    2.46    2.42    2.32    2.24
2070 2079
    2.39    2.29    2.18    2.20    2.25
    2.49    2.43    2.40    2.37    2.37
    2.56    2.52    2.49    2.46    2.45
    2.67    2.67    2.65    2.63    2.62
    2.96    3.13    3.21    3.16    3.15
    3.09    3.22    3.24    3.11    3.05
    3.06    3.07    3.00    2.81    2.70
    2.85    2.80    2.75    2.68    2.54
2080 2089
    2.64    2.53    2.38    2.41    2.52
    2.69    2.64    2.56    2.58    2.62
    2.79    2.75    2.68    2.70    2.70
    2.92    2.93    2.88    2.89    2.89
    3.07    3.32    3.44    3.40    3.47
    3.12    3.35    3.44    3.31    3.32
    3.08    3.17    3.15    2.95    2.88
    2.95    2.92    2.82    2.74    2.68
2090 2099
    3.02    2.85    2.70    2.76    2.90
    3.00    2.93    2.92    2.95    3.01
    3.03    3.00    3.01    3.03    3.06
    3.14    3.13    3.11    3.16    3.20
    3.39    3.47    3.51    3.62    3.74
    3.61    3.62    3.57    3.54    3.58
    3.67    3.56    3.42    3.25    3.14
    3.33    3.24    3.18    3.09    2.94
