Mean temperature - Model Simulations
NaN indicates insufficient data is available
Refer to Accompanying Documentation
GRIDBOX LONGITUDES
           5
   13.75   16.25   18.75   21.25   23.75
GRIDBOX LATITUDES
           8
   23.75   21.25   18.75   16.25   13.75   11.25    8.75    6.25
MODEL CLIMATOLOGY 1970-1999
  291.77  291.83  291.52  291.67  291.40
  294.49  293.76  292.58  292.75  292.77
  297.23  296.99  296.20  295.27  294.83
  299.42  299.71  299.42  297.52  296.34
  300.98  300.93  299.85  298.19  297.30
  300.70  300.78  299.73  298.81  298.52
  298.33  298.99  299.49  298.63  298.30
  296.94  297.66  298.75  298.08  297.61
Mean Anomalies over 10-year time slices
2000 2009
    0.07    0.06    0.06    0.01   -0.04
    0.01    0.03    0.01   -0.01   -0.05
   -0.05   -0.01   -0.03   -0.03   -0.03
   -0.11   -0.11   -0.13   -0.03    0.04
   -0.11   -0.11   -0.03    0.12    0.20
   -0.08   -0.06    0.06    0.14    0.21
    0.09    0.09    0.12    0.16    0.23
    0.22    0.24    0.26    0.32    0.38
2010 2019
    0.87    0.88    0.88    0.84    0.80
    0.73    0.76    0.79    0.74    0.72
    0.61    0.67    0.74    0.71    0.69
    0.70    0.68    0.63    0.62    0.63
    0.82    0.71    0.48    0.45    0.48
    0.77    0.71    0.47    0.23    0.18
    0.65    0.66    0.56    0.31    0.22
    0.50    0.53    0.52    0.47    0.45
2020 2029
    1.17    1.23    1.32    1.38    1.40
    1.07    1.11    1.15    1.30    1.38
    1.04    1.08    1.12    1.25    1.35
    1.05    1.15    1.24    1.27    1.32
    1.09    1.21    1.21    1.13    1.17
    1.02    1.11    1.17    1.08    1.09
    1.05    1.13    1.31    1.32    1.31
    1.12    1.20    1.30    1.35    1.37
2030 2039
    1.28    1.30    1.35    1.36    1.36
    1.35    1.36    1.36    1.38    1.37
    1.39    1.38    1.33    1.33    1.32
    1.27    1.24    1.16    1.11    1.11
    1.00    1.05    0.99    0.90    0.94
    0.87    0.95    1.01    0.99    1.05
    1.00    1.02    1.18    1.24    1.29
    1.07    1.13    1.26    1.31    1.35
2040 2049
    1.89    1.76    1.68    1.61    1.54
    1.64    1.55    1.46    1.39    1.32
    1.58    1.52    1.43    1.31    1.23
    1.63    1.58    1.51    1.41    1.35
    1.62    1.64    1.63    1.59    1.58
    1.59    1.67    1.80    1.82    1.85
    1.69    1.79    2.00    2.01    2.04
    1.71    1.82    1.98    1.97    1.99
2050 2059
    2.36    2.42    2.51    2.58    2.62
    2.43    2.49    2.58    2.65    2.68
    2.53    2.56    2.61    2.63    2.65
    2.52    2.51    2.52    2.46    2.47
    2.40    2.41    2.39    2.23    2.22
    2.35    2.39    2.46    2.21    2.17
    2.21    2.33    2.60    2.42    2.39
    1.95    2.13    2.36    2.34    2.36
2060 2069
    3.06    2.94    2.86    2.75    2.67
    2.84    2.79    2.77    2.66    2.58
    2.74    2.70    2.68    2.61    2.54
    2.71    2.67    2.62    2.52    2.47
    2.72    2.71    2.63    2.44    2.39
    2.72    2.73    2.72    2.45    2.33
    2.70    2.80    3.02    2.84    2.74
    2.60    2.79    3.02    3.03    3.05
2070 2079
    3.16    3.15    3.12    3.12    3.15
    3.26    3.25    3.24    3.22    3.25
    3.38    3.36    3.36    3.30    3.32
    3.39    3.40    3.39    3.30    3.30
    3.27    3.33    3.31    3.13    3.12
    3.15    3.18    3.30    3.07    3.02
    3.09    3.19    3.56    3.46    3.42
    2.91    3.13    3.43    3.47    3.51
2080 2089
    3.48    3.36    3.24    3.15    3.11
    3.51    3.44    3.34    3.24    3.18
    3.66    3.59    3.50    3.35    3.24
    3.75    3.70    3.61    3.43    3.32
    3.68    3.75    3.77    3.52    3.42
    3.70    3.79    3.92    3.52    3.35
    3.74    3.88    4.21    3.91    3.75
    3.55    3.81    4.12    4.08    4.04
2090 2099
    4.06    3.94    3.85    3.80    3.81
    3.94    3.89    3.90    3.86    3.87
    3.99    3.98    4.00    3.95    3.96
    4.04    4.06    4.07    3.99    3.98
    3.91    4.00    4.09    3.86    3.77
    3.80    3.80    3.95    3.59    3.47
    3.76    3.78    4.10    3.93    3.89
    3.58    3.75    4.04    4.12    4.19
