Mean monthly rainfall - Model Simulations
NaN indicates insufficient data is available
Refer to Accompanying Documentation
GRIDBOX LONGITUDES
           5
   13.75   16.25   18.75   21.25   23.75
GRIDBOX LATITUDES
           8
   23.75   21.25   18.75   16.25   13.75   11.25    8.75    6.25
MODEL CLIMATOLOGY 1970-1999 (mm)
    0.52    0.77    0.73    0.43    0.41
    0.51    1.33    1.60    1.02    0.59
    0.46    1.38    1.51    1.05    0.87
    1.73    1.43    1.65    3.07    3.91
   13.34   11.24   12.35   15.02   17.81
   45.74   40.18   43.90   37.17   38.71
  109.95   81.08   67.70   78.29   81.38
  160.62  126.60   94.72  110.58  119.73
Mean Anomalies over 10-year time slices (mm)
2000 2009
   -0.51   -0.73   -0.70   -0.42   -0.37
   -0.47   -1.10   -1.32   -0.95   -0.58
   -0.27   -1.20   -1.33   -1.02   -0.84
   -0.22   -0.67   -1.03   -1.88   -2.69
   -2.80   -1.90   -2.74   -5.77   -7.31
   -1.82   -5.43   -6.97   -7.71   -7.94
   -3.64   -6.33   -6.34   -9.44  -11.33
    0.07   -0.88    1.39   -0.76   -7.19
2010 2019
   -0.51   -0.69   -0.66   -0.42   -0.40
   -0.50   -1.24   -1.46   -0.94   -0.46
   -0.44   -1.16   -1.20   -0.89   -0.77
   -0.81   -0.72   -0.78   -1.79   -2.66
   -4.00   -4.68   -3.85   -4.30   -5.89
   -6.14   -8.21   -4.98   -6.41   -8.23
   -3.82   -3.61   -3.83   -9.87  -12.74
   -3.23   -0.55   -2.48   -7.00  -11.62
2020 2029
   -0.23   -0.49   -0.13   -0.05   -0.37
   -0.22   -0.32   -0.22   -0.64   -0.55
    0.48   -0.29   -0.58   -0.91   -0.72
    0.32   -0.19   -0.34   -0.46   -0.35
    0.01   -1.08   -0.13    1.24    1.29
    3.40   -1.44   -1.48    2.23    3.58
    2.82    1.90   -2.68   -2.64    0.81
    5.81    5.63    0.44    4.19    6.51
2030 2039
    0.50   -0.03   -0.17   -0.17   -0.22
    0.61    0.08   -0.32   -0.70   -0.40
    1.70    0.34   -0.70   -0.73   -0.30
    0.86    0.26   -0.51   -0.58   -0.44
   -2.57   -3.23   -2.23   -1.61   -2.71
   -5.10   -4.21   -0.73    0.70   -3.39
   -2.77    0.08    2.42   -2.29    0.20
   -0.92   -0.15   -0.99   -0.29    1.48
2040 2049
   -0.43   -0.62   -0.56   -0.34   -0.41
    0.13   -0.60   -1.18   -0.97   -0.59
    0.25   -0.73   -1.17   -1.03   -0.86
   -0.26   -0.62   -0.92   -1.73   -2.26
   -2.67   -1.98   -1.74   -2.90   -3.95
   -1.68   -0.44   -0.01   -3.42   -5.78
    2.51    3.72   -3.49   -6.44   -6.13
    5.68    3.39   -6.71   -8.19   -3.71
2050 2059
   -0.43   -0.63   -0.42    0.05    0.03
   -0.33   -0.85   -0.92   -0.25    0.52
   -0.13   -0.79   -0.72    0.28    0.19
   -0.30   -0.08    0.08    0.25   -0.59
   -0.22    0.40   -0.58   -1.38   -1.99
    3.43    1.98    2.82   -0.44   -0.89
    9.33    6.61    2.98   -6.77   -4.57
   13.62    4.70   -5.84   -6.46   -4.96
2060 2069
   -0.40   -0.69   -0.57   -0.35   -0.41
   -0.34   -1.00   -1.21   -0.90   -0.58
   -0.36   -1.17   -1.12   -0.84   -0.76
   -1.00   -0.90   -0.93   -1.84   -2.38
   -3.40   -1.75   -1.38   -1.97   -3.64
   -2.60   -0.02    2.82    0.89    0.83
   -1.25   -1.49   -5.39   -8.98   -1.93
    7.28   -4.40  -10.89   -5.71    0.78
2070 2079
   -0.46   -0.76   -0.73   -0.43   -0.41
   -0.41   -1.20   -1.47   -1.00   -0.58
   -0.14   -1.15   -1.01   -0.84   -0.85
   -0.32   -0.72   -1.08   -2.05   -2.94
   -1.62   -2.52   -3.23   -4.98   -6.27
   -0.16   -2.55   -0.35   -1.58   -1.76
    2.77    1.76   -1.57   -6.80    2.32
   10.11    0.96   -8.13   -3.33    7.09
2080 2089
   -0.03   -0.33   -0.44   -0.29   -0.14
   -0.08   -0.72   -1.00   -0.70    0.28
   -0.10   -0.38   -0.57    0.01    0.43
   -0.08   -0.40    0.04    0.76    0.31
    1.10    0.75    2.38    3.35    2.60
    6.34    2.80    7.08    7.72    9.10
   15.13   12.78    5.28    1.02    5.93
   25.26   16.24   -0.77    0.52    6.31
2090 2099
   -0.47   -0.74   -0.65   -0.34   -0.27
   -0.46   -0.99   -0.69   -0.29   -0.33
   -0.02   -1.23   -0.91   -0.38   -0.62
    0.67   -0.72   -0.82   -1.03   -1.53
   -1.03    0.26    0.92   -1.61   -3.22
    3.25    2.63    4.33    2.01    1.22
   13.83    9.20    4.92    0.61   10.63
   27.45   13.22    6.13    9.94   18.31
