Mean monthly rainfall - Model Simulations
NaN indicates insufficient data is available
Refer to Accompanying Documentation
GRIDBOX LONGITUDES
           5
   31.25   33.75   36.25   38.75   41.25
GRIDBOX LATITUDES
           7
  -11.25  -13.75  -16.25  -18.75  -21.25  -23.75  -26.25
MODEL CLIMATOLOGY 1970-1999 (mm)
    2.66    5.65    9.70   29.79   39.48
    3.53    5.64   13.03   32.30   32.60
    4.21   11.60   24.05   27.83   19.94
    9.30   26.01   32.50   28.58   13.81
   17.96   31.81   40.62   29.89   14.85
   29.73   36.37   50.62   37.37   24.60
   50.80   60.26   70.06   55.37   44.87
Mean Anomalies over 10-year time slices (%)
2000 2009
  -16.98   -9.94    9.38   25.25   10.56
  -10.16   -9.97    5.64   28.67   26.16
   -9.02   -5.36   -0.96   12.72   25.72
  -23.50  -15.25   -9.72   -5.08    0.59
  -29.70  -27.24  -18.22  -16.29  -15.00
  -24.13  -18.80  -13.70  -12.56  -13.45
  -20.47  -16.27  -12.53  -11.16   -9.49
2010 2019
   18.42   39.46   63.08   42.12   15.81
   18.78   33.67   67.01   52.46   36.41
   29.16   36.32   53.40   62.01   61.63
   -1.73   10.87   26.25   35.99   61.44
  -20.65  -12.66    1.84   14.01   27.76
   -8.65   -8.50   -2.32    6.79   12.66
    5.90    6.84    6.30    8.13   10.87
2020 2029
   -7.69  -14.20  -18.15  -12.21    2.00
   -2.66  -12.96  -19.55  -14.05    3.33
   -5.61  -13.13  -10.21   -8.59    1.45
  -10.27  -15.11  -13.85  -13.09   -2.73
  -37.58  -29.17  -22.57  -17.70   -4.70
  -47.15  -37.54  -26.05  -16.47   -3.59
  -35.95  -32.78  -23.95  -16.34   -8.58
2030 2039
    9.21   10.42   15.22   11.48    5.23
   17.52   23.63   22.08   15.80   11.86
   21.76   22.75   18.08   19.64   10.31
   -9.01   -2.53    6.02    7.56   -3.74
  -36.16  -22.21  -11.86  -12.95  -20.03
  -37.80  -31.79  -22.50  -25.61  -33.25
  -22.98  -23.64  -22.04  -24.81  -30.07
2040 2049
  -22.58  -12.71   -7.51   -8.60   -7.48
  -32.27  -22.56  -13.23   -8.17    0.31
  -45.61  -30.50  -11.84    2.82   22.06
  -51.93  -40.62  -24.26   -7.92   32.62
  -46.37  -45.09  -32.59  -24.56   10.99
  -19.01  -29.06  -28.55  -26.29  -10.73
   -4.02  -12.82  -19.08  -21.37  -14.60
2050 2059
   41.48   29.00    7.90    6.02   -4.58
   30.05   16.12    9.93    6.08   -6.73
    8.42   12.51   14.03    2.26  -17.98
   -6.73    7.19    1.39  -11.81  -32.21
  -27.19  -21.26  -17.88  -26.75  -42.43
  -35.92  -36.86  -28.47  -29.08  -36.25
  -32.69  -38.18  -34.62  -31.75  -30.51
2060 2069
   -9.86   -3.92   -3.31    3.21   -0.65
  -17.34  -10.67   -4.41    6.64   11.27
  -17.74  -17.31   -6.38    3.62   22.73
  -24.01  -26.25  -15.35   -5.24   12.83
  -33.62  -34.13  -26.10  -18.94   -5.73
  -29.60  -34.75  -31.42  -25.25  -14.40
  -19.62  -24.87  -28.42  -24.74  -15.36
2070 2079
  -40.75  -28.19  -21.43  -11.41   -7.61
  -43.55  -37.77  -22.61  -12.91   -6.33
  -35.43  -33.75  -24.19  -20.05  -12.72
  -41.97  -38.51  -30.22  -24.51  -23.63
  -41.47  -39.60  -36.40  -37.35  -34.48
  -33.09  -36.96  -36.86  -38.20  -35.94
  -32.88  -38.03  -38.02  -36.96  -33.27
2080 2089
  -55.93  -47.28  -32.74  -24.36  -21.79
  -52.05  -42.20  -36.63  -29.21  -24.57
  -52.34  -40.98  -33.53  -30.55  -28.31
  -56.61  -49.55  -37.75  -31.89  -35.12
  -57.47  -54.91  -45.41  -43.74  -46.29
  -52.22  -53.00  -46.85  -47.23  -45.64
  -35.78  -39.26  -40.37  -42.67  -40.19
2090 2099
  -40.59  -32.27  -17.44   -6.94   -7.87
  -47.13  -36.69  -27.49  -17.76   -6.58
  -54.10  -40.33  -30.60  -27.15  -21.02
  -58.83  -45.45  -33.57  -30.58  -34.94
  -61.22  -53.31  -41.14  -39.50  -35.52
  -52.81  -51.90  -42.25  -37.97  -31.30
  -39.05  -40.57  -36.86  -34.52  -29.43
