Mean monthly rainfall - Model Simulations
NaN indicates insufficient data is available
Refer to Accompanying Documentation
GRIDBOX LONGITUDES
           5
   -6.25   -3.75   -1.25    1.25    3.75
GRIDBOX LATITUDES
           4
   11.25    8.75    6.25    3.75
MODEL CLIMATOLOGY 1970-1999 (mm)
   32.34   28.58   26.27   26.71   29.35
   77.13   63.89   57.26   56.62   61.06
  129.12  104.20   94.29   91.85   96.79
  100.94   84.19   91.41  105.47  123.36
Mean Anomalies over 10-year time slices (mm)
2000 2009
   -1.61   -1.23   -1.13   -1.24   -1.43
   -2.82   -2.78   -2.97   -3.04   -2.91
   -0.11   -0.13   -1.54   -2.23   -2.05
    9.69    9.29    7.75    6.21    4.27
2010 2019
   -3.44   -2.37   -1.85   -1.82   -2.11
   -6.44   -4.98   -4.50   -4.27   -4.04
   -4.67   -3.15   -3.75   -4.13   -3.92
    4.89    6.21    5.42    4.17    2.46
2020 2029
   -3.39   -2.05   -1.70   -1.67   -1.77
   -5.05   -3.94   -3.60   -3.63   -3.76
   -2.90   -3.08   -4.08   -4.43   -3.98
    4.93    4.43    2.92    1.70    0.38
2030 2039
   -3.19   -1.68   -0.89   -0.38   -0.02
   -4.58   -2.97   -2.37   -2.08   -1.82
   -1.39   -1.49   -1.51   -1.51   -1.28
    6.79    7.42    6.86    6.17    5.25
2040 2049
   -4.46   -2.82   -1.82   -1.43   -1.45
   -7.65   -5.83   -5.02   -4.19   -3.15
   -5.35   -5.60   -6.28   -6.08   -4.86
    5.55    5.45    3.60    2.36    1.57
2050 2059
   -5.67   -3.45   -2.66   -2.65   -3.07
   -9.10   -6.74   -6.63   -6.74   -6.54
   -5.49   -6.29   -8.31   -8.89   -7.65
   10.07    9.30    6.35    4.59    3.82
2060 2069
   -5.62   -3.55   -2.28   -2.00   -2.48
   -9.18   -7.03   -6.45   -6.10   -5.61
   -4.55   -5.04   -6.59   -6.84   -5.51
   11.78   12.30    8.69    7.38    7.96
2070 2079
   -5.64   -3.35   -2.53   -2.30   -2.44
  -10.24   -7.85   -7.57   -7.59   -7.39
   -7.59   -8.13  -10.25  -10.77   -9.32
   10.22   11.42    8.18    6.76    6.68
2080 2089
   -7.05   -4.41   -3.25   -2.94   -3.18
  -13.05  -10.27   -9.65   -9.56   -9.36
   -9.56  -11.39  -13.51  -13.78  -12.03
   10.38   10.75    5.70    3.10    2.91
2090 2099
   -9.43   -6.10   -4.30   -3.77   -4.21
  -18.22  -12.87  -12.03  -11.87  -11.44
  -15.18  -14.38  -16.75  -17.30  -15.40
   12.35   13.43    8.25    5.86    5.81
