Mean monthly rainfall - Model Simulations
NaN indicates insufficient data is available
Refer to Accompanying Documentation
GRIDBOX LONGITUDES
           5
   -6.25   -3.75   -1.25    1.25    3.75
GRIDBOX LATITUDES
           4
   11.25    8.75    6.25    3.75
MODEL CLIMATOLOGY 1970-1999 (mm)
   39.83   34.66   32.00   29.43   26.44
   50.07   44.92   45.11   46.76   48.53
   55.84   53.38   59.20   70.12   83.91
   55.28   56.27   65.42   85.59  115.60
Mean Anomalies over 10-year time slices (mm)
2000 2009
   -1.72   -0.99   -0.19    0.54    1.28
    2.64    3.99    4.68    4.58    4.02
    6.78    7.71    8.86   10.25   11.84
    3.87    6.66    8.20    9.70   11.95
2010 2019
   -4.31   -5.76   -5.84   -5.19   -4.08
   -3.80   -5.51   -7.00   -7.84   -7.65
   -4.43   -5.60   -9.48  -13.51  -16.30
   -6.78   -7.49  -12.32  -17.85  -22.26
2020 2029
    2.23    0.96    0.14   -0.15   -0.00
    0.04   -2.14   -3.65   -2.78    0.06
   -7.94   -9.44   -9.84   -6.60    0.13
   -9.61   -9.72  -10.47   -8.53   -3.18
2030 2039
   -7.10   -7.39   -4.40   -1.89   -0.71
   -4.76   -4.39   -0.74    1.49    1.43
   -5.67   -4.21   -3.18   -2.04   -0.98
   -6.29   -3.28   -3.27   -1.71    1.28
2040 2049
   -0.68   -0.78    1.18    2.45    2.67
    0.02    0.05    2.20    3.32    3.24
   -4.35   -3.25   -0.96    0.18    0.76
   -3.66   -1.52   -0.67    0.04    1.57
2050 2059
   -4.75   -5.28   -4.35   -3.36   -2.61
   -2.00   -1.39   -0.58    0.54    1.90
   -1.98   -0.83    0.30    2.89    7.16
   -4.55   -2.38   -3.18   -3.39   -1.07
2060 2069
    7.70    5.82    4.17    3.36    3.46
    3.46    2.72    2.50    3.83    6.52
   -6.44   -2.34    2.15    6.27   10.21
   -8.67   -3.11    0.40    4.68   10.54
2070 2079
    6.34    7.85    6.96    7.87   10.70
    3.77    6.58    6.52    8.90   14.14
   -2.36    3.18    6.88   11.40   17.71
   -5.94   -0.66    1.95    6.23   13.59
2080 2089
    7.45    4.72    2.68    2.65    4.49
    4.71    1.69   -1.36   -1.30    1.96
   -9.77   -8.21   -8.28   -6.69   -2.46
  -12.82  -10.38  -11.00   -9.48   -4.50
2090 2099
    6.11    6.03    7.98    8.77    8.14
    3.93    4.26    5.97    7.31    8.23
   -3.27    1.18    1.39    2.70    6.82
   -5.56   -1.75   -4.51   -5.36   -0.70
