Mean monthly rainfall - Model Simulations
NaN indicates insufficient data is available
Refer to Accompanying Documentation
GRIDBOX LONGITUDES
           5
   -6.25   -3.75   -1.25    1.25    3.75
GRIDBOX LATITUDES
           4
   11.25    8.75    6.25    3.75
MODEL CLIMATOLOGY 1970-1999 (mm)
   74.87   63.89   57.42   58.02   64.61
  171.21  140.24  123.63  120.13  128.12
  236.81  196.84  181.35  177.48  184.21
  148.48  126.51  132.47  152.69  182.45
Mean Anomalies over 10-year time slices (mm)
2000 2009
   -6.04   -4.26   -4.18   -4.48   -4.91
  -12.83  -11.33  -11.19  -11.38  -11.45
   -1.12    0.78   -1.93   -5.45   -8.59
   28.22   22.25   22.02   19.11   11.84
2010 2019
   -7.24   -6.13   -5.36   -5.78   -7.10
  -13.87  -12.19  -11.60  -11.73  -11.95
   -3.54   -1.08   -3.42   -5.35   -5.77
   12.42   11.24   11.50   11.74   10.80
2020 2029
   -6.86   -4.93   -3.72   -3.50   -4.13
  -12.02   -9.87   -8.36   -7.94   -8.14
   -0.29   -0.52   -2.95   -5.15   -6.33
   19.38   15.62   13.51    9.94    4.22
2030 2039
   -6.49   -4.78   -2.85   -2.00   -2.18
   -9.73   -7.15   -5.60   -5.24   -5.54
    2.27    4.02    3.27    1.77    0.46
   18.93   17.32   18.01   18.24   16.43
2040 2049
   -5.74   -5.10   -3.59   -3.24   -3.90
  -12.53  -10.65   -9.98   -9.77   -9.40
    2.93    3.36    0.17   -2.31   -3.09
   20.26   18.68   17.96   17.36   15.65
2050 2059
   -9.86   -8.19   -6.37   -6.32   -7.78
  -18.65  -15.67  -15.19  -16.01  -16.89
   -1.37   -1.80   -7.59  -11.60  -12.01
   30.58   24.45   20.11   16.37   12.35
2060 2069
  -11.10   -9.07   -6.81   -6.53   -7.97
  -20.50  -16.00  -15.11  -15.92  -17.08
    2.08    2.06   -3.30   -6.80   -7.10
   30.96   27.90   25.14   24.48   23.61
2070 2079
  -10.65   -7.50   -6.02   -6.32   -7.83
  -22.46  -16.97  -16.81  -18.30  -19.60
    2.11    1.01   -7.73  -13.30  -13.56
   39.80   33.72   26.44   23.27   22.13
2080 2089
  -11.40   -8.63   -6.63   -6.73   -8.51
  -24.18  -18.94  -18.30  -19.62  -21.06
    4.36    0.36   -8.88  -14.87  -15.37
   43.23   36.71   28.05   23.26   21.28
2090 2099
  -15.74  -10.57   -8.08   -8.00   -9.58
  -33.43  -24.73  -24.33  -25.53  -25.86
   -0.96   -2.53  -11.87  -17.25  -16.55
   51.38   43.93   36.10   32.87   31.55
