Mean monthly rainfall - Model Simulations
NaN indicates insufficient data is available
Refer to Accompanying Documentation
GRIDBOX LONGITUDES
           5
   -6.25   -3.75   -1.25    1.25    3.75
GRIDBOX LATITUDES
           4
   11.25    8.75    6.25    3.75
MODEL CLIMATOLOGY 1970-1999 (mm)
   16.34   11.29    9.50    9.04    7.55
   44.33   32.99   29.96   33.24   37.13
   69.65   57.96   56.35   66.37   82.12
   70.88   67.20   69.29   80.51   98.73
Mean Anomalies over 10-year time slices (mm)
2000 2009
    3.01    3.43    2.52    1.46    1.41
   -1.61    0.17   -0.31   -0.62   -0.40
   -7.91   -5.19   -2.82    0.31    0.80
   -0.37    2.34    7.19   12.16   13.13
2010 2019
   -0.76   -1.95   -1.92   -2.08   -2.37
   -7.50   -6.90   -5.21   -3.50   -4.08
  -10.20   -6.94   -4.41   -1.09   -0.01
   -0.42    0.93    1.02    1.66    5.83
2020 2029
    0.38   -0.82   -1.76   -1.81   -1.22
   -1.26   -1.42   -1.49   -0.32    0.68
   -2.22    0.23    2.67    5.21    7.15
    1.05    5.00    7.19    7.67   10.61
2030 2039
    0.01    0.07   -0.52   -0.95   -0.72
   -1.45   -0.69   -1.17   -1.58   -1.75
   -2.27   -0.66   -0.82   -1.33   -2.47
    0.73    2.47    0.73   -1.98   -3.09
2040 2049
    0.79    0.17   -0.90   -1.07   -0.11
   -3.21   -1.91   -1.70   -1.63   -0.72
   -8.71   -3.41   -1.23   -2.43   -2.90
   -0.42    1.78    0.12   -3.28   -2.83
2050 2059
   -0.41   -0.18   -0.69   -1.02   -0.58
   -4.56   -2.27   -2.28   -2.35   -3.03
   -4.86   -1.51   -1.61   -2.16   -3.92
    7.05    7.31    4.99    0.65   -0.50
2060 2069
    0.12    1.25    0.90    0.23    0.66
   -7.16   -4.55   -3.52   -3.63   -4.68
  -13.07   -8.08   -5.49   -5.57   -7.82
   -2.16    1.67    1.53    0.17    2.26
2070 2079
    1.05    0.62    0.30    0.64    0.80
   -4.84   -2.91   -2.09   -1.79   -3.45
   -8.18   -3.32   -2.24   -4.33   -8.24
    6.84    6.27    2.52   -1.23   -0.74
2080 2089
    4.02    3.25    2.30    2.77    3.39
   -1.59    0.26    0.38    0.53    1.04
   -7.51   -3.71   -1.37   -2.83   -3.90
    6.23    6.65    7.53    4.79    4.24
2090 2099
    1.63    2.64    3.10    4.11    5.09
   -2.81    1.87    3.78    4.69    4.39
   -5.00    1.22    3.09    1.01   -2.14
    4.06    6.30    6.13    2.73    2.65
