Mean monthly rainfall - Model Simulations
NaN indicates insufficient data is available
Refer to Accompanying Documentation
GRIDBOX LONGITUDES
           7
   33.75   36.25   38.75   41.25   43.75   46.25   48.75
GRIDBOX LATITUDES
           5
   13.75   11.25    8.75    6.25    3.75
MODEL CLIMATOLOGY 1970-1999 (mm)
   17.45   15.44   13.01   12.91   15.14   15.82   14.93
   33.73   31.89   30.60   31.83   35.57   36.76   35.39
   66.48   66.45   67.44   69.51   72.65   75.68   78.62
  122.77  122.66  110.90   99.67   88.95   81.64   77.72
  180.03  176.83  146.66  117.22   88.52   68.63   57.55
Mean Anomalies over 10-year time slices (%)
2000 2009
   45.21   59.29   89.88  106.95  102.35   88.87   63.50
   47.63   60.41   76.45   84.20   82.89   75.77   61.91
   47.28   51.42   52.58   53.23   53.39   52.82   51.61
   34.96   37.81   40.11   44.94   53.16   57.91   57.58
   26.33   29.91   34.27   42.89   59.79   73.48   74.33
2010 2019
   46.33   58.78   71.98   79.98   78.99   69.64   50.15
   39.42   46.63   53.01   56.28   56.05   50.80   39.91
   30.25   31.41   31.61   31.36   30.71   29.38   27.44
   22.24   23.73   25.32   26.87   28.37   29.84   31.11
   17.60   20.22   23.67   27.35   31.42   37.22   43.91
2020 2029
    1.84   -2.75   -5.98   -5.43   -1.27   -1.75   -6.38
    4.14    0.59   -1.12   -1.64   -0.98   -2.77   -7.17
    5.82    2.02   -0.46   -2.09   -2.87   -4.33   -6.40
    6.40    2.75   -1.26   -3.96   -4.80   -5.75   -6.72
    5.72    2.44   -2.14   -5.71   -7.20   -8.30   -8.14
2030 2039
   18.00   18.59   27.31   31.74   29.74   27.82   25.34
   19.34   18.56   19.80   20.36   20.21   20.34   20.76
   12.72    9.16    6.37    5.25    5.71    7.93   11.72
    9.52    6.21    3.44    2.05    2.58    5.68   11.66
    8.11    5.37    3.26    2.04    2.62    7.01   17.15
2040 2049
   22.12   32.56   51.29   61.41   58.09   49.52   33.74
   22.37   31.78   47.01   54.16   52.56   48.81   42.34
   17.51   23.83   33.61   38.42   38.46   38.46   38.42
   15.02   18.21   23.25   27.91   31.96   34.15   33.66
   13.06   14.90   16.85   20.20   26.24   29.36   25.10
2050 2059
   -5.43   -4.32    9.21   31.49   52.40   52.40   34.31
    1.98    2.83    9.37   20.57   33.58   35.14   26.73
   10.98    7.57    4.99    5.69    9.37   12.44   15.00
   14.93   11.92    7.38    4.89    5.26    7.87   13.02
   16.14   14.06    9.78    6.48    5.21    6.78   13.41
2060 2069
    9.07    5.66    9.83   18.07   26.65   29.96   29.73
    7.99    6.29    9.94   15.81   22.43   27.75   33.03
   14.29   12.00    8.91    9.46   13.33   19.44   27.56
   18.27   17.90   15.57   14.24   14.32   18.02   25.87
   18.22   19.27   19.07   18.52   17.31   18.43   23.76
2070 2079
   24.20   27.58   31.10   44.35   61.39   67.91   67.40
   23.50   24.32   25.02   32.93   45.63   52.62   56.00
   23.94   20.85   16.79   19.31   27.74   35.68   43.23
   26.45   25.01   22.15   22.11   25.98   31.31   37.80
   26.89   26.99   26.11   25.83   26.78   28.36   30.53
2080 2089
   41.01   51.62   70.34   84.57   87.66   85.34   77.61
   37.48   46.23   56.92   61.89   60.68   57.04   50.44
   31.88   36.18   39.04   37.49   31.97   29.00   28.26
   26.16   27.09   27.99   26.83   22.84   21.56   23.95
   22.01   21.74   21.62   20.45   17.25   16.57   21.36
2090 2099
   16.71   13.94   15.72   29.93   50.22   57.39   55.45
   23.05   23.82   25.49   35.66   51.28   61.22   68.21
   28.48   29.69   28.84   33.79   43.84   55.49   68.61
   34.30   35.86   35.82   39.20   47.24   57.67   69.80
   34.49   36.53   38.29   42.63   52.03   62.71   71.08
