Mean monthly rainfall - Model Simulations
NaN indicates insufficient data is available
Refer to Accompanying Documentation
GRIDBOX LONGITUDES
           7
   33.75   36.25   38.75   41.25   43.75   46.25   48.75
GRIDBOX LATITUDES
           5
   13.75   11.25    8.75    6.25    3.75
MODEL CLIMATOLOGY 1970-1999 (mm)
   18.60   20.08   23.52   10.22    4.08    4.64    3.93
   65.51   61.45   39.46   14.21    6.88   11.54   18.36
  119.41  112.91   62.62   21.35   14.93   24.78   34.32
  125.02  114.87   70.73   32.62   27.40   36.01   47.54
  106.52   72.16   54.56   51.07   53.82   65.98   99.45
Mean Anomalies over 10-year time slices (%)
2000 2009
  -22.95  -28.90  -15.67  -16.66    0.82   19.88   17.11
  -10.39  -15.27   -5.81    2.90   17.37   19.05   11.75
   -3.79   -3.67    9.03   32.55   48.97   32.85   20.80
    0.58    6.78   21.59   51.56   69.67   50.62   31.73
    5.36   14.61   32.71   56.81   66.16   48.98   27.05
2010 2019
  -41.89  -47.33  -50.70  -51.84  -28.85  -14.49   -5.58
  -22.05  -25.15  -33.98  -37.54  -10.36   -5.99  -12.66
  -17.32  -16.78  -17.98  -17.04   -5.07   -6.91  -12.54
  -15.33  -12.86   -9.39   -5.73   -2.47   -5.33   -7.49
  -12.07  -13.10   -8.30   -3.48   -2.01   -3.87   -4.15
2020 2029
   -0.05   12.90    8.16    0.38   15.03   27.19    9.05
    6.81    7.74    9.34   12.62   21.04   13.64   -1.84
    4.58    4.62   12.74   27.86   31.20   16.02    0.24
   -2.40   -0.22   11.18   23.35   19.42    7.01   -2.54
  -12.91  -14.20   -1.26   10.21   10.82    5.57    4.00
2030 2039
   -6.78   -8.42  -26.31  -27.51   47.93   69.13   66.37
    0.08   -2.94   -7.68   -0.99   45.85   29.88   13.75
    2.96    1.63    4.70   21.00   45.02   26.52   15.65
    4.81    7.60   15.02   28.59   38.19   30.48   21.26
    1.08   11.54   23.59   22.24   19.54   14.37    8.01
2040 2049
   -2.20   -2.84   -3.24   -8.08   62.14   87.99   60.11
    4.44    4.80    5.34   10.11   62.53   45.58   13.81
    7.14    8.36   10.79   25.93   69.30   46.55   20.22
    9.05   10.85   13.40   27.19   54.05   51.69   37.71
    8.68   11.47   11.70   19.22   32.10   35.38   27.75
2050 2059
  -26.65  -16.13    7.28   33.53  119.89  123.48  107.15
   -3.60    1.39   12.85   43.25  111.56   75.49   37.09
    3.26    6.39   14.84   47.83   92.24   60.92   34.73
    5.21    9.39   21.99   55.92   87.05   69.51   48.07
    5.87   15.45   34.62   51.79   62.38   53.85   40.12
2060 2069
    3.79   15.64    9.54   11.43   52.02   46.59   35.23
    3.00    8.02   14.34   26.03   42.76   13.35   -1.35
    6.60   10.06   17.70   40.73   52.69   21.06    5.51
   10.25   18.43   26.71   42.34   52.15   42.93   35.09
   10.04   30.37   46.18   45.14   47.16   48.44   41.91
2070 2079
  -41.00  -41.91  -39.21  -35.42    4.35   20.78   26.03
  -14.70  -19.32  -26.12  -28.10    2.37   12.16   10.57
  -10.06   -9.74  -13.20  -16.53   -2.15    5.93   11.24
  -11.71   -5.83   -6.01   -8.42    0.47   11.38   21.75
  -13.53   -9.13   -5.38   -2.13    4.97   14.27   21.01
2080 2089
  -21.80  -11.62   15.53   22.89   39.15   60.86   92.70
    4.58    7.47   17.56   24.09   30.77   38.34   36.71
    9.82   12.58   22.05   31.04   26.91   27.67   25.86
    8.83   14.43   27.45   39.04   35.06   29.40   25.37
    2.44   14.57   35.49   42.09   37.93   29.84   25.69
2090 2099
   -7.63  -16.55  -26.55  -29.78  -30.05  -31.62  -23.75
    2.71    1.70   -7.79  -18.78  -11.04   17.28   29.34
    7.64   11.24    8.36    2.92   14.95   36.63   49.38
   15.18   21.41   22.45   25.54   39.80   56.81   64.95
   28.41   41.31   39.90   32.62   43.56   54.71   49.44
