Mean monthly rainfall - Model Simulations
NaN indicates insufficient data is available
Refer to Accompanying Documentation
GRIDBOX LONGITUDES
           6
   21.25   23.75   26.25   28.75   31.25   33.75
GRIDBOX LATITUDES
           5
   -8.75  -11.25  -13.75  -16.25  -18.75
MODEL CLIMATOLOGY 1970-1999 (mm)
    1.61    1.40    1.47    2.00    5.92   12.38
    1.44    1.52    2.36    3.71    8.21   15.01
    1.99    2.17    3.51    5.82   10.81   17.79
    2.27    2.31    3.44    7.10   13.53   21.71
    4.34    4.76    5.83    9.69   15.98   24.40
Mean Anomalies over 10-year time slices (%)
2000 2009
   37.18   23.96    8.57   -3.12   -5.67   -5.86
   25.46   21.73   15.29   -2.04  -11.49  -13.59
   19.30   17.76   12.34   -2.39  -10.75  -13.84
    8.23    2.52   -0.58   -2.01   -2.20   -4.11
    3.06   -8.75   -8.97   -3.56    1.21    2.00
2010 2019
    1.16    2.55   11.65   25.63    4.53   -3.96
    3.33    2.62    0.96    1.12   -9.16  -14.16
   -0.27   -3.36   -4.86   -9.42  -15.31  -18.15
   -3.94   -5.36   -0.63   -8.68  -11.77  -13.27
    0.35    0.60   -4.81   -7.78   -7.73   -8.33
2020 2029
  -28.64  -38.19  -27.01  -19.76  -10.11   -7.66
  -22.99  -23.41  -14.32  -10.96  -10.46  -10.38
   -9.00  -15.32  -11.70   -7.68   -9.56  -11.81
    7.08  -11.46  -11.38   -4.72   -7.26  -11.47
   19.43    7.83    3.40    0.03   -3.04   -6.61
2030 2039
  -24.44  -24.90  -20.65  -34.07  -11.75   -3.84
  -39.12  -34.19  -29.35  -35.87  -22.59  -14.71
  -45.36  -40.99  -33.19  -33.23  -24.38  -17.80
  -44.14  -47.26  -40.42  -29.73  -15.07   -6.63
  -45.23  -45.10  -38.82  -31.05  -17.93   -8.77
2040 2049
   16.54    2.79  -20.32  -18.68   -7.58   -6.89
    8.23    5.04   -9.75  -16.67  -14.86  -14.27
    1.43    1.24   -9.80  -18.36  -19.95  -20.04
   -3.32   -9.88  -17.24  -21.94  -19.13  -17.58
   -3.61   -7.45  -16.87  -21.91  -18.72  -16.71
2050 2059
    0.80   -6.48  -10.49  -15.35   -4.09   -1.46
  -10.25  -11.19   -7.23  -21.43  -16.15  -11.29
   -2.00  -10.05   -5.63  -19.91  -19.87  -16.57
    4.11  -15.40   -6.52  -12.33  -12.01  -11.76
    1.06   -5.81   -6.33   -6.24   -5.98   -7.39
2060 2069
  160.58  159.39   67.20   18.01   -0.98   -4.32
  181.79  130.55   29.21   -3.45  -11.42  -12.77
  151.46  100.72   21.30   -9.34  -17.74  -19.61
  128.38   93.89   29.06  -12.21  -18.99  -19.55
   46.65   42.86   22.73   -3.82  -12.41  -15.90
2070 2079
   -7.95  -16.88    4.23   -1.30   -9.29  -12.78
  -18.51  -17.31  -18.77  -28.10  -25.39  -23.50
  -31.67  -24.16  -26.51  -32.13  -31.40  -30.33
  -46.89  -41.34  -36.15  -29.53  -27.53  -28.16
  -44.14  -45.12  -42.33  -36.14  -27.74  -22.86
2080 2089
  -10.80  -11.36    1.39   -5.58  -12.77  -14.83
  -32.75  -18.75  -11.94  -23.12  -25.61  -25.20
  -42.41  -28.09  -20.43  -30.00  -32.01  -31.44
  -54.40  -48.45  -35.18  -33.83  -29.59  -27.24
  -48.21  -48.19  -40.27  -38.12  -31.63  -27.02
2090 2099
   33.97   26.43   35.45   15.77   -3.03   -8.44
    3.21    2.79    2.91  -15.03  -18.91  -18.64
  -12.04  -10.22   -9.76  -24.11  -27.22  -26.66
  -26.31  -25.92  -23.72  -30.97  -28.05  -25.81
  -38.49  -34.77  -32.87  -33.30  -28.21  -25.62
