Mean monthly rainfall - Model Simulations
NaN indicates insufficient data is available
Refer to Accompanying Documentation
GRIDBOX LONGITUDES
           5
   -6.25   -3.75   -1.25    1.25    3.75
GRIDBOX LATITUDES
           4
   11.25    8.75    6.25    3.75
MODEL CLIMATOLOGY 1970-1999 (mm)
   89.38   96.29   96.29   98.40  101.47
  120.23  119.97  120.13  132.91  151.34
  131.99  125.62  132.52  164.73  206.52
  136.27  133.92  139.42  158.93  183.95
Mean Anomalies over 10-year time slices (mm)
2000 2009
   -1.96   -1.03   -0.86    0.34    2.35
   -3.17   -1.97   -1.57    0.55    3.73
   -4.95   -2.22   -1.00    3.25    9.08
    0.85    3.31    4.44    7.85   12.22
2010 2019
   -2.40    1.08    2.05    1.77    0.39
   -2.34    1.61    3.35    3.87    2.78
   -0.70    1.84    1.17    2.24    4.45
    3.25    3.04    1.36    2.38    5.40
2020 2029
   -3.78   -2.27   -1.76   -1.71   -1.75
   -6.63   -5.33   -4.02   -3.29   -2.92
   -2.24   -1.02   -1.44   -0.27    2.38
    0.67    1.26    1.31    2.99    5.70
2030 2039
   -4.33   -1.43   -0.34    0.49    1.35
   -3.39    1.42    2.30    3.17    4.67
   -2.09    1.80    2.59    4.17    6.38
    1.40    3.83    5.03    7.07    9.27
2040 2049
    0.60    2.90    3.83    4.25    4.30
   -1.51    0.82    1.50    2.51    3.90
   -2.47   -0.63   -1.74   -0.64    2.79
    3.03    4.13    2.25    2.93    6.04
2050 2059
   -3.90   -1.72   -1.53   -1.04    0.04
   -5.18   -3.68   -2.42   -0.47    1.97
   -2.91   -2.85   -1.81    2.25    7.52
    3.58    3.01    3.66    7.17   11.57
2060 2069
   -7.89   -5.16   -3.55   -2.24   -0.80
  -13.18  -10.00   -7.22   -4.17   -0.81
   -6.43   -3.78   -2.88    0.50    5.61
    6.37    5.70    4.29    6.61   11.40
2070 2079
   -1.82    0.64   -0.13   -1.97   -3.70
   -3.06    0.17    0.18   -1.37   -3.43
    4.79    5.54    5.52    7.44   10.27
   13.47   14.11   14.26   16.14   18.35
2080 2089
   -3.43   -1.18   -2.26   -2.93   -2.67
   -4.97   -3.00   -3.95   -4.15   -3.52
   -1.76   -0.94   -0.79    3.15    9.31
    5.22    5.16    4.89    8.09   13.10
2090 2099
   -6.63   -4.78   -4.59   -5.34   -6.44
   -7.99   -6.24   -6.14   -6.68   -7.35
    1.11    0.20    0.93    4.75    9.88
    7.04    5.01    4.88    8.87   15.02
