Mean monthly rainfall - Model Simulations
NaN indicates insufficient data is available
Refer to Accompanying Documentation
GRIDBOX LONGITUDES
           5
   -6.25   -3.75   -1.25    1.25    3.75
GRIDBOX LATITUDES
           4
   11.25    8.75    6.25    3.75
MODEL CLIMATOLOGY 1970-1999 (mm)
   48.06   44.61   40.64   40.59   37.48
   81.61   78.10   77.33   78.56   73.10
   95.21   88.48   91.66  101.49  120.25
  108.69  101.61  120.92  128.78  166.92
Mean Anomalies over 10-year time slices (mm)
2000 2009
   -5.44   -7.51   -8.36   -7.53   -6.01
   -5.20   -8.02   -7.54  -10.31  -11.27
   -9.66   -8.79   -9.63  -11.18  -14.44
  -14.78  -12.25  -15.68  -15.16  -14.99
2010 2019
   -4.32   -4.31   -0.52   -0.30   -2.07
    0.30   -1.76    2.01    3.66   -0.91
   -0.83    1.54    2.40    1.13   -8.40
   -5.82   -5.16   -5.92   -5.10   -5.10
2020 2029
   -5.30   -5.18   -4.58   -7.38   -7.61
   -1.70   -0.91   -2.02   -6.86   -8.84
   -5.12   -2.31   -1.82   -4.90  -11.08
  -14.75  -13.65  -12.59  -10.77  -10.10
2030 2039
    2.29    1.49    2.46    1.70   -1.14
    3.46    4.94    4.75    2.72    0.54
   -0.10    4.49    3.57    3.28   -0.96
   -9.91   -6.06   -7.20   -2.65   -3.08
2040 2049
    2.50    0.46    2.09    3.79    2.03
    4.23    0.69    4.59    9.58    4.99
    4.68    3.72    5.33    5.47    0.41
    3.43    7.82   14.74   15.10   14.64
2050 2059
   -2.09   -3.08    2.69    5.03    3.23
    1.35    2.43   11.26   12.40    7.09
    2.85    6.43    9.28   10.85   -0.45
   -6.40   -4.41   -3.62   -2.76   -1.45
2060 2069
   -6.16   -7.27   -5.29   -2.39   -0.84
   -8.28   -6.34   -1.78    0.26   -1.97
   -9.79   -6.82   -3.79    0.71  -12.58
   -9.87   -3.99   -6.33   -7.34   -5.41
2070 2079
   11.27   15.11   13.71   11.54   10.60
   12.61   16.75   14.80   11.58   10.07
   14.09   16.24   12.63   14.36    7.37
    6.96   10.77   13.21   11.60   12.06
2080 2089
    0.36   -0.22    1.98    2.46    1.10
    2.08    4.67    5.87    5.92    7.67
   -1.11    4.12    7.51    7.28    2.98
   -4.86    0.94    3.36    4.10    8.69
2090 2099
   20.53   18.88   17.69   16.97   12.24
   24.45   28.26   31.19   25.84   17.03
   14.94   18.70   19.74   11.90   -1.59
    8.11    6.93    6.82    3.83    2.82
