Mean monthly rainfall - Model Simulations
NaN indicates insufficient data is available
Refer to Accompanying Documentation
GRIDBOX LONGITUDES
           4
    8.75   11.25   13.75   16.25
GRIDBOX LATITUDES
           6
   13.75   11.25    8.75    6.25    3.75    1.25
MODEL CLIMATOLOGY 1970-1999 (mm)
    8.69    6.04    4.96    4.68
   28.19   23.83   20.60   19.50
   66.30   59.53   51.01   45.30
  124.77  118.50  104.65   91.44
  171.24  189.45  176.64  154.85
  160.56  226.57  227.40  203.74
Mean Anomalies over 10-year time slices (mm)
2000 2009
   -0.08   -0.27   -0.17   -0.06
    0.60    0.18    0.35    0.44
    0.61    0.70    0.25   -0.33
    0.42    2.72    2.58    1.57
   -2.60    3.06    4.60    3.67
    3.17   10.30   10.63    7.47
2010 2019
   -0.57   -0.66   -0.58   -0.56
   -0.80   -0.88   -0.76   -0.80
   -1.29   -1.60   -1.95   -2.13
   -1.41   -0.05   -0.20   -0.67
   -2.71    1.01    2.20    2.19
    0.49    6.58    8.05    6.68
2020 2029
   -0.27   -0.33   -0.20   -0.12
   -0.37   -0.55   -0.46   -0.46
   -0.44   -0.42   -1.07   -1.61
   -0.26   -0.05   -0.32   -1.09
    1.75    2.04    1.49    0.52
    1.82    4.37    1.54   -0.20
2030 2039
   -1.45   -1.15   -0.89   -0.78
   -2.60   -2.18   -1.79   -1.63
   -3.90   -3.22   -3.30   -3.21
   -4.05   -2.95   -2.09   -1.54
   -2.61    0.61    1.27    0.27
    3.59    6.73    5.66    2.70
2040 2049
   -0.27   -0.40   -0.39   -0.43
   -1.00   -0.78   -0.65   -0.79
   -1.58   -1.29   -1.92   -2.30
   -0.84    0.02   -0.20   -0.75
    0.69    4.73    2.28   -0.31
    4.14   10.49    5.44    0.37
2050 2059
   -1.93   -1.50   -1.20   -1.11
   -3.49   -2.35   -1.75   -1.61
   -6.23   -4.94   -4.72   -4.49
   -5.46   -3.52   -1.90   -1.40
   -2.51   -0.05    2.99    3.03
    2.39    7.00    7.06    5.44
2060 2069
    0.08   -0.00    0.05    0.03
   -1.15   -0.30   -0.05    0.11
   -1.73   -0.42   -0.86   -1.11
   -1.56    1.99    2.06    1.19
   -2.08    4.60    6.24    5.15
    4.89   13.38   17.40   14.82
2070 2079
   -0.80   -0.72   -0.60   -0.56
   -2.76   -1.76   -1.35   -1.31
   -5.27   -4.04   -3.99   -4.04
   -3.02   -0.72    0.45    0.31
    4.42   12.70   11.79    7.42
   11.92   24.54   20.62   11.61
2080 2089
   -0.83   -0.73   -0.54   -0.47
   -2.46   -1.58   -0.98   -0.88
   -4.80   -3.00   -2.75   -3.05
   -3.69   -2.05   -1.70   -2.27
   -0.07    4.80    3.59    0.93
    8.75   15.40   12.92    7.16
2090 2099
   -2.16   -1.55   -1.11   -0.96
   -3.83   -3.02   -2.24   -2.01
   -6.68   -5.40   -4.35   -3.73
   -4.71   -2.52   -1.57   -1.87
    2.55    8.00    7.33    3.86
   11.46   16.83   14.66    8.84
