Mean monthly rainfall - Model Simulations
NaN indicates insufficient data is available
Refer to Accompanying Documentation
GRIDBOX LONGITUDES
           4
    8.75   11.25   13.75   16.25
GRIDBOX LATITUDES
           6
   13.75   11.25    8.75    6.25    3.75    1.25
MODEL CLIMATOLOGY 1970-1999 (mm)
   60.87   52.11   43.69   44.00
  106.69   94.82   84.27   80.55
  180.68  166.27  149.40  133.79
  242.60  229.38  203.52  187.86
  263.40  254.64  227.97  207.10
  242.40  259.92  238.10  211.23
Mean Anomalies over 10-year time slices (mm)
2000 2009
   -1.82    0.76   -0.95   -5.29
   -8.68   -5.96   -5.10   -4.99
  -14.03   -7.80   -3.99    0.78
  -17.25  -18.00  -12.33   -4.96
    0.52  -10.26   -7.68  -11.19
    9.91   -3.11   -8.74  -13.81
2010 2019
   -6.96   -6.01   -5.14   -4.67
   -3.93   -4.72   -4.50   -2.39
    2.36    0.17   -0.16   -1.65
    5.57   -2.72   -5.68  -13.31
    3.63   -3.45   -1.49   -6.85
    0.86   -4.11   -2.55   -4.59
2020 2029
  -14.64  -13.40   -8.82  -10.72
  -10.25  -12.60  -13.63  -12.01
  -13.46  -14.31  -11.69  -10.77
   -7.39   -7.76   -0.39   -4.09
   -2.62   -0.44    5.05    2.98
  -14.77   -4.52    7.58   10.45
2030 2039
   -4.39   -2.70   -1.19   -5.58
  -11.71  -10.12   -8.46   -8.20
  -12.98  -12.59  -15.95  -14.77
   -7.32   -9.06  -14.58  -19.64
   -4.17    0.79   -2.04  -16.75
  -11.11    0.28   -6.16  -15.95
2040 2049
   11.52    9.98    3.82   -2.35
    2.15    2.40   -0.65   -6.43
   -4.65   -0.68   -4.17   -6.12
  -12.73   -3.83   -4.75   -8.66
  -14.03   -9.32   -7.22   -7.80
  -18.46  -13.95  -11.78    0.12
2050 2059
    1.44    1.25    1.09   -7.80
    1.84    1.29    1.61   -0.68
  -12.98   -3.09   -0.65    1.16
  -25.53  -15.72   -8.90  -12.72
  -19.17  -13.37   -7.66  -12.06
  -11.51   -5.10    1.48    9.38
2060 2069
  -11.79  -11.80  -10.39  -12.19
  -14.52  -13.91  -13.41  -15.40
  -15.17  -15.79  -17.59  -21.99
  -13.69  -17.44  -20.89  -29.18
   -7.07   -7.71  -17.73  -23.48
  -13.00   -7.12  -13.40   -8.61
2070 2079
  -11.44   -6.04   -5.22  -10.10
  -12.68   -9.92  -11.09  -11.66
  -12.69  -15.15  -19.02  -17.51
  -11.93  -16.94  -16.86  -21.88
   -3.94   -0.83    5.59   -4.43
    1.32    7.70    5.55    3.72
2080 2089
  -11.73   -8.75   -6.13  -10.03
  -14.44  -12.62  -14.34  -13.97
  -17.10  -16.09  -16.85  -11.95
  -11.06   -9.69   -8.31  -10.68
    2.04    4.92    4.20    4.30
    0.01    8.22   10.92   11.04
2090 2099
  -11.85  -10.40   -7.99  -10.40
   -6.88   -2.49   -2.54   -5.45
  -11.10   -5.09   -2.61   -1.35
  -13.91   -7.23   -0.39   -2.61
  -28.64  -11.09    0.14    2.24
  -25.92   -3.08    2.75    5.69
