Mean monthly rainfall - Model Simulations
NaN indicates insufficient data is available
Refer to Accompanying Documentation
GRIDBOX LONGITUDES
           4
    8.75   11.25   13.75   16.25
GRIDBOX LATITUDES
           6
   13.75   11.25    8.75    6.25    3.75    1.25
MODEL CLIMATOLOGY 1970-1999 (mm)
   65.56   52.13   45.16   45.47
  111.31   98.00   86.31   81.93
  168.44  157.04  141.05  126.22
  195.81  185.98  173.88  161.25
  180.38  173.07  173.53  165.22
  149.48  171.68  184.16  176.13
Mean Anomalies over 10-year time slices (mm)
2000 2009
    4.71    2.80    2.62    2.76
    3.28    1.26   -0.85   -1.42
    0.13   -0.37   -2.51   -3.27
   -2.24   -0.79   -1.39   -3.73
   -0.32   -1.05    1.08   -0.46
   -7.04   -5.09    1.83    3.99
2010 2019
    0.57    0.14   -0.32   -1.82
   -2.87   -3.16   -3.65   -5.67
   -1.80   -4.16   -7.29   -8.44
   -0.00   -0.59   -4.48   -8.17
    0.94    1.87    1.71   -1.10
   -7.09   -0.04    6.24    6.43
2020 2029
   -1.26   -0.88   -1.05   -1.69
   -3.10   -2.16   -2.44   -2.97
   -4.17   -5.78   -6.20   -3.85
   -2.98   -3.54   -5.44   -6.75
   -9.07   -3.33   -1.75   -3.11
  -11.63   -4.71    1.74    3.67
2030 2039
    5.39    3.57    2.49    1.32
    3.88    3.03    1.70   -0.34
    7.78    6.83    1.91   -2.29
    8.31   10.24    5.52   -2.96
    3.33    7.39    7.81    0.89
    4.76    9.18   13.10    7.47
2040 2049
   -1.03    0.00    0.43   -0.64
   -6.54   -5.09   -3.33   -4.05
   -3.90   -4.31   -3.41   -2.02
    2.30    2.49    1.53   -0.66
    0.71    5.75    7.52    2.09
   -0.30    7.10   12.27    8.22
2050 2059
   -2.78   -3.59   -4.62   -7.01
   -2.09   -3.47   -4.31   -6.70
    1.24   -0.56   -3.04   -4.91
   12.42    7.60    1.77   -0.74
   24.43   14.65    9.39    5.45
   20.18   13.48   13.08    8.25
2060 2069
   -3.07   -0.46    2.95    3.48
  -10.64   -8.05   -6.41   -5.77
   -9.14  -11.12  -13.73  -14.05
    4.15    2.39   -4.59  -10.42
    1.11    6.59    5.09   -0.91
   -0.43    5.81    8.17    3.47
2070 2079
   -7.98   -6.90   -5.83   -6.85
  -12.95  -13.62  -14.37  -16.48
   -6.91  -11.55  -17.61  -21.35
    7.10    2.28   -6.78  -13.74
   26.86   17.10    8.97   -0.08
   29.85   20.51   16.64    6.54
2080 2089
  -11.22  -10.19  -10.51  -12.61
  -17.76  -18.43  -17.96  -19.04
  -18.34  -20.69  -23.90  -22.94
   -0.40   -2.04   -7.78  -13.45
   18.00   16.07   12.97    0.79
   24.85   22.05   21.35    8.75
2090 2099
  -13.34  -10.92   -8.91  -10.34
  -21.98  -20.37  -18.08  -18.14
  -21.78  -23.96  -27.38  -26.71
   -8.14  -12.06  -19.17  -24.34
   11.50    4.98   -1.77  -10.77
   12.01    7.27    4.65   -0.69
