Mean monthly rainfall - Model Simulations
NaN indicates insufficient data is available
Refer to Accompanying Documentation
GRIDBOX LONGITUDES
           4
    8.75   11.25   13.75   16.25
GRIDBOX LATITUDES
           6
   13.75   11.25    8.75    6.25    3.75    1.25
MODEL CLIMATOLOGY 1970-1999 (mm)
  165.36  130.92  139.31  145.97
  221.05  185.78  226.21  197.62
  276.83  255.77  289.89  247.45
  329.99  302.21  284.72  252.81
  388.12  269.32  159.40  160.32
  242.47  186.85  144.02  112.02
Mean Anomalies over 10-year time slices (mm)
2000 2009
  -12.16  -16.34  -18.45  -22.54
    2.72   -1.93   -8.53   -8.44
    8.28    9.18    6.19   -1.46
   10.04    7.60   10.48    0.51
    8.57   -1.06   -0.72   -2.01
  -18.47  -14.42  -12.19   -8.04
2010 2019
   -5.81   -9.13  -13.69   -9.66
    9.80   12.06   -7.57  -21.45
   16.13   27.25    7.39  -10.11
    8.07   13.03   10.12    0.14
   -5.94  -12.18   -1.19    0.05
  -15.91  -12.78    2.83    3.41
2020 2029
  -18.42   -9.29  -11.57  -13.64
   -7.88   -6.63  -20.64  -24.95
   -8.44   -1.59  -20.33  -31.21
   -4.00   -3.36  -13.65  -24.89
   -3.66  -12.19  -13.29  -13.21
  -20.41  -19.76   -7.31   -1.98
2030 2039
  -26.14  -26.74  -31.91  -27.65
  -20.89  -20.99  -31.82  -37.12
  -24.81  -15.36  -24.40  -25.87
  -17.32  -21.52  -21.28  -15.72
  -22.42  -33.20  -21.68   -5.87
  -52.55  -38.44  -14.25    0.93
2040 2049
   -8.99   -9.72  -10.12  -13.06
    9.25    7.69  -11.15  -18.12
   -1.01   10.60   -3.34  -16.45
  -12.79   -1.09    8.00   -4.45
    1.41  -18.89   -5.88    7.13
   -8.93  -17.15  -10.87    0.76
2050 2059
   17.72    9.05    0.31    1.38
   12.99   11.28   -2.47   -7.40
  -10.25    0.22   -7.44  -10.14
  -22.93  -12.47   -3.46   -4.01
  -18.01  -27.99  -15.14   -1.43
  -26.85  -24.55  -16.08   -3.34
2060 2069
    5.80    8.54    9.57   10.87
    1.45    6.99    5.88    8.55
  -11.90    9.90    9.15   -0.14
   -4.54    5.34    2.52   -9.36
    0.95  -12.38   -6.90   -5.13
  -25.12  -16.75   -7.03   -4.83
2070 2079
  -32.79  -28.48  -38.01  -30.10
  -33.61  -30.60  -46.82  -43.27
  -32.72  -17.36  -31.08  -37.70
  -21.19  -16.70  -21.04  -23.14
  -11.92  -29.18  -16.81   -3.73
  -21.79  -22.56   -4.70    8.48
2080 2089
  -26.33  -16.47  -10.24   -0.99
  -17.15   -9.85  -16.43   -9.87
  -25.03   -7.37  -13.02  -16.24
  -16.74   -6.65   -9.36  -12.37
  -22.92  -27.52  -19.04   -5.90
  -25.07  -24.35   -7.71   -0.25
2090 2099
   -5.08    0.71   -0.01    1.76
   -5.61   -2.42   -8.13   -1.48
  -22.67   -5.17   -4.72   -4.13
  -19.56  -13.86   -5.33   -1.83
  -16.01  -24.86  -14.04   -2.10
  -34.22  -23.87  -11.19   -2.70
