Mean monthly rainfall - Model Simulations
NaN indicates insufficient data is available
Refer to Accompanying Documentation
GRIDBOX LONGITUDES
           4
    8.75   11.25   13.75   16.25
GRIDBOX LATITUDES
           6
   13.75   11.25    8.75    6.25    3.75    1.25
MODEL CLIMATOLOGY 1970-1999 (mm)
   41.86   37.07   33.06   30.03
   79.41   60.84   54.83   57.52
  124.80  121.97  118.65  108.44
  201.79  198.15  188.49  178.17
  288.44  244.49  230.18  233.38
  327.16  262.35  253.60  260.65
Mean Anomalies over 10-year time slices (mm)
2000 2009
   -7.61   -7.08   -5.63   -2.23
   -5.25   -3.84   -3.23    0.10
    2.88    4.11    6.29    7.77
    5.66    5.79    9.27   12.09
    5.97    2.01    0.61    1.67
    1.11   -2.56   -2.43   -3.45
2010 2019
    7.44    7.00    6.88    7.14
   11.06   11.23    9.84    8.78
   15.69   15.77   14.79   11.06
   16.07   13.70   12.75    9.63
    9.64    1.59   -0.72   -2.19
    5.28   -5.57   -8.28  -10.38
2020 2029
   15.58   12.42   10.05    9.20
   15.97   15.18   13.56   12.66
   12.10   10.79   14.74   16.60
    9.11    4.53    7.55   12.94
   14.87    3.49   -1.70    0.47
   19.96    6.38    0.82   -0.33
2030 2039
   -1.60   -2.28   -1.02    2.68
    3.65    5.03    4.59    6.30
    6.61    7.77   10.47   11.36
   -6.13   -8.02   -1.30    5.15
  -14.42  -19.45  -15.84   -9.58
  -20.95  -24.05  -17.43  -13.09
2040 2049
   -6.93   -7.09   -6.89   -5.99
   -6.33   -3.82   -6.67   -8.42
   -6.98   -2.09   -4.37   -5.38
   -5.18   -7.09   -7.75   -6.31
    4.41  -10.26  -16.27  -15.91
   18.42   -7.96  -15.98  -17.65
2050 2059
   -1.13   -2.66   -2.90    0.06
    1.43    2.81    1.53    2.54
   -0.35    0.93    4.95    7.84
   -1.46   -5.10   -1.42    5.50
   -2.15   -8.61  -13.45   -9.24
  -14.50  -14.39  -14.01  -11.19
2060 2069
    3.86    3.16    3.40    5.17
    9.72   11.87    8.87    6.54
   11.65   13.96   16.84   16.70
    6.02    1.62    6.31   12.96
    9.09   -3.36   -9.74   -5.45
   11.45    0.19   -5.10   -5.34
2070 2079
   -6.75   -6.64   -5.64   -3.59
    4.46    6.22    3.13    0.72
   13.46   16.21   15.86   14.99
   12.32    6.93    8.95   14.28
   16.38    2.59   -6.01   -5.15
   18.30    2.11   -6.85   -8.87
2080 2089
   -0.17   -0.73   -0.98    0.84
    3.41    5.08    2.74    2.28
    9.83   12.33   14.35   15.12
   10.19    8.16   12.65   20.33
   13.73    4.85   -0.89    3.08
   12.13    1.28   -2.85   -3.70
2090 2099
   -5.49   -7.06   -5.71   -3.37
   -0.46    0.28   -1.51   -1.67
    2.00    5.22    5.02    6.32
   -6.42   -7.70   -6.03   -0.10
  -14.83  -19.97  -26.69  -22.85
  -23.96  -25.26  -28.02  -24.97
