Mean monthly rainfall - Model Simulations
NaN indicates insufficient data is available
Refer to Accompanying Documentation
GRIDBOX LONGITUDES
           4
   28.75   31.25   33.75   36.25
GRIDBOX LATITUDES
           5
    6.25    3.75    1.25   -1.25   -3.75
MODEL CLIMATOLOGY 1970-1999 (mm)
   18.18   22.14   28.73   24.12
   83.39   75.03   56.76   38.28
  216.12  189.22  123.78   63.80
  328.28  296.18  219.63  115.96
  401.61  365.24  257.44  160.82
Mean Anomalies over 10-year time slices (mm)
2000 2009
   -1.93   -2.09   -1.84   -0.56
   -2.93   -3.60   -1.21   -0.36
   -4.05   -4.28   -1.43   -1.40
   -5.30   -8.62   -2.31   -2.95
   -9.30  -12.66   -6.75   -3.43
2010 2019
   -2.48   -2.14   -1.95    1.48
   -7.98   -6.51   -2.99    2.74
   -7.76   -9.65   -1.04    6.30
    3.96   -8.32   -8.06    0.74
   -5.30  -14.03  -16.45   -8.97
2020 2029
   -0.22    0.76    2.42    3.54
    0.55   -1.54   -5.24   -1.71
   -4.90   -9.56  -12.13   -6.42
  -15.99  -18.84  -14.78  -10.57
  -15.43  -20.00  -19.75  -14.58
2030 2039
   -2.19   -2.05   -1.48    2.69
   -0.63    0.05    2.58    3.64
    0.56    3.38    9.89    6.83
    3.69    3.92    7.26    5.10
   -9.89   -5.43    1.89   -1.67
2040 2049
   -0.24   -1.88   -4.48   -3.90
    3.04   -0.89   -7.45   -4.81
    7.00    0.50   -9.27   -3.85
   18.09   10.89    1.49    0.56
   28.01   17.03    5.53    4.29
2050 2059
   -1.97   -3.15   -3.07    3.48
  -10.91  -14.60  -10.85   -0.86
  -23.02  -25.48  -14.66   -0.38
  -25.34  -23.53  -13.25   -3.96
  -26.80  -22.24  -15.71  -12.76
2060 2069
    1.08    0.82    1.95    5.01
    6.64   -0.52   -4.39    2.03
    0.67   -1.52   -1.20    4.06
    0.53    6.15    5.22    4.39
    1.22    3.69   -7.93   -6.78
2070 2079
    1.25    3.28    7.00    7.61
    3.71    2.35    1.31    6.20
    4.98    6.82    6.68    8.02
   13.59   10.93    5.16    0.03
   14.32    9.74   -2.92  -11.29
2080 2089
   -4.79   -2.14    1.84    7.47
   -8.79   -4.71   -2.24    2.57
  -16.33   -9.83   -0.13    7.12
    3.91   14.26   15.15    9.36
   13.96   26.16   18.78    4.32
2090 2099
    1.07    3.52    7.39   17.22
    0.27    4.73    9.86   17.47
    1.32   10.23   21.42   22.40
    2.14   11.93   18.99   16.46
   -0.41   19.72   29.49   13.26
