Mean temperature - Model Simulations
NaN indicates insufficient data is available
Refer to Accompanying Documentation
GRIDBOX LONGITUDES
           4
   28.75   31.25   33.75   36.25
GRIDBOX LATITUDES
           5
    6.25    3.75    1.25   -1.25   -3.75
MODEL CLIMATOLOGY 1970-1999
  298.40  298.84  299.22  295.22
  296.04  296.64  297.97  298.54
  293.97  294.77  296.28  296.76
  293.61  294.22  295.37  294.92
  294.19  294.16  294.53  294.26
Mean Anomalies over 10-year time slices
2000 2009
    0.26    0.33    0.41    0.44
    0.03    0.05    0.51    0.46
    0.15    0.01    0.58    0.37
    0.24    0.07    0.33    0.49
    0.12   -0.00    0.14    0.49
2010 2019
    1.10    1.01    0.98    0.99
    1.10    1.03    1.06    1.07
    1.25    1.06    1.07    0.96
    1.07    1.04    1.11    1.04
    0.92    1.07    1.23    1.19
2020 2029
    1.38    1.55    1.51    1.39
    1.18    1.35    1.41    1.25
    1.16    0.91    1.10    0.92
    1.01    0.50    0.78    0.99
    0.88    0.67    0.80    1.23
2030 2039
    1.77    1.64    1.36    1.35
    1.62    1.45    1.25    1.27
    1.72    1.30    1.17    1.22
    1.56    1.15    1.05    1.40
    1.35    1.06    1.11    1.56
2040 2049
    1.98    2.05    2.08    2.22
    1.67    1.89    2.30    2.31
    1.79    1.77    2.35    2.05
    1.84    1.70    2.18    2.03
    1.89    1.82    1.90    2.00
2050 2059
    2.77    2.82    2.63    2.52
    2.84    2.91    2.60    2.59
    2.86    2.78    2.50    2.48
    2.47    2.37    2.30    2.43
    2.21    1.99    2.11    2.36
2060 2069
    2.84    2.53    2.46    2.80
    2.48    2.43    2.76    3.19
    2.65    2.32    2.89    3.09
    2.56    2.21    2.95    3.16
    2.45    2.27    2.63    3.03
2070 2079
    3.75    3.69    3.37    3.43
    3.42    3.52    3.32    3.43
    3.34    3.23    3.26    3.46
    3.20    2.84    2.95    3.46
    3.04    2.70    2.57    3.23
2080 2089
    4.20    3.89    3.78    4.10
    3.60    3.59    3.88    4.24
    3.54    3.11    3.59    3.94
    3.58    2.82    3.26    3.86
    3.54    3.43    3.44    4.03
2090 2099
    4.93    4.58    4.14    4.31
    4.32    4.05    3.96    4.45
    4.25    3.65    3.86    4.36
    4.34    3.47    3.51    4.15
    4.45    3.99    3.53    3.91
