Mean monthly rainfall - Model Simulations
NaN indicates insufficient data is available
Refer to Accompanying Documentation
GRIDBOX LONGITUDES
           4
   28.75   31.25   33.75   36.25
GRIDBOX LATITUDES
           5
    6.25    3.75    1.25   -1.25   -3.75
MODEL CLIMATOLOGY 1970-1999 (mm)
   96.17  105.42   97.53   93.40
  131.42  121.14  100.28   44.70
  191.87  131.83  119.03   45.41
  171.47   96.09   93.04   43.22
  158.04   99.14   81.69   42.83
Mean Anomalies over 10-year time slices (mm)
2000 2009
    3.57    4.54    5.06    5.88
    1.57    3.85    6.16    6.88
   -2.00    4.14    4.54    6.46
    0.48    2.35    4.27    9.28
   -0.10    1.41    7.40   13.15
2010 2019
    2.97    3.25    4.66   -0.21
    4.23    0.42    3.58    0.69
   -1.72    1.13    1.45   -0.93
   -5.38    1.00    0.42    6.18
   -3.14   -0.40    3.34   10.29
2020 2029
    1.04   -1.65   -1.08   -1.13
    0.69   -0.56    1.07    0.14
   -6.53    1.38   -0.50   -0.59
   -8.38    1.25    1.15    7.04
   -6.74    0.50    4.73   10.64
2030 2039
   -5.50   -5.06   -1.36   -3.50
   -0.01   -0.42    0.41    0.88
   -4.77    0.45    0.37   -1.10
  -10.15   -0.92   -1.11    3.83
   -3.76   -0.57    4.79    9.41
2040 2049
   -9.27   -8.96   -6.44   -5.62
   -4.92   -4.92   -2.90   -0.68
  -13.68   -8.84   -4.63   -3.14
  -14.63   -3.52   -1.21    1.50
  -10.74   -4.13    1.82    9.16
2050 2059
   -2.49   -1.29    0.82   -2.31
   -3.14   -3.25    5.22    2.70
   -8.72   -2.84    4.43   -0.31
  -11.73   -3.78   -0.14    5.56
  -14.61   -5.15    5.31   11.28
2060 2069
   -2.70   -2.99   -1.58   -5.27
    0.63   -1.49    2.91    1.86
   -7.25   -2.96   -0.84   -1.76
  -10.56   -2.79   -2.10    2.23
   -9.40   -4.22    2.79    6.47
2070 2079
   -3.12   -3.16   -0.12   -6.17
    0.25   -2.81    8.41    0.11
   -2.62   -4.46    5.71   -2.35
   -8.59   -4.17    0.53    5.07
   -6.45   -3.50    4.59    9.66
2080 2089
   -7.05   -1.09   -0.40   -0.58
   -3.54   -1.25    3.48    7.54
   -6.37   -1.46    4.62    4.96
   -9.14   -2.87   -0.10    2.86
   -6.09   -1.71    1.22    4.65
2090 2099
   -2.78   -1.75    1.81   -0.93
    6.05    3.14   10.47    4.40
    1.16    0.36    7.49   -0.60
   -4.76   -1.05    3.29    0.95
   -1.85   -0.76    3.05    4.51
