Mean monthly rainfall - Model Simulations
NaN indicates insufficient data is available
Refer to Accompanying Documentation
GRIDBOX LONGITUDES
           4
   28.75   31.25   33.75   36.25
GRIDBOX LATITUDES
           5
    6.25    3.75    1.25   -1.25   -3.75
MODEL CLIMATOLOGY 1970-1999 (mm)
  195.42  203.06  206.83  196.55
  245.02  223.56  153.40   95.02
  267.29  209.32  144.72   89.30
  269.62  156.52  117.51  116.94
  184.57  110.63   87.76   97.72
Mean Anomalies over 10-year time slices (mm)
2000 2009
   -4.60  -10.93  -13.82   -1.12
   -5.01  -14.15  -13.42   -2.78
   10.96   -2.89   -5.39   -6.02
   26.78    9.07    5.75   -8.86
   18.67   11.11    7.77   -9.18
2010 2019
   13.36   12.01   11.84   19.31
   12.63    4.10    4.69   14.39
    8.00   -0.99    1.42   16.07
    7.85    2.41   -0.52   12.52
   10.89    6.61    0.76    1.57
2020 2029
   -6.70  -10.36   -8.55    4.08
   -6.45  -10.59   -8.32    0.84
   -6.91  -15.20  -15.51  -10.56
   -0.15   -9.14  -15.38  -23.26
   13.59    1.48   -5.86  -16.31
2030 2039
   -0.85   -8.16  -15.17  -10.85
   -9.77  -25.36  -24.92  -11.34
  -23.33  -35.48  -33.96  -18.08
  -29.34  -30.42  -33.63  -28.78
  -19.88  -20.31  -22.94  -22.97
2040 2049
    1.03   -9.93   -9.95    6.09
    0.95   -7.00   -7.18    4.87
    5.06   -7.14  -14.66   -8.98
   11.48   -6.10  -16.99  -20.05
    9.80   -3.67  -12.14  -14.31
2050 2059
   -4.27   -6.09   -7.46    2.99
   -5.28   -0.01    7.37   16.04
   -0.71    7.16   13.72   13.63
    3.67   12.80   12.02    0.73
    5.78   12.50    9.05   -5.30
2060 2069
   -6.53  -10.12  -10.30   -6.71
  -15.80  -18.67  -16.50   -4.70
  -13.68  -15.89  -14.35   -6.60
  -12.05  -15.20  -16.23  -14.00
   -9.43  -13.07  -15.21   -7.20
2070 2079
   34.94   33.75   35.14   33.92
   23.30   28.58   25.13   23.08
   16.94   25.21   21.24   12.71
   19.48   17.61    8.06   -2.60
   20.51    5.10   -6.78  -15.59
2080 2089
   -3.14   -2.35   -0.71   11.82
   -6.12   -6.16    2.78   19.75
   -3.73  -12.79   -8.12    3.27
   -5.32   -7.82  -10.71  -12.36
   -2.27   -3.09   -5.11   -9.87
2090 2099
  -11.93   -1.52    9.49   17.19
   -8.25  -10.69   -3.07   12.55
   -3.86  -15.32  -11.98    4.66
  -12.20  -15.38  -14.94   -7.67
   -8.51   -6.94   -8.59   -8.46
