Mean monthly rainfall - Model Simulations
NaN indicates insufficient data is available
Refer to Accompanying Documentation
GRIDBOX LONGITUDES
           4
   28.75   31.25   33.75   36.25
GRIDBOX LATITUDES
           5
    6.25    3.75    1.25   -1.25   -3.75
MODEL CLIMATOLOGY 1970-1999 (mm)
  163.25  179.37  153.07  133.70
  154.55  156.25  144.94   59.94
  168.94  115.28  127.95   43.29
   86.99   22.53   20.11    7.85
   19.09    2.63    1.44    2.93
Mean Anomalies over 10-year time slices (mm)
2000 2009
    2.81    6.27   11.01   15.00
   11.53    8.31   11.80    8.09
   11.36   10.62    8.03    3.34
    7.12    2.07    1.10    0.70
    0.19    0.59    0.54   -0.08
2010 2019
    7.53    7.37    5.97    2.21
    6.75    2.73   11.06    4.40
    2.49    6.18    8.21    0.58
    3.27    0.23    0.25    1.33
   -1.98   -1.82   -0.32   -0.39
2020 2029
    1.79   -2.87   -6.46   -7.49
    6.70   -0.82    0.20    0.38
   -3.67   -2.46   -3.56   -5.19
   -5.48    2.74    2.00    0.75
   -0.41    1.11    0.60   -0.04
2030 2039
   -6.09   -3.69   -0.38   -1.67
    9.23    2.19    9.65    5.33
    1.45    3.64    9.31    1.66
    1.20    2.53    1.83    2.93
    4.51    0.69    0.75    0.40
2040 2049
  -13.35  -14.58  -15.64  -11.15
   -6.47  -11.70  -10.35   -2.14
  -12.94  -10.94  -10.20   -7.20
   -8.44   -1.57   -2.91   -1.30
   -2.67   -1.36   -0.54   -0.40
2050 2059
   -3.10    3.16    8.29    1.89
    5.76    1.48   19.72   13.03
    5.89    8.87   19.09    0.45
    6.80    0.59    0.95   -0.01
   -2.39   -1.47   -0.37    0.03
2060 2069
   -3.14   -2.35   -3.59  -12.78
    5.23   -0.49    8.62    1.98
    0.74    1.73    2.61   -5.60
   -1.90   -0.78   -2.85   -2.08
   -2.11   -1.15   -0.43   -0.67
2070 2079
   -0.10   -3.01   -3.16  -10.33
   10.58   -0.90   13.41   -1.52
    6.25    3.56   10.19  -14.47
    1.94   -1.29   -0.98   -2.21
   -0.73   -0.29    0.10   -0.44
2080 2089
   -5.96    1.75    3.77    4.51
    3.35   -0.97    8.09   11.55
   -1.89    1.89    6.69   -0.49
   -3.69   -1.60   -3.41   -2.10
   -5.50   -1.55   -0.33   -0.41
2090 2099
   -2.62   -3.71   -0.76   -2.54
    6.28   -1.88   18.48    9.34
    4.29    6.59   16.13   -5.66
    4.15    0.70    0.43   -1.53
   -2.78   -1.69   -0.55   -0.23
