Mean monthly rainfall - Model Simulations
NaN indicates insufficient data is available
Refer to Accompanying Documentation
GRIDBOX LONGITUDES
           4
   28.75   31.25   33.75   36.25
GRIDBOX LATITUDES
           5
    6.25    3.75    1.25   -1.25   -3.75
MODEL CLIMATOLOGY 1970-1999 (mm)
  115.07   46.51   53.96  137.42
  158.51   84.34   64.49   98.95
  198.73  117.37   80.90   89.33
  234.85  131.66  110.72  172.02
  203.97  130.23  140.89  235.95
Mean Anomalies over 10-year time slices (mm)
2000 2009
   15.05    6.04    5.65   13.91
    9.69    7.09    7.65   11.35
    5.59    6.52    7.27    7.85
   11.06    4.25    3.25    8.05
    8.71   -1.74   -3.14    4.50
2010 2019
   12.43    3.07    1.39    7.38
   -0.19   -4.34   -2.54    5.20
   -8.95   -9.37   -5.44    2.83
   -2.18   -5.79   -4.38    2.04
   -3.78   -7.15   -8.12   -6.68
2020 2029
   17.40    6.01    6.05   17.52
    7.59    0.47    2.04   12.29
    1.44   -4.65   -1.65   10.44
    8.15   -6.26   -3.35   16.89
    1.52  -14.84  -10.31   15.11
2030 2039
   -5.83   -2.69    4.21   14.86
   -6.85   -7.09   -0.95   11.58
   -7.02  -11.15   -6.92    5.65
   -6.11  -12.97  -10.63    0.91
   -8.82  -16.72  -14.34   -1.67
2040 2049
   13.20    3.54    7.13   23.97
    4.14   -3.55   -1.06   11.61
   -5.06  -10.64   -8.47    1.44
   -8.65  -13.67   -9.04    5.23
  -11.38  -15.59   -9.29    7.53
2050 2059
    2.22   -0.64    5.82   21.62
   -4.06   -8.02   -2.41   12.78
  -10.93  -16.29  -11.39    3.77
  -14.90  -22.54  -15.93    4.94
  -17.06  -25.22  -19.15    1.15
2060 2069
   21.08    7.32    6.45   18.48
   12.37    1.00    1.56   14.04
    3.38   -5.79   -2.54   13.13
    0.88   -9.92   -3.50   20.13
   -5.29  -19.42  -14.39    9.79
2070 2079
   24.43   10.38   14.46   36.67
   17.23    6.26   11.57   33.16
    9.54   -0.10    6.60   29.61
    4.28   -9.20   -0.01   31.85
   -6.20  -21.92  -14.49   16.09
2080 2089
   22.94    7.69   11.21   33.51
   16.26    2.83    8.18   32.31
    9.88   -4.75    2.69   32.22
    6.56  -16.00   -6.03   36.48
   -7.11  -30.42  -22.79   15.77
2090 2099
   32.87   11.73   10.54   29.29
   20.67    4.22    6.78   28.34
    9.75   -4.70    0.83   26.35
   10.23  -11.76   -6.13   27.12
   -0.93  -22.80  -20.83    4.99
