Mean temperature - Model Simulations
NaN indicates insufficient data is available
Refer to Accompanying Documentation
GRIDBOX LONGITUDES
           5
   13.75   16.25   18.75   21.25   23.75
GRIDBOX LATITUDES
           8
   23.75   21.25   18.75   16.25   13.75   11.25    8.75    6.25
MODEL CLIMATOLOGY 1970-1999
  291.97  290.81  290.30  292.06  291.54
  293.93  291.98  290.75  292.68  292.62
  297.35  296.27  294.86  294.80  294.17
  300.01  299.90  300.17  298.32  295.50
  302.00  302.22  302.75  300.24  296.92
  302.72  303.02  302.46  300.62  299.85
  300.84  302.48  301.93  300.29  300.06
  298.39  300.36  300.92  300.19  299.24
Mean Anomalies over 10-year time slices
2000 2009
    0.54    0.51    0.40    0.39    0.55
    0.57    0.58    0.52    0.53    0.63
    0.60    0.61    0.60    0.60    0.62
    0.64    0.63    0.63    0.63    0.60
    0.69    0.68    0.61    0.62    0.64
    0.75    0.76    0.64    0.64    0.71
    0.62    0.65    0.55    0.51    0.56
    0.36    0.42    0.40    0.33    0.31
2010 2019
    0.44    0.40    0.43    0.50    0.61
    0.54    0.56    0.53    0.59    0.73
    0.73    0.75    0.69    0.76    0.85
    0.83    0.80    0.72    0.78    0.82
    0.68    0.63    0.63    0.68    0.75
    0.52    0.55    0.64    0.70    0.79
    0.50    0.47    0.56    0.62    0.69
    0.61    0.54    0.56    0.55    0.57
2020 2029
    1.03    0.96    0.89    0.95    1.13
    1.17    1.13    1.06    1.13    1.31
    1.20    1.16    1.15    1.24    1.27
    1.35    1.34    1.35    1.37    1.27
    1.44    1.48    1.52    1.57    1.52
    1.47    1.58    1.55    1.55    1.58
    1.31    1.47    1.37    1.27    1.30
    1.04    1.10    1.03    0.97    0.94
2030 2039
    1.48    1.48    1.51    1.59    1.74
    1.68    1.69    1.69    1.79    1.98
    1.80    1.79    1.81    1.89    1.93
    1.87    1.86    1.83    1.81    1.81
    1.79    1.84    1.73    1.63    1.69
    1.62    1.71    1.57    1.48    1.52
    1.39    1.48    1.40    1.36    1.32
    1.14    1.19    1.17    1.16    1.09
2040 2049
    1.88    1.79    1.70    1.74    1.97
    2.09    2.07    1.99    2.05    2.27
    2.25    2.25    2.22    2.28    2.37
    2.27    2.28    2.21    2.15    2.22
    2.12    2.12    2.05    1.94    2.03
    1.94    1.97    1.86    1.78    1.87
    1.59    1.65    1.48    1.43    1.49
    1.43    1.44    1.31    1.27    1.25
2050 2059
    1.56    1.53    1.51    1.65    2.00
    1.75    1.80    1.79    1.96    2.29
    1.99    2.06    2.08    2.28    2.48
    2.14    2.24    2.24    2.28    2.36
    2.12    2.21    2.21    2.15    2.15
    2.09    2.22    2.17    2.12    2.06
    1.92    2.12    2.03    1.96    1.87
    1.75    1.89    1.85    1.86    1.76
2060 2069
    2.09    2.03    1.94    2.06    2.41
    2.46    2.45    2.34    2.44    2.73
    2.62    2.60    2.54    2.66    2.78
    2.68    2.75    2.72    2.77    2.80
    2.68    2.81    2.83    2.81    2.84
    2.77    2.93    2.90    2.82    2.78
    2.62    2.78    2.68    2.58    2.54
    2.19    2.31    2.21    2.13    2.08
2070 2079
    2.58    2.52    2.46    2.53    2.76
    2.75    2.75    2.71    2.81    3.06
    2.89    2.87    2.88    3.02    3.15
    3.01    3.03    3.02    3.04    3.06
    2.93    2.98    2.96    2.88    2.98
    2.77    2.89    2.88    2.79    2.92
    2.52    2.71    2.71    2.63    2.61
    2.28    2.35    2.35    2.34    2.22
2080 2089
    3.01    2.96    2.89    2.88    3.06
    3.26    3.23    3.16    3.13    3.30
    3.37    3.28    3.22    3.23    3.31
    3.40    3.33    3.26    3.28    3.34
    3.20    3.18    3.14    3.14    3.26
    2.95    3.01    2.97    2.94    3.02
    2.54    2.75    2.72    2.65    2.63
    2.19    2.33    2.38    2.33    2.20
2090 2099
    2.15    2.10    2.03    2.17    2.52
    2.63    2.60    2.47    2.60    2.91
    2.93    2.87    2.79    2.94    3.02
    3.10    3.08    3.02    3.10    3.07
    3.17    3.12    3.07    3.16    3.19
    3.18    3.22    3.13    3.12    3.07
    2.94    3.20    3.17    3.03    2.81
    2.64    2.85    2.89    2.89    2.68
