Mean temperature - Model Simulations
NaN indicates insufficient data is available
Refer to Accompanying Documentation
GRIDBOX LONGITUDES
           5
   13.75   16.25   18.75   21.25   23.75
GRIDBOX LATITUDES
           8
   23.75   21.25   18.75   16.25   13.75   11.25    8.75    6.25
MODEL CLIMATOLOGY 1970-1999
  301.14  301.04  300.90  300.75  300.69
  303.04  302.62  302.15  301.63  301.34
  304.83  304.42  303.77  302.85  302.15
  306.47  306.41  305.80  304.57  303.49
  306.26  306.50  306.02  304.74  303.66
  303.29  303.59  303.23  302.25  301.62
  299.67  300.04  299.93  299.40  299.18
  297.33  298.20  298.65  298.16  297.92
Mean Anomalies over 10-year time slices
2000 2009
    0.63    0.62    0.61    0.58    0.55
    0.58    0.57    0.57    0.56    0.54
    0.61    0.60    0.61    0.62    0.62
    0.69    0.67    0.68    0.69    0.71
    0.53    0.46    0.46    0.45    0.49
    0.24    0.17    0.15    0.13    0.17
    0.10    0.07    0.05    0.05    0.07
    0.17    0.17    0.18    0.17    0.16
2010 2019
    0.35    0.30    0.30    0.31    0.33
    0.34    0.31    0.32    0.35    0.36
    0.39    0.37    0.40    0.44    0.47
    0.52    0.50    0.50    0.54    0.59
    0.53    0.45    0.40    0.41    0.46
    0.41    0.36    0.31    0.28    0.27
    0.31    0.34    0.32    0.28    0.22
    0.32    0.32    0.30    0.28    0.28
2020 2029
    0.91    0.86    0.84    0.85    0.88
    0.74    0.73    0.72    0.73    0.74
    0.61    0.65    0.68    0.70    0.71
    0.51    0.58    0.64    0.69    0.73
    0.45    0.47    0.54    0.57    0.62
    0.52    0.46    0.46    0.46    0.48
    0.57    0.50    0.43    0.42    0.42
    0.48    0.44    0.41    0.42    0.43
2030 2039
    0.83    0.79    0.77    0.75    0.73
    0.83    0.80    0.81    0.83    0.82
    0.92    0.90    0.93    0.96    0.97
    0.89    0.88    0.88    0.91    0.95
    0.72    0.69    0.65    0.63    0.70
    0.63    0.63    0.59    0.55    0.57
    0.68    0.71    0.68    0.66    0.62
    0.70    0.69    0.66    0.67    0.65
2040 2049
    1.14    1.21    1.28    1.31    1.29
    1.03    1.08    1.13    1.15    1.13
    0.98    1.02    1.06    1.07    1.07
    0.99    1.02    1.04    1.05    1.07
    0.97    0.99    0.99    0.98    1.01
    0.88    0.89    0.86    0.84    0.86
    0.78    0.78    0.74    0.73    0.73
    0.74    0.74    0.75    0.75    0.74
2050 2059
    1.95    1.93    1.93    1.90    1.88
    2.08    2.10    2.14    2.11    2.06
    2.17    2.22    2.28    2.30    2.28
    2.11    2.15    2.18    2.25    2.32
    1.74    1.69    1.73    1.80    1.90
    1.32    1.26    1.29    1.33    1.36
    1.16    1.17    1.19    1.19    1.14
    1.24    1.27    1.30    1.30    1.26
2060 2069
    1.24    1.17    1.15    1.14    1.12
    1.18    1.15    1.15    1.12    1.07
    1.24    1.26    1.28    1.24    1.19
    1.42    1.45    1.46    1.44    1.41
    1.53    1.55    1.54    1.51    1.47
    1.44    1.45    1.40    1.34    1.27
    1.25    1.25    1.22    1.17    1.08
    1.14    1.15    1.19    1.20    1.16
2070 2079
    1.92    1.82    1.76    1.74    1.74
    1.84    1.79    1.79    1.81    1.83
    1.83    1.82    1.86    1.93    1.99
    1.82    1.85    1.90    2.00    2.09
    1.83    1.89    1.85    1.89    1.98
    1.73    1.79    1.71    1.67    1.65
    1.62    1.63    1.58    1.52    1.44
    1.59    1.59    1.54    1.52    1.50
2080 2089
    2.12    1.98    1.88    1.80    1.73
    1.96    1.86    1.78    1.69    1.62
    1.90    1.85    1.82    1.76    1.70
    1.96    1.96    1.98    1.97    1.96
    1.99    2.03    2.03    2.04    2.07
    1.88    1.90    1.84    1.82    1.86
    1.69    1.68    1.62    1.57    1.59
    1.58    1.59    1.58    1.57    1.57
2090 2099
    1.80    1.68    1.60    1.55    1.52
    1.78    1.70    1.66    1.62    1.60
    1.85    1.83    1.85    1.86    1.86
    2.00    2.04    2.10    2.16    2.21
    2.05    2.12    2.18    2.16    2.17
    1.96    1.98    1.96    1.86    1.79
    1.77    1.75    1.67    1.58    1.48
    1.59    1.59    1.56    1.52    1.50
