Mean temperature - Model Simulations
NaN indicates insufficient data is available
Refer to Accompanying Documentation
GRIDBOX LONGITUDES
           5
   13.75   16.25   18.75   21.25   23.75
GRIDBOX LATITUDES
           8
   23.75   21.25   18.75   16.25   13.75   11.25    8.75    6.25
MODEL CLIMATOLOGY 1970-1999
  300.72  300.63  300.40  301.20  301.91
  302.99  302.11  301.29  302.13  303.12
  302.74  302.47  302.45  302.59  302.89
  300.15  299.93  299.60  299.03  299.84
  297.68  297.72  297.37  296.32  296.41
  297.22  297.40  297.05  296.40  296.18
  296.01  296.48  296.60  296.26  296.17
  294.73  295.28  295.99  295.90  296.01
Mean Anomalies over 10-year time slices
2000 2009
    1.34    1.33    1.34    1.47    1.47
    1.10    1.14    1.31    1.36    1.24
   -0.02   -0.09   -0.07   -0.10    0.09
   -0.14   -0.03   -0.14   -0.31   -0.30
    0.45    0.40    0.39    0.34    0.11
    0.55    0.56    0.57    0.53    0.50
    0.55    0.53    0.55    0.49    0.45
    0.55    0.51    0.55    0.58    0.58
2010 2019
    1.02    0.98    1.08    1.45    1.57
    0.99    1.13    1.36    1.46    1.38
   -0.24   -0.26   -0.11   -0.01    0.41
   -0.14   -0.07   -0.07   -0.16   -0.05
    0.73    0.75    0.77    0.72    0.59
    0.78    0.77    0.75    0.68    0.68
    0.73    0.71    0.72    0.76    0.83
    0.79    0.72    0.73    0.81    0.80
2020 2029
    1.62    1.67    1.59    1.60    1.76
    1.26    1.34    1.51    1.54    1.44
   -0.02   -0.15   -0.01    0.09    0.47
   -0.19   -0.07    0.04    0.06    0.39
    0.82    0.79    0.83    0.76    0.55
    0.98    0.94    0.96    0.98    0.97
    0.92    0.88    0.93    0.95    1.11
    0.91    0.89    0.95    1.03    1.20
2030 2039
    1.40    1.50    1.48    1.60    1.83
    1.39    1.43    1.56    1.66    1.67
    0.44    0.37    0.40    0.46    0.79
    0.12    0.29    0.27    0.19    0.49
    0.95    0.91    0.94    0.88    0.69
    1.03    1.01    0.99    0.96    0.93
    0.96    0.96    0.94    0.97    1.20
    0.97    0.96    0.95    1.06    1.23
2040 2049
    2.43    2.42    2.33    2.60    2.96
    1.63    1.84    2.16    2.29    2.23
   -0.39   -0.46   -0.37   -0.40   -0.11
   -0.17   -0.03   -0.05   -0.20   -0.32
    1.20    1.10    1.06    1.01    0.83
    1.27    1.20    1.16    1.08    1.10
    1.20    1.15    1.12    1.13    1.21
    1.15    1.13    1.18    1.26    1.37
2050 2059
    2.62    2.48    2.31    2.44    2.72
    2.11    2.21    2.38    2.46    2.33
    0.21    0.02    0.11    0.07    0.33
   -0.11    0.01   -0.08   -0.18   -0.06
    0.99    0.98    1.00    0.94    0.78
    1.20    1.16    1.11    1.10    1.24
    1.13    1.11    1.12    1.16    1.39
    1.08    1.08    1.13    1.21    1.35
2060 2069
    2.65    2.62    2.62    2.98    3.30
    2.56    2.68    2.88    3.01    2.90
    0.73    0.57    0.70    0.68    0.83
    0.08    0.10    0.05   -0.13   -0.03
    1.16    1.16    1.23    1.07    0.76
    1.41    1.38    1.39    1.31    1.29
    1.44    1.40    1.42    1.40    1.37
    1.43    1.38    1.38    1.44    1.33
2070 2079
    2.55    2.55    2.57    2.81    2.92
    2.41    2.48    2.61    2.64    2.52
    0.85    0.72    0.88    0.91    1.18
    0.43    0.42    0.44    0.41    0.56
    1.35    1.23    1.25    1.22    1.02
    1.51    1.46    1.46    1.43    1.45
    1.48    1.45    1.46    1.50    1.61
    1.46    1.45    1.45    1.55    1.84
2080 2089
    2.04    2.16    2.32    2.65    2.74
    2.03    2.06    2.22    2.39    2.39
    0.97    0.95    0.99    1.08    1.41
    0.65    0.76    0.67    0.55    0.73
    1.40    1.42    1.43    1.27    1.03
    1.47    1.43    1.43    1.40    1.41
    1.52    1.48    1.46    1.45    1.50
    1.48    1.45    1.45    1.51    1.48
2090 2099
    2.74    2.73    2.76    2.94    3.10
    2.18    2.34    2.63    2.77    2.73
    0.41    0.36    0.58    0.73    1.18
    0.19    0.31    0.33    0.15    0.26
    1.46    1.42    1.44    1.35    0.99
    1.58    1.54    1.53    1.53    1.51
    1.57    1.49    1.47    1.49    1.59
    1.49    1.48    1.48    1.48    1.45
