Mean temperature - Model Simulations
NaN indicates insufficient data is available
Refer to Accompanying Documentation
GRIDBOX LONGITUDES
           5
   13.75   16.25   18.75   21.25   23.75
GRIDBOX LATITUDES
           8
   23.75   21.25   18.75   16.25   13.75   11.25    8.75    6.25
MODEL CLIMATOLOGY 1970-1999
  298.56  298.60  298.26  297.55  297.31
  299.85  300.01  299.53  298.45  298.13
  301.96  302.13  301.39  300.04  299.55
  303.89  304.01  303.08  301.62  300.98
  303.93  304.00  303.28  302.02  301.46
  302.00  302.12  301.66  300.75  300.47
  299.37  299.58  299.42  298.85  298.82
  297.31  297.65  297.84  297.36  297.27
Mean Anomalies over 10-year time slices
2000 2009
    0.80    0.82    0.80    0.77    0.68
    0.70    0.79    0.80    0.79    0.69
    0.58    0.69    0.71    0.67    0.57
    0.44    0.54    0.57    0.50    0.43
    0.26    0.36    0.43    0.44    0.45
    0.17    0.27    0.39    0.49    0.59
    0.17    0.26    0.41    0.59    0.74
    0.29    0.34    0.46    0.67    0.83
2010 2019
    0.50    0.56    0.59    0.59    0.53
    0.44    0.54    0.62    0.63    0.59
    0.37    0.48    0.61    0.63    0.59
    0.33    0.44    0.59    0.61    0.57
    0.39    0.51    0.63    0.65    0.61
    0.45    0.56    0.67    0.69    0.66
    0.53    0.60    0.68    0.70    0.67
    0.66    0.64    0.62    0.64    0.63
2020 2029
    0.33    0.31    0.37    0.41    0.35
    0.39    0.36    0.38    0.40    0.36
    0.43    0.37    0.35    0.37    0.38
    0.49    0.41    0.35    0.37    0.41
    0.64    0.56    0.47    0.46    0.50
    0.78    0.72    0.65    0.61    0.60
    0.87    0.82    0.77    0.73    0.66
    0.82    0.76    0.69    0.68    0.64
2030 2039
    1.53    1.44    1.31    1.18    1.07
    1.64    1.53    1.37    1.24    1.17
    1.55    1.42    1.24    1.13    1.13
    1.30    1.17    1.00    0.96    1.03
    0.87    0.82    0.76    0.84    1.00
    0.54    0.53    0.53    0.67    0.87
    0.39    0.39    0.40    0.59    0.79
    0.58    0.59    0.59    0.80    1.00
2040 2049
    1.42    1.55    1.63    1.60    1.50
    1.71    1.83    1.88    1.80    1.66
    1.93    1.99    1.98    1.84    1.69
    2.02    2.02    1.94    1.78    1.65
    1.83    1.80    1.71    1.64    1.59
    1.62    1.57    1.49    1.52    1.54
    1.39    1.34    1.28    1.39    1.47
    1.15    1.11    1.11    1.25    1.33
2050 2059
    1.34    1.56    1.79    1.94    2.02
    1.71    2.01    2.26    2.38    2.41
    1.98    2.31    2.49    2.51    2.45
    2.07    2.38    2.48    2.39    2.27
    1.75    2.03    2.08    2.02    1.96
    1.52    1.66    1.66    1.69    1.72
    1.38    1.37    1.32    1.45    1.54
    1.33    1.28    1.21    1.35    1.45
2060 2069
    2.13    2.14    2.15    2.10    2.01
    2.40    2.45    2.46    2.37    2.27
    2.56    2.60    2.57    2.45    2.36
    2.56    2.57    2.49    2.40    2.33
    2.24    2.26    2.21    2.22    2.22
    1.80    1.82    1.84    1.95    2.00
    1.42    1.44    1.53    1.70    1.76
    1.37    1.37    1.44    1.60    1.64
2070 2079
    2.55    2.55    2.54    2.49    2.38
    2.42    2.53    2.58    2.59    2.56
    2.40    2.57    2.65    2.66    2.65
    2.45    2.62    2.70    2.68    2.65
    2.43    2.59    2.62    2.57    2.55
    2.35    2.47    2.53    2.52    2.50
    2.22    2.30    2.38    2.44    2.43
    2.06    2.08    2.10    2.18    2.22
2080 2089
    2.82    2.76    2.68    2.56    2.47
    2.81    2.82    2.83    2.80    2.78
    2.80    2.87    2.94    2.96    2.97
    2.78    2.90    2.99    3.02    3.04
    2.68    2.81    2.92    2.95    2.96
    2.52    2.60    2.66    2.68    2.69
    2.33    2.34    2.34    2.37    2.39
    2.15    2.11    2.09    2.20    2.27
2090 2099
    2.26    2.13    2.05    1.89    1.68
    2.35    2.31    2.25    2.05    1.83
    2.42    2.43    2.38    2.18    2.01
    2.44    2.47    2.41    2.27    2.17
    2.33    2.37    2.32    2.26    2.25
    2.19    2.22    2.21    2.26    2.35
    2.10    2.10    2.12    2.26    2.42
    2.16    2.13    2.10    2.24    2.38
