Mean temperature - Model Simulations
NaN indicates insufficient data is available
Refer to Accompanying Documentation
GRIDBOX LONGITUDES
           5
   13.75   16.25   18.75   21.25   23.75
GRIDBOX LATITUDES
           8
   23.75   21.25   18.75   16.25   13.75   11.25    8.75    6.25
MODEL CLIMATOLOGY 1970-1999
  293.12  293.13  292.88  293.45  294.02
  296.02  295.16  294.10  294.73  295.49
  297.92  297.85  297.51  297.37  296.89
  298.53  298.84  298.79  298.03  297.06
  297.84  298.62  298.85  297.97  297.19
  298.40  299.32  299.40  298.63  297.97
  297.96  298.86  299.04  298.53  298.24
  296.69  297.35  297.94  297.77  297.87
Mean Anomalies over 10-year time slices
2000 2009
    0.88    0.85    0.81    0.88    0.87
    0.85    0.82    0.89    0.95    0.89
    0.50    0.45    0.47    0.46    0.52
    0.39    0.43    0.41    0.34    0.36
    0.54    0.57    0.58    0.49    0.46
    0.69    0.68    0.56    0.47    0.51
    0.66    0.62    0.46    0.40    0.43
    0.58    0.56    0.56    0.56    0.63
2010 2019
    1.37    1.27    1.26    1.46    1.43
    1.32    1.33    1.41    1.44    1.32
    0.82    0.76    0.80    0.80    0.92
    0.64    0.60    0.53    0.43    0.56
    0.76    0.77    0.73    0.59    0.55
    0.90    0.89    0.82    0.75    0.69
    0.95    0.93    0.82    0.79    0.80
    0.81    0.79    0.76    0.82    0.76
2020 2029
    1.10    1.13    1.07    1.11    1.25
    1.02    1.04    1.13    1.18    1.07
    0.68    0.60    0.66    0.68    0.79
    0.57    0.54    0.56    0.59    0.70
    0.76    0.79    0.82    0.76    0.66
    0.93    0.94    0.93    0.88    0.83
    0.95    0.92    0.89    0.91    0.91
    0.91    0.89    0.99    1.06    1.09
2030 2039
    1.20    1.25    1.19    1.28    1.47
    1.29    1.29    1.35    1.47    1.47
    1.03    0.97    0.99    1.04    1.15
    0.87    0.82    0.76    0.78    0.97
    1.02    1.01    0.93    0.90    0.90
    1.06    1.05    0.91    0.90    0.92
    0.99    0.95    0.79    0.83    0.95
    0.88    0.84    0.78    0.89    1.00
2040 2049
    1.85    1.78    1.62    1.82    2.06
    1.70    1.69    1.79    1.92    1.85
    1.06    0.97    0.99    1.00    1.08
    0.92    0.85    0.79    0.77    0.83
    1.11    1.11    1.06    1.01    0.99
    1.24    1.23    1.20    1.14    1.07
    1.29    1.26    1.24    1.24    1.19
    1.17    1.11    1.18    1.24    1.24
2050 2059
    1.71    1.59    1.47    1.63    1.84
    1.58    1.57    1.68    1.81    1.75
    0.99    0.91    0.98    1.01    1.15
    0.70    0.69    0.63    0.65    0.87
    1.03    1.08    1.09    1.00    0.91
    1.35    1.32    1.23    1.19    1.16
    1.28    1.23    1.07    1.07    1.18
    1.06    1.05    0.96    0.99    1.09
2060 2069
    2.01    1.92    1.82    2.03    2.23
    2.06    2.03    2.08    2.22    2.17
    1.52    1.44    1.50    1.52    1.59
    1.18    1.15    1.14    1.13    1.26
    1.29    1.29    1.30    1.22    1.21
    1.47    1.41    1.28    1.20    1.18
    1.42    1.33    1.25    1.22    1.15
    1.29    1.20    1.20    1.18    1.08
2070 2079
    2.08    2.03    2.00    2.19    2.27
    2.09    2.08    2.14    2.22    2.16
    1.64    1.54    1.58    1.58    1.67
    1.42    1.33    1.28    1.32    1.43
    1.53    1.45    1.42    1.45    1.43
    1.59    1.53    1.49    1.48    1.49
    1.63    1.51    1.34    1.34    1.47
    1.48    1.35    1.27    1.37    1.53
2080 2089
    2.31    2.40    2.47    2.73    2.77
    2.34    2.35    2.43    2.58    2.55
    1.94    1.92    1.96    2.00    2.09
    1.72    1.72    1.64    1.58    1.67
    1.86    1.90    1.88    1.76    1.64
    1.95    1.92    1.82    1.77    1.78
    1.79    1.69    1.48    1.47    1.69
    1.51    1.48    1.39    1.46    1.51
2090 2099
    2.25    2.20    2.14    2.26    2.35
    2.07    2.06    2.14    2.27    2.24
    1.51    1.43    1.51    1.56    1.69
    1.34    1.32    1.31    1.26    1.32
    1.60    1.60    1.59    1.52    1.44
    1.70    1.68    1.71    1.65    1.57
    1.72    1.60    1.58    1.63    1.62
    1.60    1.49    1.50    1.56    1.47
