Mean monthly rainfall - Model Simulations
NaN indicates insufficient data is available
Refer to Accompanying Documentation
GRIDBOX LONGITUDES
           5
   13.75   16.25   18.75   21.25   23.75
GRIDBOX LATITUDES
           8
   23.75   21.25   18.75   16.25   13.75   11.25    8.75    6.25
MODEL CLIMATOLOGY 1970-1999 (mm)
    2.63    3.42    3.15    1.60    1.24
    5.94    7.21    5.46    2.22    1.73
    9.97    9.45    9.86    4.99    3.32
   21.16   21.63   21.14   20.01   18.05
   50.89   56.37   42.59   58.00   71.29
   88.60   82.03   83.24   89.53   78.18
  133.28  111.58  125.84  130.12  110.29
  174.57  150.95  155.18  146.79  168.42
Mean Anomalies over 10-year time slices (mm)
2000 2009
    0.72    0.45    0.17   -0.05   -0.22
    1.49    0.78    0.70   -0.08   -0.02
   -0.57   -1.90   -1.54   -0.43    0.02
   -1.99   -2.58   -2.73   -1.87   -1.25
   -3.86   -5.14   -2.66   -3.43   -4.52
    1.34    0.17    0.41   -1.58   -2.55
    6.38    2.69    0.71    1.62    2.45
    6.93    2.26    0.23    1.36    0.15
2010 2019
    0.90    0.55    0.60    0.46    0.44
    1.08   -0.09   -0.04    0.53    0.49
   -0.86   -0.24    0.91    1.07    1.07
   -1.26   -0.49    1.10    2.57    3.09
   -1.76    1.11    2.25    3.40    3.02
    0.54   -1.73    0.46    0.50    0.09
    6.25    2.21    3.75    3.87    5.10
    8.82    7.08    3.67    3.22    5.15
2020 2029
    0.29   -0.04   -0.43    0.21    0.67
   -0.26   -0.10    0.95    1.07    2.32
   -0.54    2.02    2.41    1.55    2.26
   -1.30    0.81    1.56    0.47    1.99
   -3.91   -3.30   -2.54   -2.57   -0.02
   -5.04   -5.41   -2.72   -3.84   -3.17
   -6.52  -10.69   -7.29   -6.86   -3.30
   -1.99   -6.10   -5.72   -3.99    0.56
2030 2039
    0.60    0.31    0.68    0.41    0.17
    0.05   -0.05    0.84    0.71    0.37
   -1.79   -0.55    2.33    1.83    0.67
   -4.32   -3.33   -0.38   -0.04    0.37
   -9.81   -6.32   -2.25   -0.45    1.80
   -7.13   -7.76   -2.54   -0.11   -0.67
   -4.81   -5.28   -0.35    0.97    2.69
   -0.11    0.48    0.65    3.91    9.69
2040 2049
    1.61    0.84    0.30    0.11    0.13
    1.78    1.26   -0.08   -0.34    0.36
    0.77    1.28    0.87    0.44    0.60
    0.18    0.94    1.18   -0.37   -0.58
   -1.54   -1.77   -1.40   -3.44   -1.11
   -0.89   -2.86   -1.31   -4.96   -2.97
    5.51   -1.78    0.22    1.96    5.28
   12.14    4.35    2.60    5.61    9.98
2050 2059
    1.86    1.71    1.51    0.96    0.94
    2.35    1.40    1.61    0.95    1.04
    0.55    0.96    2.73    1.75    0.82
    2.38    2.56    1.09    0.43    1.05
    4.11    3.64    0.95    0.11    2.30
    2.86   -0.33    0.71   -1.34    1.18
    1.27   -1.60   -2.41   -1.59    2.35
    5.76    1.17   -3.80   -2.93   -0.67
2060 2069
    1.23    1.28    1.45    1.80    2.11
    2.44    3.20    3.66    2.73    2.76
    2.61    4.78    6.38    3.57    2.30
    2.72    4.04    4.75    2.47    2.14
    2.83    0.65    0.34   -2.83   -0.76
    2.56    0.99    0.02   -1.62    0.43
    1.37   -3.47   -4.32   -3.22    0.53
    3.86   -4.53   -2.92    1.48    3.52
2070 2079
    1.24    0.84    0.75    0.30    0.22
    2.27    1.95    1.34    0.10    0.52
   -0.12    0.74    2.01    0.32    0.29
   -3.26   -1.27    0.61   -0.27    0.90
   -8.45   -5.16   -2.50   -3.65   -0.02
   -5.20   -4.42   -0.54   -2.65   -0.18
    3.41   -3.39   -0.88    0.85    3.65
   13.92    6.95    3.08    3.71    6.61
2080 2089
    0.53    0.37    0.23    0.25    0.12
    1.77    1.15    1.30    0.26    0.08
   -0.44    0.76    2.46    0.53    0.40
   -2.55   -1.25   -0.09   -2.15   -1.28
   -5.18   -2.61   -0.50   -1.35   -0.95
   -2.90   -2.88    2.62    0.22    0.79
    1.97   -3.43   -0.07   -0.05    1.62
    9.12    3.67    0.83    1.87    5.27
2090 2099
    1.50    1.95    1.95    0.85    0.50
    1.29    0.89    1.52    0.68    0.43
    0.46    2.64    3.90    1.75    0.69
    2.60    3.47    4.00   -0.21    0.23
   -2.90   -2.87    0.57   -3.01   -0.80
   -4.09   -3.19   -1.38   -4.51   -3.31
   -2.96   -7.03   -9.38   -8.06   -3.07
   -2.65   -4.36   -6.55   -6.17   -7.00
