Mean monthly rainfall - Model Simulations
NaN indicates insufficient data is available
Refer to Accompanying Documentation
GRIDBOX LONGITUDES
           5
   13.75   16.25   18.75   21.25   23.75
GRIDBOX LATITUDES
           8
   23.75   21.25   18.75   16.25   13.75   11.25    8.75    6.25
MODEL CLIMATOLOGY 1970-1999 (mm)
    0.64    0.43    0.34    0.35    0.36
    0.54    0.32    0.25    0.25    0.28
    0.72    0.58    0.61    0.61    0.62
    2.67    2.95    3.26    3.05    2.79
    9.94   11.49   12.45   11.36   10.13
   25.21   27.13   28.50   27.58   25.76
   46.42   47.90   49.75   49.40   48.21
   74.40   74.28   76.96   76.57   78.61
Mean Anomalies over 10-year time slices (mm)
2000 2009
   -0.19   -0.05    0.12    0.20    0.22
   -0.03    0.02    0.02    0.04   -0.00
    0.21    0.19   -0.02   -0.12   -0.28
    1.00    1.18    0.86    0.51   -0.05
    3.35    4.45    4.29    3.43    1.70
    3.85    3.91    2.51    1.93    1.05
    4.02    2.20   -0.74   -0.15    0.64
    5.86    2.61   -0.63    2.38    4.26
2010 2019
    1.09    0.89    0.80    0.64    0.39
    0.84    0.57    0.33    0.22    0.05
    0.48    0.15   -0.01    0.01   -0.04
    1.02    0.69    0.65    0.49    0.14
    4.34    4.15    4.05    2.74    0.81
    5.87    5.68    5.76    4.84    2.81
    6.25    6.00    6.36    6.06    4.36
    5.95    5.82    6.47    5.30    2.96
2020 2029
   -0.30    0.00    0.20    0.23    0.15
   -0.16    0.14    0.31    0.39    0.30
   -0.17    0.15    0.19    0.35    0.27
   -0.26   -0.03   -0.06    0.24    0.33
   -0.36   -0.46   -0.20    0.38    1.00
    0.31    0.96    2.13    3.48    3.91
    1.80    3.64    5.70    6.73    6.09
    4.40    7.02    9.23    6.44    3.36
2030 2039
   -0.10    0.01    0.08    0.23    0.28
   -0.12   -0.01    0.08    0.11    0.05
   -0.34   -0.18   -0.03   -0.22   -0.39
   -0.60   -0.82   -1.07   -1.42   -1.47
   -0.75   -2.70   -4.78   -4.96   -4.32
   -3.66   -5.30   -6.96   -7.21   -7.36
   -7.02   -7.81   -8.13   -8.24   -9.13
   -7.77   -9.04   -8.74   -7.72   -7.18
2040 2049
    0.24    0.46    0.53    0.45    0.29
    0.26    0.26    0.23    0.17    0.05
   -0.11   -0.19   -0.26   -0.22   -0.20
    0.01    0.39    0.58    0.99    1.04
    2.24    4.43    5.74    7.07    6.67
    4.10    5.72    6.92    7.84    6.88
    5.30    4.74    5.43    5.93    4.89
    5.34    1.60    2.51    4.46    4.74
2050 2059
   -0.21   -0.02    0.21    0.29    0.22
   -0.34   -0.14   -0.00    0.07    0.01
   -0.47   -0.44   -0.46   -0.28   -0.14
    0.27    0.52    0.34    0.73    0.86
    3.67    5.52    5.29    5.90    5.17
    6.92    7.51    6.19    5.51    4.53
    7.74    5.88    3.87    2.79    2.50
    2.31   -1.04   -0.96    2.00    4.04
2060 2069
   -0.57   -0.34   -0.20   -0.18   -0.21
   -0.51   -0.28   -0.21   -0.20   -0.23
   -0.68   -0.56   -0.61   -0.61   -0.61
   -1.36   -1.27   -1.46   -1.47   -1.31
   -3.14   -2.70   -2.98   -2.94   -2.31
   -2.90   -1.61   -0.77   -0.01    0.29
   -1.40   -0.53    0.80    2.33    1.94
    0.77   -2.82   -4.23   -2.75   -3.76
2070 2079
   -0.16    0.11    0.36    0.41    0.35
   -0.07    0.26    0.64    0.73    0.65
   -0.12    0.22    0.55    1.07    1.17
    1.27    1.77    2.05    2.68    2.69
    7.20    8.40    8.93    8.16    6.99
    9.54   11.17   12.71   13.52   12.93
    9.99   11.54   14.15   16.24   16.10
   10.48   11.17   14.01   12.51   10.05
2080 2089
   -0.29   -0.07    0.18    0.13   -0.02
   -0.39   -0.21   -0.08   -0.09   -0.16
   -0.62   -0.53   -0.55   -0.50   -0.48
    0.46    0.95    0.99    0.74    0.29
    5.65    8.08    8.75    7.06    4.51
    6.01    7.65    7.48    5.51    2.89
    5.06    4.77    3.89    2.25   -0.11
    7.56    6.09    6.98    5.71    1.65
2090 2099
   -0.36   -0.19   -0.10   -0.09   -0.14
   -0.45   -0.26   -0.18   -0.15   -0.18
   -0.63   -0.50   -0.43   -0.52   -0.57
   -0.51   -0.46   -0.50   -0.88   -1.20
    0.60    0.71    0.26   -0.69   -1.87
    0.96    0.47   -0.13    0.22   -0.15
    1.53   -0.28   -1.25    1.17    2.69
    4.05   -0.16   -2.40    1.63    5.50
