Mean monthly rainfall - Model Simulations
NaN indicates insufficient data is available
Refer to Accompanying Documentation
GRIDBOX LONGITUDES
           5
   13.75   16.25   18.75   21.25   23.75
GRIDBOX LATITUDES
           8
   23.75   21.25   18.75   16.25   13.75   11.25    8.75    6.25
MODEL CLIMATOLOGY 1970-1999 (mm)
   19.19   15.72   11.37    7.41    5.19
   25.72   23.80   21.33   11.80    6.87
   37.44   37.89   38.05   26.89   18.33
   69.47   66.25   60.50   53.71   45.29
  114.88  113.42  115.31  105.64   91.42
  152.46  158.71  168.73  150.48  133.12
  203.60  196.30  176.06  184.62  180.83
  228.20  217.92  199.79  206.36  205.76
Mean Anomalies over 10-year time slices (mm)
2000 2009
   -1.40    0.03    1.70    2.55    2.28
   -0.60    0.57    1.98    1.79    1.31
    2.04    2.80    4.14    3.30    2.37
    1.37    2.39    4.29    3.78    2.84
    0.09   -0.74    0.20   -0.67   -0.72
    1.33   -1.34   -2.63   -4.59   -4.08
   -0.69   -3.78   -5.97   -7.34   -7.18
   -4.48   -8.42   -9.88   -8.90   -7.77
2010 2019
    1.21    1.34    0.42    0.29    0.32
    3.88    3.12    1.49    1.09    0.85
    4.22    3.98    3.40    1.26    0.05
    5.32    5.42    3.96    2.28    1.31
    3.90    2.73    2.44    4.45    4.69
   -1.41   -1.06    3.08    5.17    5.12
   -4.44   -2.79   -0.40    0.09   -0.15
   -5.61   -4.76   -4.29   -3.36   -2.16
2020 2029
   -4.52   -2.74   -2.11   -1.31   -0.64
   -4.44   -2.24   -0.89   -0.65   -0.66
   -4.92   -2.71   -1.20   -2.62   -2.83
   -7.34   -4.03   -0.97   -2.12   -2.82
   -7.24   -4.87   -1.94   -0.44    0.45
   -4.08   -1.63    0.77    1.68    2.35
   -9.05   -3.97    2.13    2.52    1.48
  -15.09  -10.12   -1.82    0.75    0.90
2030 2039
   -2.78   -1.79   -0.80    0.82    1.62
   -3.41   -2.45   -1.19    0.03    0.43
   -4.23   -2.63   -1.74   -2.48   -2.94
   -0.50    0.89   -2.29   -5.44   -6.29
    0.44    1.24   -0.49   -3.42   -3.82
   -4.29   -3.54    0.42   -1.45   -1.80
   -9.68   -9.47   -5.08   -5.92   -5.57
  -15.49  -15.99  -10.99   -8.26   -6.78
2040 2049
   -6.66   -4.75   -2.33   -0.68   -0.31
   -8.04   -7.47   -6.14   -3.02   -1.94
  -10.69  -11.53  -11.26   -8.74   -7.15
  -16.25  -16.05  -14.19  -12.75  -12.19
  -18.63  -17.79  -13.70  -12.33  -12.27
  -12.14  -13.48  -11.87  -10.77   -9.54
  -17.74  -18.60  -14.49  -15.15  -13.91
  -27.62  -28.52  -21.81  -18.94  -16.46
2050 2059
    0.55   -0.08   -1.26   -0.82   -0.38
    3.80    2.20    0.22   -0.84   -1.32
    3.91    4.36    6.13    3.85    1.44
   -0.97    1.67    5.97    5.93    4.18
   -5.75   -4.76   -1.11    1.06    2.55
   -5.67   -4.39   -1.08    2.00    4.21
  -12.41   -8.63   -0.65   -0.39   -0.14
  -22.09  -19.37   -8.85   -7.46   -7.68
2060 2069
   -7.06   -5.43   -3.01   -0.65    1.04
   -9.56   -8.20   -6.31   -2.36    0.24
  -10.00   -8.95   -7.85   -3.90   -1.61
  -16.91  -14.42   -9.87   -7.31   -5.72
  -24.80  -22.17  -14.94   -8.66   -6.52
  -17.70  -17.90  -12.58   -6.37   -5.44
  -22.72  -20.95  -10.28  -11.08  -11.92
  -36.07  -34.40  -23.04  -20.25  -18.54
2070 2079
   -8.55   -7.22   -6.03   -4.21   -3.03
  -10.88  -10.48  -10.58   -6.13   -3.75
  -12.04  -14.11  -17.27  -11.88   -7.81
  -14.46  -16.00  -18.78  -16.37  -13.23
  -17.61  -17.30  -14.75  -11.84   -9.00
  -13.51  -15.06  -11.30   -6.32   -2.89
   -7.97   -8.83   -4.10   -1.37    0.34
   -9.01   -8.66   -0.43    4.44    6.16
2080 2089
    2.44    2.16    1.14    0.83    0.67
    4.31    3.40    1.88    0.71   -0.30
    4.87    4.03    3.89    2.12    0.17
    3.09    4.73    6.82    7.80    5.09
    6.49    9.16   12.25   14.03   11.38
   12.46   15.69   18.97   18.60   15.23
    5.97   10.15   15.29   15.65   13.39
   -7.70   -4.26    5.32    7.05    6.71
2090 2099
   -0.54   -0.85   -0.52   -0.15    0.20
   -1.68   -2.35   -2.75   -1.49   -0.78
   -2.71   -4.42   -5.88   -4.08   -2.86
   -6.93   -8.69   -9.04   -5.31   -3.03
   -8.92   -8.73   -5.36   -1.25    1.28
    0.94    1.17    5.34    7.06    6.96
    4.55    6.03   12.47   13.81   12.14
   -0.21    4.03   16.01   17.94   15.94
