Mean temperature - Model Simulations
NaN indicates insufficient data is available
Refer to Accompanying Documentation
GRIDBOX LONGITUDES
           5
   13.75   16.25   18.75   21.25   23.75
GRIDBOX LATITUDES
           8
   23.75   21.25   18.75   16.25   13.75   11.25    8.75    6.25
MODEL CLIMATOLOGY 1970-1999
  287.78  287.28  286.80  287.27  287.39
  290.22  288.27  287.41  288.03  288.47
  291.81  291.49  291.48  290.98  290.08
  293.23  293.97  294.34  292.59  290.67
  294.05  294.52  294.34  292.61  291.07
  293.76  294.21  293.87  292.75  291.97
  292.53  293.41  293.80  293.21  292.78
  292.25  293.06  293.86  293.79  293.58
Mean Anomalies over 10-year time slices
2000 2009
    0.21    0.10    0.08    0.13    0.22
    0.30    0.24    0.24    0.31    0.40
    0.57    0.48    0.42    0.40    0.43
    0.71    0.58    0.50    0.42    0.37
    0.63    0.57    0.52    0.47    0.40
    0.62    0.61    0.57    0.54    0.47
    0.70    0.66    0.59    0.53    0.46
    0.72    0.67    0.58    0.47    0.38
2010 2019
    1.21    1.08    1.03    1.05    1.11
    1.24    1.19    1.13    1.11    1.14
    1.28    1.25    1.14    1.07    1.10
    1.27    1.24    1.13    1.03    1.05
    1.21    1.17    1.15    1.14    1.14
    1.18    1.16    1.20    1.26    1.27
    1.20    1.21    1.21    1.23    1.26
    1.19    1.16    1.10    1.06    1.08
2020 2029
    1.05    1.02    0.95    0.91    0.90
    1.12    1.07    0.96    0.92    0.93
    1.10    1.03    0.91    0.86    0.84
    1.12    1.06    0.97    0.93    0.90
    1.10    1.11    1.04    1.02    1.03
    1.10    1.12    1.05    1.01    1.04
    1.12    1.10    1.01    0.96    0.98
    1.09    1.04    0.96    0.93    0.94
2030 2039
    1.01    0.99    0.97    0.96    0.97
    0.86    0.91    0.88    0.87    0.89
    0.78    0.86    0.86    0.85    0.86
    0.86    0.90    0.95    0.95    0.92
    0.99    1.04    1.06    1.06    1.02
    1.09    1.11    1.08    1.08    1.07
    1.09    1.05    0.99    0.99    1.03
    1.01    0.96    0.90    0.87    0.90
2040 2049
    0.84    0.82    0.84    0.91    0.98
    1.09    1.22    1.22    1.18    1.18
    1.30    1.36    1.26    1.21    1.28
    1.36    1.33    1.23    1.23    1.33
    1.30    1.35    1.32    1.32    1.35
    1.28    1.38    1.39    1.36    1.33
    1.27    1.32    1.34    1.30    1.26
    1.21    1.22    1.23    1.19    1.14
2050 2059
    0.95    0.99    1.05    1.11    1.22
    1.32    1.46    1.46    1.46    1.61
    1.68    1.76    1.70    1.70    1.89
    1.67    1.72    1.74    1.81    2.00
    1.58    1.66    1.78    1.90    2.00
    1.60    1.71    1.84    1.94    1.96
    1.67    1.76    1.82    1.86    1.83
    1.64    1.70    1.69    1.64    1.60
2060 2069
    1.39    1.35    1.37    1.49    1.66
    1.44    1.48    1.52    1.58    1.71
    1.59    1.60    1.59    1.60    1.66
    1.68    1.67    1.68    1.70    1.72
    1.64    1.72    1.78    1.84    1.90
    1.65    1.76    1.82    1.89    1.97
    1.72    1.76    1.80    1.84    1.89
    1.71    1.70    1.71    1.73    1.76
2070 2079
    1.79    1.82    1.95    2.13    2.28
    1.95    2.06    2.12    2.19    2.31
    2.24    2.21    2.08    2.05    2.16
    2.29    2.21    2.05    1.98    2.05
    2.22    2.15    1.99    1.93    1.97
    2.08    2.03    1.92    1.90    1.95
    1.89    1.87    1.83    1.85    1.93
    1.75    1.73    1.70    1.69    1.75
2080 2089
    1.80    1.83    1.89    1.97    2.04
    2.07    2.12    2.11    2.10    2.11
    2.27    2.29    2.19    2.09    2.07
    2.29    2.33    2.31    2.26    2.26
    2.36    2.47    2.53    2.55    2.53
    2.41    2.52    2.56    2.60    2.61
    2.36    2.42    2.42    2.44    2.49
    2.23    2.30    2.29    2.27    2.30
2090 2099
    2.13    2.25    2.27    2.27    2.33
    2.27    2.33    2.29    2.29    2.38
    2.52    2.48    2.36    2.32    2.38
    2.55    2.49    2.41    2.41    2.47
    2.40    2.39    2.44    2.53    2.57
    2.40    2.43    2.52    2.62    2.66
    2.48    2.53    2.57    2.64    2.68
    2.38    2.43    2.47    2.51    2.53
