Mean temperature - Model Simulations
NaN indicates insufficient data is available
Refer to Accompanying Documentation
GRIDBOX LONGITUDES
           5
   13.75   16.25   18.75   21.25   23.75
GRIDBOX LATITUDES
           8
   23.75   21.25   18.75   16.25   13.75   11.25    8.75    6.25
MODEL CLIMATOLOGY 1970-1999
  291.95  292.16  292.16  292.71  293.82
  293.44  293.84  293.66  294.07  295.07
  295.29  295.79  295.65  295.82  296.29
  297.21  297.73  297.83  297.69  297.31
  297.23  297.67  297.87  297.78  297.39
  296.79  297.16  297.48  297.51  297.26
  296.35  296.74  297.23  297.38  297.18
  296.15  296.49  297.04  297.25  297.10
Mean Anomalies over 10-year time slices
2000 2009
    1.06    1.05    0.99    0.90    0.77
    1.05    1.03    0.95    0.89    0.87
    0.99    0.96    0.88    0.86    0.90
    0.87    0.84    0.80    0.81    0.86
    0.66    0.66    0.65    0.66    0.70
    0.43    0.45    0.45    0.46    0.48
    0.25    0.23    0.20    0.18    0.18
    0.25    0.20    0.15    0.11    0.08
2010 2019
    0.98    1.02    1.09    1.14    1.16
    1.02    1.09    1.17    1.19    1.14
    1.09    1.14    1.18    1.17    1.12
    1.16    1.14    1.10    1.09    1.09
    0.97    0.95    0.92    0.91    0.92
    0.75    0.74    0.72    0.72    0.73
    0.59    0.57    0.54    0.53    0.53
    0.59    0.56    0.51    0.49    0.49
2020 2029
    1.74    1.69    1.66    1.61    1.53
    1.89    1.84    1.78    1.68    1.54
    1.91    1.87    1.80    1.71    1.58
    1.82    1.79    1.72    1.67    1.63
    1.61    1.59    1.57    1.55    1.54
    1.37    1.36    1.38    1.39    1.38
    1.17    1.15    1.16    1.17    1.18
    1.07    1.06    1.06    1.06    1.06
2030 2039
    1.62    1.71    1.76    1.76    1.68
    1.82    1.90    1.94    1.93    1.87
    1.94    1.97    1.99    1.97    1.94
    1.93    1.90    1.87    1.87    1.89
    1.64    1.63    1.63    1.65    1.68
    1.33    1.34    1.37    1.40    1.44
    1.09    1.10    1.12    1.14    1.17
    1.05    1.06    1.07    1.08    1.08
2040 2049
    1.98    2.00    1.95    1.89    1.84
    1.99    2.01    2.01    1.95    1.85
    1.98    1.98    1.99    1.95    1.88
    1.95    1.90    1.87    1.87    1.90
    1.69    1.69    1.70    1.73    1.76
    1.40    1.44    1.50    1.54    1.56
    1.17    1.20    1.24    1.28    1.31
    1.17    1.18    1.22    1.24    1.24
2050 2059
    1.98    2.06    2.13    2.15    2.12
    2.03    2.14    2.24    2.23    2.13
    2.11    2.17    2.21    2.20    2.14
    2.17    2.14    2.06    2.06    2.14
    2.00    1.98    1.94    1.95    2.01
    1.80    1.80    1.81    1.83    1.85
    1.63    1.65    1.66    1.67    1.68
    1.57    1.58    1.59    1.59    1.59
2060 2069
    2.08    2.21    2.27    2.26    2.18
    2.25    2.34    2.38    2.35    2.24
    2.37    2.40    2.41    2.38    2.30
    2.42    2.39    2.36    2.34    2.34
    2.22    2.20    2.20    2.22    2.24
    1.96    1.97    2.01    2.04    2.08
    1.72    1.74    1.78    1.81    1.85
    1.71    1.72    1.73    1.73    1.73
2070 2079
    2.57    2.52    2.50    2.46    2.38
    2.67    2.68    2.69    2.69    2.67
    2.79    2.79    2.79    2.80    2.82
    2.89    2.83    2.79    2.78    2.79
    2.60    2.59    2.60    2.61    2.62
    2.27    2.30    2.35    2.38    2.39
    2.05    2.05    2.06    2.07    2.11
    1.97    1.98    1.98    1.98    1.97
2080 2089
    2.99    2.89    2.78    2.69    2.61
    2.99    2.90    2.82    2.75    2.70
    2.89    2.81    2.72    2.67    2.65
    2.72    2.62    2.51    2.47    2.49
    2.38    2.33    2.30    2.29    2.31
    2.09    2.09    2.11    2.13    2.15
    1.98    1.97    1.97    1.99    2.02
    2.02    2.00    1.96    1.94    1.95
2090 2099
    2.49    2.62    2.69    2.69    2.63
    2.56    2.68    2.79    2.81    2.74
    2.69    2.75    2.83    2.85    2.80
    2.84    2.81    2.80    2.80    2.82
    2.65    2.64    2.65    2.68    2.72
    2.40    2.42    2.45    2.50    2.55
    2.18    2.19    2.20    2.23    2.28
    2.18    2.18    2.15    2.15    2.16
