Mean monthly rainfall - Model Simulations
NaN indicates insufficient data is available
Refer to Accompanying Documentation
GRIDBOX LONGITUDES
           5
   13.75   16.25   18.75   21.25   23.75
GRIDBOX LATITUDES
           8
   23.75   21.25   18.75   16.25   13.75   11.25    8.75    6.25
MODEL CLIMATOLOGY 1970-1999 (mm)
    0.27    0.19    0.14    0.13    0.13
    0.12    0.08    0.07    0.09    0.08
    0.13    0.14    0.16    0.14    0.10
    1.11    1.40    1.46    1.09    0.66
   11.56   14.65   16.33   14.37   11.70
   42.36   49.88   59.47   60.73   57.11
   86.53   88.36  101.88  107.86  102.55
  129.45  116.62  117.70  119.56  113.55
Mean Anomalies over 10-year time slices (mm)
2000 2009
    0.07    0.18    0.18    0.08   -0.01
    0.18    0.24    0.18    0.04   -0.04
    0.39    0.26    0.11   -0.01   -0.05
    0.58    0.52    0.28    0.09   -0.03
    0.87    1.12    1.76    1.60    1.08
    1.12    1.80    2.63    3.00    2.93
    3.19    3.58    3.69    3.80    4.03
    6.12    5.41    5.31    5.51    6.23
2010 2019
   -0.10   -0.06   -0.02   -0.02   -0.01
   -0.04   -0.03   -0.02   -0.03   -0.03
   -0.04   -0.06   -0.08   -0.08   -0.06
   -0.44   -0.63   -0.74   -0.59   -0.34
   -2.39   -2.70   -3.24   -3.38   -2.58
   -0.74   -0.32    0.19   -1.00   -1.31
   -0.16    0.26    1.47   -0.35   -1.12
   -5.59   -7.60   -6.87   -6.68   -5.44
2020 2029
   -0.01   -0.02   -0.03   -0.04    0.03
   -0.01   -0.02   -0.03   -0.04   -0.01
   -0.03   -0.06   -0.07   -0.07   -0.06
   -0.08   -0.12   -0.16   -0.16   -0.13
    1.34    1.85    0.90   -0.12   -0.67
    0.73    1.44    1.17    0.32   -0.83
    2.04    2.66    3.73    3.61    2.46
    7.63    7.31    7.17    6.56    5.44
2030 2039
   -0.09   -0.06   -0.04   -0.06   -0.07
   -0.01    0.02   -0.01   -0.05   -0.06
    0.02    0.04   -0.00   -0.03   -0.02
   -0.08   -0.05   -0.14   -0.12   -0.03
    1.53    1.81    1.45    0.56   -0.29
    2.37    2.68    2.73    2.03    0.84
    3.40    2.53    1.88    1.04    0.09
    4.72    2.24    0.74   -1.19   -2.61
2040 2049
   -0.09    0.00    0.04    0.02    0.01
    0.00    0.02   -0.00   -0.03   -0.03
    0.03    0.02   -0.02   -0.02   -0.02
    0.38    0.51    0.40    0.29    0.16
    2.07    3.18    2.85    1.55    0.50
    0.48    0.79    1.31    1.09    0.49
    0.70    0.49    1.50    1.60    1.06
    7.43    8.15    6.93    4.40    2.14
2050 2059
    0.12    0.08    0.04    0.01    0.00
    0.05    0.01   -0.02   -0.01    0.01
    0.04   -0.02   -0.03   -0.03   -0.01
    0.46    0.31    0.21    0.04   -0.04
    2.36    3.24    2.64    1.43    0.59
    4.15    6.08    6.04    5.06    3.21
    5.31    5.51    4.72    3.63    2.01
    7.03    5.24    2.66   -0.42   -1.07
2060 2069
   -0.16   -0.10   -0.05   -0.05   -0.05
   -0.07   -0.05   -0.04   -0.06   -0.05
   -0.02   -0.02   -0.05   -0.07   -0.06
    0.09    0.08    0.14    0.10    0.04
    1.63    1.78    1.41    0.77    0.21
    2.83    2.53    2.36    1.54    0.44
    3.07    3.16    3.75    3.04    1.41
    2.38    4.08    4.52    3.32    1.16
2070 2079
   -0.14   -0.09   -0.05   -0.05   -0.08
   -0.07   -0.05   -0.05   -0.06   -0.06
   -0.01   -0.01   -0.05   -0.06   -0.04
    0.13    0.49    0.38    0.21    0.16
    2.14    3.52    3.39    2.51    1.75
    3.49    4.42    5.39    5.05    4.03
    4.40    3.80    5.08    4.76    3.73
    9.77    8.02    7.45    4.75    2.59
2080 2089
   -0.09   -0.07   -0.05   -0.08   -0.06
   -0.01   -0.03   -0.04   -0.06   -0.06
    0.01   -0.01   -0.04   -0.04   -0.01
    0.09    0.36    0.17   -0.04   -0.02
    1.70    3.09    3.01    1.45    0.36
    3.62    5.41    6.09    4.77    3.73
    6.42    7.39    7.91    6.57    5.48
   13.37   11.73    9.77    6.61    4.69
2090 2099
    0.07    0.12    0.08    0.00   -0.04
   -0.03    0.01    0.01   -0.03   -0.05
   -0.06   -0.05   -0.03   -0.05   -0.06
   -0.12    0.06    0.11   -0.01   -0.11
    2.31    2.98    2.57    0.97   -0.10
    4.96    6.27    6.44    5.64    3.73
    4.93    5.85    6.49    6.02    3.97
    7.08    6.84    5.03    1.57    0.01
