Mean temperature - Model Simulations
NaN indicates insufficient data is available
Refer to Accompanying Documentation
GRIDBOX LONGITUDES
           5
   13.75   16.25   18.75   21.25   23.75
GRIDBOX LATITUDES
           8
   23.75   21.25   18.75   16.25   13.75   11.25    8.75    6.25
MODEL CLIMATOLOGY 1970-1999
  285.95  286.09  286.01  286.35  286.34
  288.53  287.72  287.07  287.31  287.47
  291.60  291.53  290.75  290.24  289.39
  295.40  295.72  295.16  293.88  291.75
  297.19  297.55  297.20  295.69  294.11
  297.11  297.42  297.00  296.13  295.41
  295.57  295.84  296.22  295.43  294.58
  293.23  294.23  294.58  294.14  293.98
Mean Anomalies over 10-year time slices
2000 2009
    0.12    0.10    0.13    0.19    0.19
    0.27    0.26    0.20    0.14    0.11
    0.32    0.28    0.16    0.07    0.02
    0.28    0.30    0.28    0.23    0.15
    0.33    0.43    0.52    0.49    0.38
    0.55    0.71    0.72    0.71    0.62
    0.78    0.84    0.86    0.82    0.71
    0.60    0.77    0.84    0.75    0.61
2010 2019
    1.07    1.06    1.08    1.07    1.01
    1.05    1.06    1.08    1.00    0.87
    1.02    0.96    0.91    0.79    0.65
    0.92    0.80    0.71    0.59    0.48
    0.78    0.72    0.74    0.66    0.58
    0.82    0.86    0.94    0.93    0.87
    1.00    1.02    1.03    1.02    0.98
    0.97    0.98    0.95    0.91    0.91
2020 2029
    1.39    1.32    1.29    1.22    1.11
    1.55    1.49    1.41    1.23    1.06
    1.63    1.54    1.38    1.20    1.03
    1.74    1.62    1.49    1.34    1.17
    1.72    1.64    1.56    1.39    1.28
    1.56    1.59    1.50    1.40    1.31
    1.28    1.34    1.40    1.37    1.33
    1.14    1.32    1.38    1.29    1.24
2030 2039
    1.50    1.45    1.41    1.37    1.29
    1.69    1.63    1.54    1.40    1.30
    1.75    1.64    1.50    1.36    1.29
    1.78    1.68    1.57    1.49    1.42
    1.73    1.70    1.61    1.55    1.49
    1.68    1.66    1.63    1.67    1.59
    1.45    1.54    1.59    1.53    1.44
    1.09    1.28    1.37    1.28    1.16
2040 2049
    0.83    0.85    0.85    0.78    0.70
    1.08    1.03    0.88    0.70    0.66
    1.16    1.05    0.89    0.81    0.83
    1.20    1.22    1.21    1.17    1.15
    1.37    1.50    1.55    1.53    1.49
    1.58    1.70    1.72    1.72    1.67
    1.52    1.59    1.61    1.60    1.62
    1.42    1.56    1.60    1.56    1.48
2050 2059
    1.49    1.38    1.36    1.44    1.52
    1.66    1.67    1.66    1.65    1.69
    1.78    1.83    1.79    1.74    1.73
    1.77    1.79    1.75    1.67    1.66
    1.67    1.67    1.63    1.54    1.55
    1.52    1.57    1.62    1.61    1.55
    1.51    1.57    1.58    1.56    1.58
    1.42    1.48    1.44    1.43    1.43
2060 2069
    1.83    1.77    1.72    1.70    1.63
    2.05    1.94    1.80    1.64    1.53
    2.04    1.88    1.69    1.56    1.56
    1.92    1.82    1.77    1.74    1.75
    1.87    1.97    2.04    2.01    1.99
    2.03    2.32    2.40    2.34    2.29
    2.09    2.32    2.39    2.28    2.25
    1.74    1.87    1.95    1.89    1.89
2070 2079
    2.19    2.08    1.96    1.90    1.87
    2.38    2.29    2.16    1.99    1.88
    2.47    2.37    2.20    2.03    1.89
    2.61    2.52    2.42    2.29    2.10
    2.79    2.76    2.67    2.55    2.44
    2.85    2.95    2.81    2.59    2.56
    2.43    2.60    2.61    2.37    2.33
    2.05    2.10    2.07    1.89    1.84
2080 2089
    1.98    1.92    1.87    1.90    2.01
    2.38    2.33    2.28    2.28    2.33
    2.66    2.65    2.61    2.58    2.58
    2.81    2.85    2.86    2.82    2.80
    2.95    3.03    3.08    2.86    2.79
    2.88    3.11    3.13    2.80    2.71
    2.46    2.74    2.71    2.44    2.37
    2.16    2.28    2.38    2.28    2.13
2090 2099
    2.25    2.23    2.25    2.32    2.37
    2.49    2.50    2.50    2.48    2.44
    2.61    2.58    2.51    2.43    2.37
    2.63    2.61    2.57    2.47    2.39
    2.57    2.69    2.82    2.65    2.56
    2.69    3.01    3.00    2.77    2.68
    2.47    2.91    3.02    2.83    2.67
    2.20    2.51    2.74    2.68    2.40
