Mean monthly rainfall - Model Simulations
NaN indicates insufficient data is available
Refer to Accompanying Documentation
GRIDBOX LONGITUDES
           5
   13.75   16.25   18.75   21.25   23.75
GRIDBOX LATITUDES
           8
   23.75   21.25   18.75   16.25   13.75   11.25    8.75    6.25
MODEL CLIMATOLOGY 1970-1999 (mm)
    0.46    0.53    0.51    0.41    0.41
    0.58    1.36    1.32    0.82    0.54
    1.03    2.09    1.99    1.33    1.29
    4.79    4.18    4.59    8.26   11.06
   23.66   22.25   25.25   30.25   34.91
   49.34   48.60   54.59   50.57   51.27
   91.14   74.29   65.07   72.52   72.60
  121.66  100.78   81.35   88.45   92.93
Mean Anomalies over 10-year time slices (mm)
2000 2009
   -0.08   -0.19   -0.15   -0.07   -0.06
    0.34    0.03   -0.04   -0.11    0.07
    0.55    0.33    0.60    0.16    0.18
    0.92    1.12    1.13    1.58    0.76
    2.56    2.95    3.18    3.63    1.69
    3.77    4.66    4.75    4.35    2.08
    5.17    5.31    2.71    1.43    0.92
    2.40    2.62    3.94    3.75    1.34
2010 2019
   -0.04   -0.20   -0.10   -0.00    0.01
    0.29    0.06    0.17    0.17    0.05
    0.39    0.44    0.65    0.36    0.32
    1.30    1.19    1.49    1.92    1.90
    2.43    2.88    4.05    4.93    3.96
    2.33    3.20    5.75    6.22    5.37
    4.71    5.74    8.13    7.09    5.35
    6.16    8.17    8.91    9.17    5.62
2020 2029
    0.04   -0.12   -0.09   -0.00   -0.01
    0.14   -0.15   -0.36   -0.37   -0.09
    0.25   -0.09   -0.37   -0.19   -0.11
    0.88    0.96    0.70    0.43   -0.15
    1.32    1.35    1.55    1.57    0.32
    2.99    2.59    2.92    3.03    2.75
    3.48    4.10    3.31    2.61    2.13
    3.24    2.69    1.48    2.54    2.74
2030 2039
   -0.28   -0.27   -0.34   -0.35   -0.21
   -0.25   -0.51   -0.57   -0.64   -0.31
   -0.25   -0.35   -0.39   -0.58   -0.52
   -0.56    0.22    0.25   -0.12   -0.40
   -0.99    1.55    2.33    2.14    0.12
    0.12    1.94    4.48    4.66    3.64
    4.10    4.01    4.23    5.47    4.56
    4.55    2.91    1.83    4.72    4.87
2040 2049
   -0.11    0.11    0.36    0.27    0.13
   -0.13   -0.23    0.03    0.21    0.42
   -0.23   -0.40   -0.10    0.09   -0.13
   -0.63   -0.54   -0.36   -1.25   -2.70
   -2.94   -2.06   -1.10   -0.63   -1.36
   -1.18   -0.09    1.83    2.85    2.76
    1.60    3.24    3.17    3.02    4.89
    3.27    4.00    2.48    3.62    4.11
2050 2059
   -0.09   -0.19   -0.11   -0.20   -0.02
    0.11   -0.41   -0.44   -0.39    0.25
   -0.03   -0.65   -0.49   -0.56    0.15
   -0.55    0.00   -0.50   -1.02   -1.57
   -0.92   -1.59   -1.23    0.12    0.60
   -1.45   -2.15    0.14    1.29    1.98
    3.00    2.73    1.57    2.13    3.94
    6.48    4.57    1.74    4.15    5.33
2060 2069
   -0.21   -0.07    0.08    0.02   -0.11
   -0.13   -0.32   -0.24   -0.05   -0.12
    0.15   -0.21   -0.19   -0.23   -0.46
    0.17    0.06   -0.08   -1.01   -2.21
    0.05   -0.42   -0.96   -0.01   -1.92
    4.77    2.67    2.75    3.12    3.51
    9.48    8.62    6.04    6.03    7.08
   11.97   10.01    4.39    7.81    8.11
2070 2079
   -0.26   -0.26   -0.09   -0.04   -0.04
   -0.01   -0.36   -0.43   -0.36   -0.24
   -0.03   -0.66   -0.92   -0.82   -0.77
   -0.83   -0.74   -1.26   -2.74   -4.41
   -2.48   -2.72   -3.37   -3.76   -5.27
   -0.27   -1.97   -1.11   -0.19   -0.97
    5.73    4.46    2.42    2.48    4.67
   14.80   10.10    4.55    8.15    8.97
2080 2089
    0.05   -0.17   -0.12   -0.14   -0.17
   -0.07   -0.50   -0.70   -0.65   -0.31
   -0.40   -0.60   -0.56   -0.75   -0.70
    0.16    0.18   -0.55   -1.45   -2.23
   -0.24    0.41    0.72    2.01    0.73
    2.06    2.73    5.45    6.90    3.80
   10.35    9.05    8.18    7.48    7.46
   17.52   11.33    7.51   11.20   12.50
2090 2099
   -0.17   -0.29   -0.32   -0.29   -0.27
   -0.04   -0.41   -0.45   -0.58   -0.40
   -0.15   -0.38   -0.33   -0.50   -0.72
    0.03   -0.01   -0.09   -0.96   -3.30
   -0.17    0.73    1.29    0.77   -2.04
    2.03    3.10    6.50    5.42    4.57
    9.94    8.26    7.63    8.67   10.18
   15.92   10.61    4.94    9.92    9.79
