Maximum 1-day rainfall - Model Simulations
NaN indicates insufficient data is available
Refer to Accompanying Documentation
GRIDBOX LONGITUDES
           5
   13.75   16.25   18.75   21.25   23.75
GRIDBOX LATITUDES
           8
   23.75   21.25   18.75   16.25   13.75   11.25    8.75    6.25
Timeseries in anomalies relative to 1970-1999 mean (mm)
2060s
   -1.21   -1.18   -0.85   -0.97   -0.99
   -0.39   -0.54   -0.70   -0.68   -0.55
   -0.19   -0.33   -0.40   -0.26   -0.13
   -0.26   -0.20   -0.12   -0.17   -0.20
   -0.31   -0.19    0.03   -0.16   -0.30
   -0.06    0.06    0.49    0.66    0.50
   -0.56   -0.21    0.82    2.22    2.09
   -0.12    0.86    2.14    3.53    2.98
2090s
   -0.99   -1.17   -0.92   -1.15   -1.16
   -0.37   -0.53   -0.69   -0.70   -0.57
   -0.25   -0.34   -0.41   -0.30   -0.17
   -0.35   -0.31   -0.16   -0.25   -0.25
   -0.67   -0.40    0.15   -0.07   -0.19
   -0.16    0.20    0.89    0.32   -0.03
    1.85    2.97    3.18    1.05   -0.23
   11.58   12.89    6.24    2.37    0.53
