Maximum 1-day rainfall - Model Simulations
NaN indicates insufficient data is available
Refer to Accompanying Documentation
GRIDBOX LONGITUDES
           5
   13.75   16.25   18.75   21.25   23.75
GRIDBOX LATITUDES
           8
   23.75   21.25   18.75   16.25   13.75   11.25    8.75    6.25
Timeseries in anomalies relative to 1970-1999 mean (mm)
2060s
   -0.15   -0.26   -0.05   -0.08   -0.29
    0.04   -0.20   -0.18   -0.68   -1.28
    0.31   -0.45   -1.07   -1.05   -1.49
   -0.07    0.09   -0.34   -0.46   -0.99
   -0.34   -0.01   -0.33   -0.36   -0.68
    0.95    0.93    0.16   -0.13   -0.10
    1.88    1.85    1.29    0.76    0.70
    0.55    0.67    0.99    0.86    0.43
2090s
   -0.33   -0.36   -0.36   -0.40   -0.50
   -0.04   -0.24   -0.36   -0.83   -1.42
    2.03    1.44    0.87    0.96   -0.19
    0.36    0.09   -0.34   -0.26   -0.82
   -0.80   -0.58   -1.16   -1.40   -1.69
   -0.10    0.60   -0.49   -1.35   -1.54
    1.27    1.53    0.71   -0.14   -0.47
    1.73    1.20    1.17    1.24    0.79
