Maximum 1-day rainfall - Model Simulations
NaN indicates insufficient data is available
Refer to Accompanying Documentation
GRIDBOX LONGITUDES
           5
   13.75   16.25   18.75   21.25   23.75
GRIDBOX LATITUDES
           8
   23.75   21.25   18.75   16.25   13.75   11.25    8.75    6.25
Timeseries in anomalies relative to 1970-1999 mean (mm)
2060s
   -0.04   -0.52   -1.30   -1.35   -1.02
   -1.40   -0.92   -0.67   -2.57   -2.88
   -1.99   -1.62   -0.82   -2.88   -3.87
   -4.45   -3.33   -3.16   -4.61   -3.95
    0.10   -3.31   -4.58   -4.64   -3.47
    3.22   -2.31   -2.79   -3.53   -3.18
    4.66    1.37    2.49    1.03   -0.90
    6.19    4.73    7.98    6.44    1.07
2090s
   -1.49   -4.18   -2.40    1.50    2.12
   -2.84   -4.50   -3.10   -0.65   -0.70
   -3.93   -6.27   -6.83   -6.57   -5.35
   -4.57   -4.32   -4.11   -4.81   -5.75
   -1.06   -0.86   -1.88   -3.15   -3.75
    1.04    6.24    5.03    2.59    0.04
    4.62    8.95    9.83    3.37   -0.60
   14.83    8.21    2.61    1.00    0.28
