Maximum 1-day rainfall - Model Simulations
NaN indicates insufficient data is available
Refer to Accompanying Documentation
GRIDBOX LONGITUDES
           5
   13.75   16.25   18.75   21.25   23.75
GRIDBOX LATITUDES
           8
   23.75   21.25   18.75   16.25   13.75   11.25    8.75    6.25
Timeseries in anomalies relative to 1970-1999 mean (mm)
2060s
    1.16    1.30    1.74    1.96    2.07
    0.55    1.06    2.06    1.31    0.84
    0.59    2.28    2.38    0.40   -1.04
    2.68    5.00    5.11    5.01    4.48
    2.51    3.08    3.97    5.55    5.16
   -0.06   -0.87   -0.37    0.83    0.57
   -1.26   -1.67   -1.51   -1.37   -2.07
    0.21   -0.54    0.57    0.57   -1.51
2090s
   -0.72   -0.98   -1.72    0.24    2.53
   -2.40   -2.57   -1.28   -0.50   -2.33
   -0.11    0.55    0.07   -2.43   -5.18
    2.40    1.14    1.06   -1.62   -3.47
    1.50   -0.07   -2.02   -3.29   -2.40
    3.99    4.43    1.92   -1.95   -3.28
    6.12    7.55    8.13    3.33   -0.98
    3.55    3.82    7.61    8.51    6.42
