Maximum 5-day rainfall - Model Simulations
NaN indicates insufficient data is available
Refer to Accompanying Documentation
GRIDBOX LONGITUDES
           5
   13.75   16.25   18.75   21.25   23.75
GRIDBOX LATITUDES
           8
   23.75   21.25   18.75   16.25   13.75   11.25    8.75    6.25
Timeseries in anomalies relative to 1970-1999 mean (mm)
2060s
   -0.62   -0.81   -0.82   -0.87   -0.69
    0.71   -0.07   -0.27   -0.16   -0.05
    1.04    0.38    0.15    0.12    0.16
    0.67    0.38    0.01   -0.29   -0.25
    0.04   -0.37   -1.46   -1.95   -1.68
   -2.86   -2.25   -1.60   -0.41    0.78
   -9.01   -5.59   -2.64    0.77    3.54
  -20.28  -11.14   -7.86   -3.31    1.96
2090s
   -1.49   -1.38   -1.24   -1.26   -1.00
   -1.43   -0.97   -0.56   -0.28   -0.08
   -0.66   -0.39   -0.19    0.20    0.15
    0.32    0.12   -0.08    0.29    0.04
    0.62    0.14   -0.14    0.16    0.18
   -0.60    0.20    0.89    0.23    0.94
   -5.87   -1.88    0.59   -0.82    1.82
  -19.90   -9.94   -5.10   -5.40    1.92
