Maximum 5-day rainfall - Model Simulations
NaN indicates insufficient data is available
Refer to Accompanying Documentation
GRIDBOX LONGITUDES
           5
   13.75   16.25   18.75   21.25   23.75
GRIDBOX LATITUDES
           8
   23.75   21.25   18.75   16.25   13.75   11.25    8.75    6.25
Timeseries in anomalies relative to 1970-1999 mean (mm)
2060s
   -0.02   -0.01    0.01    0.00   -0.00
   -0.01    0.01    0.02    0.01   -0.03
   -0.01   -0.00   -0.04   -0.06   -0.28
   -0.08   -0.11   -0.19   -0.36   -0.41
   -0.12   -0.34   -0.37   -0.23    0.60
    0.04    0.03    0.16    0.19    1.03
    0.84    0.25   -0.72   -1.43   -0.91
   -0.09   -2.39   -4.45   -4.17   -2.68
2090s
   -0.01    0.05    0.03   -0.02   -0.04
   -0.04   -0.00   -0.01   -0.01   -0.04
   -0.02    0.08    0.05    0.06   -0.12
    0.21    0.76    0.35   -0.21   -0.64
    0.30    0.30   -0.34   -0.95   -1.10
    0.16   -0.54   -1.19   -1.98   -2.17
    0.04   -0.56   -2.32   -4.64   -5.64
   -1.81   -1.71   -4.32   -7.27   -8.47
