Maximum 5-day rainfall - Model Simulations
NaN indicates insufficient data is available
Refer to Accompanying Documentation
GRIDBOX LONGITUDES
           5
   13.75   16.25   18.75   21.25   23.75
GRIDBOX LATITUDES
           8
   23.75   21.25   18.75   16.25   13.75   11.25    8.75    6.25
Timeseries in anomalies relative to 1970-1999 mean (mm)
2060s
   -0.82   -0.89   -1.08   -0.61   -0.06
   -0.86   -0.70   -0.55   -0.21   -0.12
   -0.86    0.22    0.45    0.11    0.67
    1.88    4.24    3.57    1.83    3.30
    4.51    8.54   11.72   10.60    9.45
    2.57    2.26    6.62    6.40   10.07
    5.23    6.74    6.70    4.96    4.55
    3.30    8.21    7.03    1.59    2.91
2090s
   -0.69   -1.28   -1.56   -1.16   -0.55
   -0.33   -0.80   -0.80   -0.01    0.15
    2.14    3.31    4.09    3.44    1.79
    7.73    8.29   12.06   13.00    9.50
   10.65   10.02   14.63   13.63   17.38
    2.39    4.12    9.06    8.02    8.56
    6.07    8.10    8.44    4.56    2.59
    8.94   12.29    6.60    2.27    2.73
