Mean monthly rainfall - Model Simulations
NaN indicates insufficient data is available
Refer to Accompanying Documentation
GRIDBOX LONGITUDES
           7
  -11.25   -8.75   -6.25   -3.75   -1.25    1.25    3.75
GRIDBOX LATITUDES
           7
   26.25   23.75   21.25   18.75   16.25   13.75   11.25
MODEL CLIMATOLOGY 1970-1999 (mm)
   25.13   31.96   29.54   23.63   18.88   14.16   11.21
   48.48   43.26   33.88   27.28   21.47   16.57   14.76
   70.08   54.01   43.48   38.65   34.28   28.38   23.39
  108.30   86.00   73.34   69.74   66.12   55.54   44.26
  199.55  176.85  159.81  148.54  134.56  113.45   96.74
  322.26  299.04  279.96  256.25  227.19  201.63  187.14
  412.68  379.45  358.74  333.36  310.26  292.08  281.00
Mean Anomalies over 10-year time slices (mm)
2000 2009
    2.68    2.72    2.37    4.77    6.83    5.35    4.63
    6.75    5.30    6.72    6.78    4.08    1.37    0.84
   26.58   16.98   12.91    9.94    5.12   -0.52   -3.40
   50.78   34.48   19.04    8.45    4.42    1.35   -0.22
   50.81   46.82   30.83   16.58    8.03    4.50    2.08
   19.56   29.11   28.01   23.08   19.16   16.19    7.82
   -8.19   -0.26   10.68   18.76   23.93   28.00   25.23
2010 2019
  -11.84  -16.07  -14.82  -10.63   -9.16   -5.66   -1.24
  -24.80  -23.57  -19.09  -14.97  -10.69   -2.83    1.94
  -30.39  -23.04  -16.96  -12.70   -6.81   -1.05    0.82
  -30.05  -23.08  -16.33  -12.61   -6.11   -1.78    0.15
  -23.75  -28.01  -28.65  -26.39  -15.73   -7.46   -5.84
   -0.81  -20.71  -33.50  -35.48  -28.20  -20.14  -16.37
   46.51   11.49   -6.87  -13.12  -12.02   -9.46  -10.81
2020 2029
    3.65   -1.82   -2.20   -0.93    0.94    3.94    4.81
    1.20   -5.16   -2.12    3.47    4.90    5.04    2.37
    8.81    1.55    2.13    4.06    1.31   -2.12   -3.60
   20.76    7.44    2.01    1.08    0.98   -1.24   -1.92
   23.13    3.54   -4.65   -5.48   -1.42   -1.35   -2.12
   29.50   11.82   -2.54   -8.75   -6.92   -7.62  -10.93
   39.62   18.40    7.52    6.61    5.50    0.07   -3.96
2030 2039
   -1.84   -3.08   -3.30   -2.07   -0.22    2.16    2.95
   -6.93   -7.16   -4.53   -1.79    0.87    2.10   -0.33
    2.55    0.19    1.35    1.89    0.55   -1.61   -2.78
   13.96    8.80    6.24    4.88    2.66    3.86    6.39
   25.50   16.90    7.13   -0.72   -1.14    5.46   11.92
   30.01   22.01   10.94    5.33    6.49    7.54    5.77
   22.39   27.04   30.62   30.12   28.56   27.13   21.69
2040 2049
    0.52   -0.38   -0.73   -0.82   -1.95   -1.34    0.40
   -4.85   -6.00   -4.07   -5.34   -6.08   -4.10   -1.31
   -4.07   -7.48   -7.17   -7.87   -9.55   -8.46   -5.41
    6.93   -2.47   -6.53   -7.34   -6.98   -3.35   -0.13
   28.66    8.73   -4.39   -8.49   -4.85    1.16    5.62
   51.13   28.73    6.26   -7.61   -9.62   -9.39  -10.97
   54.74   37.04   21.09    9.29    1.67   -2.84   -8.97
2050 2059
   -7.25  -11.08  -10.56   -7.72   -6.40   -3.90   -1.90
  -19.85  -21.01  -19.33  -15.70  -11.45   -5.75   -1.66
  -31.85  -27.37  -24.27  -22.26  -18.25  -12.41   -5.45
  -45.44  -37.37  -32.52  -32.26  -28.85  -21.25  -11.51
  -48.76  -49.55  -49.03  -48.08  -42.06  -31.30  -21.03
  -33.50  -49.25  -61.63  -61.68  -53.52  -43.82  -36.37
   -9.40  -30.34  -45.19  -47.73  -41.63  -38.61  -36.25
2060 2069
  -15.39  -19.32  -16.91  -13.15  -11.04   -7.05   -2.98
  -27.11  -24.71  -16.51  -11.13   -8.94   -6.45   -4.81
  -29.11  -24.79  -18.85  -15.34  -13.54  -10.74   -9.86
  -30.54  -27.18  -25.00  -21.76  -18.55  -14.19  -12.17
  -28.27  -35.13  -38.46  -37.68  -32.79  -25.11  -19.76
   -1.64  -33.34  -56.56  -62.75  -60.30  -55.95  -50.41
   64.62    0.48  -42.02  -54.39  -56.38  -59.75  -59.84
2070 2079
   -0.97   -5.27   -9.61  -12.04  -11.20   -6.46   -2.47
  -13.49  -14.29  -15.40  -15.81  -11.93   -6.56   -4.19
  -17.03  -17.07  -17.32  -18.98  -16.99  -13.29  -10.51
  -10.49  -16.34  -20.73  -25.21  -24.37  -18.37  -13.66
   -1.37  -18.11  -31.83  -39.84  -40.43  -32.36  -23.11
   20.81  -12.71  -37.91  -47.21  -49.84  -49.65  -43.35
   52.01   21.10  -10.41  -23.52  -29.72  -36.84  -38.95
2080 2089
  -12.35  -18.66  -18.31  -14.06  -10.75   -7.02   -3.57
  -30.75  -25.60  -19.28  -16.47  -12.10   -7.67   -5.75
  -39.86  -27.87  -21.72  -21.75  -19.81  -15.49  -12.33
  -46.40  -34.46  -28.33  -29.85  -30.52  -24.68  -19.04
  -54.12  -53.52  -50.89  -49.79  -46.29  -38.24  -32.01
  -37.42  -68.35  -88.56  -90.21  -79.29  -68.31  -59.04
   10.58  -44.12  -81.92  -94.99  -95.47  -93.09  -84.17
2090 2099
   -9.47  -16.73  -15.96  -13.32  -10.87   -5.29   -1.36
  -27.10  -26.22  -20.85  -14.63   -9.64   -4.62   -1.23
  -32.27  -27.69  -21.69  -17.45  -15.65  -10.37   -6.29
  -33.73  -32.31  -26.34  -23.97  -20.80  -15.22  -10.99
  -36.85  -46.34  -41.76  -35.86  -29.80  -24.19  -20.40
  -11.67  -40.22  -53.79  -57.84  -54.32  -52.11  -51.01
   34.67   -8.99  -40.22  -51.79  -56.05  -62.43  -64.95
