Mean monthly rainfall - Model Simulations
NaN indicates insufficient data is available
Refer to Accompanying Documentation
GRIDBOX LONGITUDES
           7
  -11.25   -8.75   -6.25   -3.75   -1.25    1.25    3.75
GRIDBOX LATITUDES
           7
   26.25   23.75   21.25   18.75   16.25   13.75   11.25
MODEL CLIMATOLOGY 1970-1999 (mm)
    6.70    8.42    9.01    8.04    6.30    5.49    5.67
    9.45   12.41   12.86   10.50    7.52    6.29    6.84
   14.68   13.97   11.79    9.08    7.43    7.39    8.54
   29.88   25.24   20.57   17.47   17.57   18.65   19.30
   53.74   46.77   40.20   36.00   36.31   36.80   35.32
   88.25   83.36   76.07   68.69   64.10   59.12   52.54
  134.10  125.78  113.48   99.38   89.12   81.29   74.89
Mean Anomalies over 10-year time slices (mm)
2000 2009
    0.31    1.34    1.83    1.61    1.20    0.67    0.07
    2.00    1.72    1.24    0.90    1.07    1.12    0.95
    3.34    2.84    2.02    1.31    1.35    1.33    1.27
    2.03    2.23    2.02    1.80    2.22    2.43    2.43
   -1.07    0.41    1.50    2.36    3.40    4.00    4.08
   -5.10   -1.99    0.96    3.15    4.54    5.41    5.70
   -2.57    0.34    2.33    3.34    3.91    4.82    5.93
2010 2019
    0.18   -0.26   -0.07    0.85    1.05    0.93    0.62
    0.52   -0.40   -0.10    1.62    2.11    1.99    1.48
   -1.22   -0.78    0.09    1.05    1.35    1.51    1.69
   -2.65   -1.35   -0.14    0.57    1.08    1.69    2.36
   -2.82   -1.32   -0.11    0.63    1.65    2.63    3.33
    0.09    0.86    1.47    2.01    3.71    4.59    4.35
    2.98    3.07    3.19    3.61    4.73    5.25    4.89
2020 2029
   -0.68   -1.21   -0.94    0.01   -0.28   -0.62   -0.72
   -1.04   -2.04   -1.94   -0.93   -1.31   -1.36   -0.83
   -1.84   -2.30   -2.17   -1.82   -1.93   -1.64   -0.93
   -3.01   -2.34   -1.86   -2.06   -2.07   -1.92   -1.60
   -3.06   -1.95   -1.32   -1.61   -1.58   -1.63   -1.74
    0.87   -0.56   -0.84   -0.08    0.10    0.40    0.70
    3.15    1.65    1.15    1.27    1.66    1.97    1.96
2030 2039
    1.00    2.50    2.95    2.16    0.64   -0.63   -1.46
    3.09    4.16    3.93    2.59    1.40    0.21   -0.95
    4.27    3.32    2.36    1.88    1.64    1.51    1.22
    5.06    3.79    2.76    2.40    2.48    2.09    1.12
    5.18    4.65    4.25    4.17    4.33    3.28    1.18
    3.79    4.18    5.52    7.52    8.10    7.45    5.60
    2.38    5.20    7.62    9.53    8.61    6.67    4.27
2040 2049
    0.61    1.64    3.28    4.99    3.30    2.10    1.97
    1.23    1.78    2.80    4.06    3.29    2.82    3.01
    0.66    1.30    2.21    3.13    2.35    1.90    2.09
   -2.29    0.09    2.51    4.48    4.50    4.16    3.85
   -5.86   -1.61    2.23    5.12    6.60    7.01    6.63
   -7.34   -3.57   -1.15   -0.01    3.34    6.17    7.77
   -2.36    0.17    2.33    4.39    6.41    7.83    8.43
2050 2059
   -0.20    2.12    3.62    3.89    2.92    2.35    2.36
    1.74    3.39    4.20    4.03    3.18    2.98    3.51
    1.60    2.87    3.38    2.81    1.67    2.27    4.45
   -0.45    1.52    2.94    3.53    4.29    5.45    6.85
   -1.85    0.94    3.44    5.59    8.56    9.95    9.65
    1.63    3.77    5.94    8.19   10.56   11.64   11.05
    4.00    4.25    5.01    6.52    7.70    8.40    8.49
2060 2069
    0.16    0.61    1.50    2.67    2.46    2.02    1.53
    0.66    1.06    1.82    2.67    2.27    2.22    2.59
   -0.90    0.30    1.53    2.06    1.49    1.71    2.77
   -1.06    0.71    2.39    3.34    3.53    3.65    3.81
    0.72    2.16    3.75    5.31    6.78    6.73    5.31
    5.79    4.69    4.69    6.25    8.97    9.13    6.66
    8.49    7.31    8.20   11.06   13.01   12.23    8.95
2070 2079
    0.81    1.53    1.65    1.25    0.97    0.34   -0.54
    1.37    0.39   -0.30   -0.19    0.97    1.18    0.46
   -0.60   -0.62   -0.35    0.15    0.71    1.10    1.41
    0.04    0.38    1.49    3.09    3.79    4.19    4.40
    2.41    2.68    4.33    7.12    8.57    8.73    7.77
    5.52    5.81    7.52   10.46   12.91   12.25    8.92
   14.54   15.50   15.72   15.69   15.97   14.56   11.72
2080 2089
   -0.73   -0.18    0.39    0.77    0.07   -0.63   -1.13
   -0.52   -0.75   -0.57   -0.01    0.05    0.02   -0.15
   -1.24   -0.94   -0.11    0.97    0.80    1.05    1.81
   -1.60   -0.57    0.50    1.30    1.37    1.89    2.87
   -0.55    0.87    1.82    2.17    3.12    4.01    4.55
    4.07    4.69    5.23    6.02    8.81   10.28    9.81
    8.90    8.01    7.85    8.96   11.13   12.56   12.73
2090 2099
    1.42    0.91    0.41    0.23   -0.13   -0.66   -1.27
    1.76    0.17   -0.50    0.04    0.17    0.03   -0.37
    0.80   -0.30   -0.19    0.90    1.05    0.85    0.39
    0.95    1.39    2.50    3.90    4.38    4.26    3.61
    1.69    3.57    5.57    7.39    8.52    8.66    7.78
    2.28    3.74    6.11    9.01   11.18   11.82   10.79
    6.40    7.12    9.50   13.27   15.09   15.38   14.22
