Mean temperature - Model Simulations
NaN indicates insufficient data is available
Refer to Accompanying Documentation
GRIDBOX LONGITUDES
           7
  -11.25   -8.75   -6.25   -3.75   -1.25    1.25    3.75
GRIDBOX LATITUDES
           7
   26.25   23.75   21.25   18.75   16.25   13.75   11.25
MODEL CLIMATOLOGY 1970-1999
  289.35  287.94  287.65  287.71  287.78  287.42  286.15
  290.04  289.54  289.39  289.41  289.44  288.95  287.16
  291.41  290.81  290.73  290.80  290.72  289.90  288.76
  293.39  292.52  292.50  292.73  292.73  291.94  291.22
  296.79  295.96  295.72  295.70  295.89  295.11  294.52
  298.87  298.26  298.00  297.88  297.91  297.73  297.31
  298.23  298.13  298.45  298.81  298.87  298.68  298.28
Mean Anomalies over 10-year time slices
2000 2009
   -0.20   -0.21   -0.15   -0.10   -0.02    0.03    0.02
   -0.31   -0.27   -0.18   -0.10   -0.02    0.01   -0.00
   -0.29   -0.25   -0.15   -0.09   -0.05   -0.04   -0.01
   -0.19   -0.16   -0.09   -0.06   -0.05   -0.03    0.03
   -0.01   -0.02    0.01    0.03    0.06    0.12    0.20
    0.23    0.18    0.19    0.23    0.30    0.38    0.45
    0.34    0.28    0.31    0.40    0.49    0.55    0.56
2010 2019
    0.95    0.90    0.78    0.70    0.68    0.68    0.63
    0.95    0.88    0.82    0.79    0.78    0.77    0.74
    0.89    0.85    0.84    0.83    0.83    0.81    0.77
    0.87    0.83    0.83    0.83    0.82    0.77    0.73
    0.85    0.82    0.82    0.82    0.77    0.71    0.67
    0.80    0.76    0.75    0.75    0.73    0.71    0.69
    0.68    0.59    0.57    0.60    0.65    0.68    0.67
2020 2029
    1.32    1.19    1.02    0.92    0.85    0.77    0.66
    1.23    1.13    1.05    1.00    0.95    0.90    0.82
    1.11    1.05    1.01    0.98    0.96    0.93    0.88
    0.98    0.94    0.94    0.92    0.87    0.83    0.83
    0.90    0.88    0.86    0.83    0.79    0.78    0.80
    0.91    0.89    0.86    0.80    0.80    0.81    0.82
    0.98    0.92    0.89    0.86    0.87    0.90    0.93
2030 2039
    1.14    1.15    1.06    1.02    1.04    1.08    1.09
    1.25    1.20    1.12    1.09    1.10    1.10    1.07
    1.29    1.20    1.11    1.07    1.07    1.04    1.01
    1.28    1.18    1.11    1.05    1.02    0.97    0.96
    1.26    1.17    1.12    1.06    1.00    0.97    0.94
    1.22    1.15    1.10    1.03    0.99    0.96    0.95
    1.20    1.16    1.13    1.09    1.03    0.97    0.93
2040 2049
    1.03    1.07    1.04    1.03    1.07    1.12    1.20
    1.15    1.19    1.17    1.17    1.20    1.25    1.31
    1.22    1.26    1.28    1.29    1.33    1.38    1.44
    1.28    1.31    1.35    1.39    1.45    1.51    1.58
    1.35    1.39    1.43    1.48    1.52    1.58    1.67
    1.43    1.44    1.48    1.51    1.58    1.67    1.75
    1.54    1.55    1.54    1.53    1.59    1.66    1.69
2050 2059
    1.14    1.17    1.11    1.10    1.18    1.31    1.41
    1.30    1.28    1.24    1.27    1.36    1.50    1.62
    1.36    1.30    1.31    1.37    1.50    1.66    1.81
    1.42    1.38    1.42    1.52    1.66    1.79    1.92
    1.54    1.57    1.62    1.68    1.76    1.87    2.01
    1.65    1.71    1.74    1.75    1.80    1.92    2.05
    1.69    1.74    1.78    1.78    1.82    1.88    1.95
2060 2069
    1.44    1.57    1.59    1.62    1.72    1.87    1.93
    1.61    1.68    1.71    1.76    1.86    1.99    2.01
    1.70    1.75    1.77    1.80    1.88    1.95    1.95
    1.76    1.76    1.75    1.76    1.79    1.86    1.90
    1.80    1.79    1.75    1.72    1.76    1.83    1.89
    1.87    1.88    1.85    1.81    1.83    1.86    1.91
    2.03    2.02    2.03    1.99    1.98    1.98    1.99
2070 2079
    1.70    1.75    1.76    1.79    1.84    1.92    1.95
    1.69    1.73    1.77    1.82    1.90    1.97    1.98
    1.65    1.68    1.75    1.83    1.92    1.97    2.01
    1.59    1.62    1.72    1.82    1.89    1.95    1.99
    1.61    1.66    1.77    1.84    1.91    1.96    2.01
    1.68    1.78    1.87    1.91    1.99    2.07    2.12
    1.80    1.88    1.94    2.03    2.11    2.16    2.15
2080 2089
    2.15    2.09    1.98    1.97    2.05    2.13    2.08
    2.31    2.21    2.18    2.22    2.27    2.30    2.25
    2.35    2.27    2.27    2.29    2.30    2.30    2.27
    2.32    2.24    2.24    2.25    2.24    2.24    2.23
    2.28    2.23    2.21    2.22    2.24    2.23    2.23
    2.25    2.25    2.24    2.22    2.25    2.25    2.24
    2.21    2.30    2.30    2.30    2.33    2.28    2.23
2090 2099
    2.45    2.42    2.28    2.17    2.10    2.04    1.93
    2.64    2.53    2.42    2.32    2.24    2.17    2.06
    2.67    2.57    2.48    2.37    2.27    2.18    2.08
    2.59    2.48    2.40    2.28    2.17    2.08    2.00
    2.47    2.39    2.29    2.17    2.07    1.98    1.93
    2.30    2.28    2.19    2.09    2.02    1.96    1.94
    2.17    2.17    2.15    2.16    2.14    2.09    2.00
