Mean temperature - Model Simulations
NaN indicates insufficient data is available
Refer to Accompanying Documentation
GRIDBOX LONGITUDES
           7
  -11.25   -8.75   -6.25   -3.75   -1.25    1.25    3.75
GRIDBOX LATITUDES
           7
   26.25   23.75   21.25   18.75   16.25   13.75   11.25
MODEL CLIMATOLOGY 1970-1999
  296.66  296.98  296.52  296.37  296.54  296.69  295.25
  298.21  298.35  298.27  298.04  298.03  297.68  295.98
  298.71  298.66  298.76  298.62  298.38  297.83  296.89
  299.33  298.88  298.82  298.59  298.43  297.86  297.55
  299.67  299.05  298.85  298.53  298.59  298.12  297.76
  299.20  298.81  298.91  298.39  298.48  298.21  297.98
  298.33  298.48  298.71  298.65  298.56  298.31  298.26
Mean Anomalies over 10-year time slices
2000 2009
    0.71    0.93    0.98    0.97    0.98    0.96    0.96
    0.89    0.97    1.01    0.97    0.91    0.91    0.99
    1.02    1.11    1.00    0.83    0.75    0.78    0.81
    1.03    1.13    0.93    0.74    0.69    0.66    0.66
    0.87    0.92    0.76    0.59    0.55    0.57    0.59
    0.77    0.75    0.65    0.55    0.56    0.63    0.66
    0.57    0.57    0.57    0.56    0.60    0.60    0.61
2010 2019
    1.52    1.75    1.78    1.74    1.76    1.76    1.73
    1.64    1.71    1.72    1.65    1.54    1.46    1.55
    1.61    1.71    1.59    1.38    1.22    1.15    1.19
    1.55    1.64    1.35    1.20    1.16    1.11    1.05
    1.47    1.45    1.24    1.14    1.06    1.01    0.97
    1.28    1.25    1.14    0.99    0.89    0.89    0.87
    0.84    0.97    0.98    0.91    0.94    0.89    0.88
2020 2029
    1.48    1.51    1.53    1.52    1.49    1.40    1.29
    1.51    1.50    1.49    1.37    1.23    1.12    1.12
    1.40    1.39    1.26    1.07    0.89    0.84    0.89
    1.27    1.25    1.06    0.94    0.84    0.81    0.79
    1.29    1.27    1.09    1.00    0.93    0.89    0.83
    1.04    1.05    1.05    1.01    0.97    0.95    0.95
    0.75    0.79    0.89    0.91    0.86    0.86    0.90
2030 2039
    1.55    1.65    1.65    1.61    1.59    1.53    1.43
    1.62    1.63    1.64    1.58    1.51    1.43    1.39
    1.45    1.48    1.35    1.23    1.14    1.14    1.21
    1.27    1.33    1.17    1.09    1.03    1.00    1.01
    1.08    1.22    1.17    1.07    1.05    1.03    1.03
    1.02    1.05    1.06    0.99    0.97    0.99    1.04
    0.92    0.93    0.93    0.92    0.93    0.96    1.00
2040 2049
    1.66    1.97    2.04    2.03    2.02    1.97    2.04
    1.88    1.94    1.84    1.72    1.61    1.63    1.85
    1.90    1.83    1.52    1.28    1.21    1.21    1.32
    1.81    1.77    1.43    1.25    1.18    1.11    1.05
    1.72    1.80    1.54    1.30    1.18    1.15    1.14
    1.60    1.67    1.45    1.20    1.14    1.17    1.17
    1.32    1.31    1.26    1.20    1.17    1.18    1.23
2050 2059
    1.85    2.03    2.07    2.05    2.01    1.90    1.93
    1.97    1.96    1.87    1.68    1.50    1.46    1.64
    1.76    1.69    1.47    1.14    0.93    0.96    1.19
    1.69    1.58    1.22    0.87    0.75    0.76    0.86
    1.82    1.65    1.27    1.02    1.02    1.06    1.04
    1.60    1.53    1.34    1.25    1.31    1.34    1.34
    1.27    1.31    1.35    1.35    1.34    1.29    1.29
2060 2069
    2.08    2.32    2.35    2.34    2.30    2.20    2.30
    2.18    2.18    2.16    2.09    1.91    1.88    2.14
    1.98    1.90    1.82    1.66    1.52    1.53    1.75
    1.87    1.67    1.52    1.44    1.41    1.38    1.43
    2.03    1.83    1.59    1.45    1.43    1.39    1.41
    1.86    1.71    1.57    1.43    1.37    1.39    1.45
    1.52    1.45    1.42    1.34    1.30    1.35    1.36
2070 2079
    2.19    2.42    2.46    2.45    2.45    2.43    2.36
    2.30    2.38    2.35    2.25    2.11    2.11    2.24
    2.19    2.14    1.91    1.70    1.62    1.67    1.85
    1.97    1.87    1.61    1.53    1.55    1.58    1.61
    2.08    1.93    1.68    1.55    1.57    1.61    1.59
    1.99    1.89    1.76    1.58    1.54    1.58    1.61
    1.61    1.73    1.65    1.57    1.57    1.59    1.62
2080 2089
    2.10    2.18    2.17    2.18    2.19    2.26    2.30
    2.21    2.16    2.15    2.11    2.08    2.14    2.29
    2.14    2.00    1.91    1.82    1.77    1.87    2.08
    1.99    1.87    1.82    1.75    1.74    1.78    1.85
    2.04    1.92    1.84    1.81    1.87    1.84    1.84
    1.94    1.91    1.85    1.77    1.76    1.78    1.83
    1.66    1.70    1.74    1.68    1.66    1.67    1.69
2090 2099
    2.15    2.28    2.25    2.22    2.20    2.16    2.28
    2.23    2.21    2.11    2.00    1.87    1.89    2.15
    2.18    2.07    1.84    1.66    1.56    1.54    1.72
    2.24    2.09    1.87    1.75    1.66    1.57    1.55
    2.34    2.27    2.03    1.85    1.78    1.74    1.73
    2.13    2.01    1.93    1.84    1.79    1.75    1.77
    1.66    1.77    1.78    1.74    1.69    1.67    1.70
