Mean temperature - Model Simulations
NaN indicates insufficient data is available
Refer to Accompanying Documentation
GRIDBOX LONGITUDES
           7
  -11.25   -8.75   -6.25   -3.75   -1.25    1.25    3.75
GRIDBOX LATITUDES
           7
   26.25   23.75   21.25   18.75   16.25   13.75   11.25
MODEL CLIMATOLOGY 1970-1999
  302.39  306.71  308.16  308.09  308.48  309.06  306.97
  306.58  308.54  309.76  309.69  309.53  309.16  306.16
  307.83  308.60  309.39  309.54  309.15  308.05  306.40
  306.66  307.11  307.36  307.78  307.92  307.07  306.90
  305.36  305.53  305.68  306.14  306.32  305.90  305.72
  301.73  301.98  302.24  302.42  302.83  303.18  303.25
  297.64  298.38  299.59  300.07  300.48  300.34  300.25
Mean Anomalies over 10-year time slices
2000 2009
    0.25    0.29    0.24    0.25    0.27    0.21    0.12
    0.31    0.34    0.34    0.34    0.31    0.20    0.11
    0.32    0.42    0.49    0.49    0.39    0.23    0.09
    0.17    0.37    0.52    0.51    0.44    0.27    0.12
    0.23    0.40    0.45    0.38    0.32    0.21    0.09
    0.36    0.35    0.21    0.11    0.06   -0.03   -0.10
    0.08    0.02   -0.05   -0.04   -0.06   -0.15   -0.20
2010 2019
    0.32    0.34    0.50    0.70    0.83    0.91    0.95
    0.35    0.39    0.51    0.69    0.84    0.84    0.81
    0.38    0.46    0.52    0.61    0.74    0.76    0.71
    0.25    0.34    0.40    0.50    0.58    0.56    0.52
    0.43    0.46    0.42    0.40    0.39    0.36    0.31
    0.66    0.51    0.31    0.23    0.22    0.21    0.13
    0.38    0.29    0.21    0.20    0.21    0.16    0.08
2020 2029
    0.76    0.71    0.73    0.84    0.83    0.76    0.71
    0.69    0.62    0.68    0.71    0.70    0.68    0.69
    0.69    0.74    0.75    0.68    0.64    0.64    0.63
    0.64    0.77    0.84    0.78    0.71    0.67    0.60
    0.68    0.79    0.87    0.81    0.76    0.70    0.67
    0.86    0.85    0.79    0.74    0.77    0.75    0.71
    0.63    0.61    0.58    0.64    0.70    0.63    0.61
2030 2039
    1.48    1.60    1.49    1.37    1.36    1.33    1.26
    1.48    1.46    1.37    1.33    1.34    1.30    1.26
    1.33    1.35    1.33    1.29    1.27    1.25    1.23
    1.09    1.21    1.32    1.23    1.14    1.09    1.09
    0.89    1.01    1.10    1.01    0.97    0.96    0.92
    0.89    0.88    0.81    0.74    0.74    0.72    0.68
    0.61    0.60    0.54    0.55    0.54    0.47    0.42
2040 2049
    1.60    1.73    1.63    1.53    1.52    1.45    1.43
    1.71    1.70    1.66    1.71    1.70    1.60    1.62
    1.75    1.77    1.81    1.86    1.82    1.70    1.69
    1.52    1.67    1.83    1.88    1.87    1.80    1.81
    1.48    1.67    1.74    1.69    1.70    1.68    1.73
    1.62    1.68    1.55    1.47    1.43    1.35    1.39
    1.33    1.39    1.32    1.29    1.24    1.12    1.14
2050 2059
    1.22    1.56    1.80    1.91    1.92    1.89    1.90
    1.52    1.71    1.95    2.07    2.09    2.07    2.06
    1.86    2.05    2.25    2.34    2.33    2.27    2.20
    1.95    2.24    2.50    2.54    2.49    2.38    2.32
    2.16    2.39    2.48    2.41    2.39    2.31    2.28
    2.27    2.29    2.17    2.09    2.09    2.04    2.03
    1.78    1.78    1.74    1.71    1.69    1.67    1.68
2060 2069
    2.14    2.56    2.76    2.76    2.73    2.64    2.56
    2.40    2.60    2.78    2.80    2.79    2.73    2.70
    2.57    2.67    2.84    2.87    2.85    2.77    2.67
    2.42    2.66    2.91    2.93    2.90    2.76    2.62
    2.58    2.92    3.03    2.88    2.81    2.67    2.57
    2.87    3.01    2.89    2.65    2.51    2.39    2.34
    2.24    2.30    2.24    2.11    2.06    1.98    1.97
2070 2079
    2.22    2.76    2.98    3.01    2.94    2.82    2.76
    2.51    2.74    2.90    3.01    3.02    2.98    3.02
    2.79    2.94    3.07    3.11    3.13    3.14    3.15
    2.82    3.16    3.34    3.32    3.38    3.34    3.25
    3.12    3.49    3.58    3.46    3.46    3.38    3.36
    3.34    3.51    3.40    3.16    3.08    3.00    3.01
    2.62    2.71    2.63    2.55    2.53    2.43    2.44
2080 2089
    2.26    3.06    3.68    3.85    3.90    3.84    3.72
    2.83    3.37    3.80    3.94    3.93    3.82    3.71
    3.35    3.70    3.94    3.99    3.95    3.83    3.71
    3.28    3.76    4.00    3.95    3.86    3.72    3.63
    3.44    3.90    3.91    3.67    3.53    3.42    3.36
    3.43    3.48    3.27    3.02    2.94    2.86    2.81
    2.57    2.61    2.54    2.45    2.44    2.34    2.28
2090 2099
    3.35    3.88    3.83    3.67    3.63    3.53    3.38
    3.45    3.61    3.62    3.64    3.66    3.61    3.59
    3.28    3.49    3.56    3.59    3.63    3.64    3.70
    2.97    3.26    3.44    3.48    3.50    3.51    3.61
    3.03    3.22    3.28    3.20    3.18    3.18    3.28
    3.15    3.14    3.01    2.83    2.77    2.76    2.80
    2.60    2.61    2.51    2.43    2.39    2.36    2.37
