Mean temperature - Model Simulations
NaN indicates insufficient data is available
Refer to Accompanying Documentation
GRIDBOX LONGITUDES
           7
  -11.25   -8.75   -6.25   -3.75   -1.25    1.25    3.75
GRIDBOX LATITUDES
           7
   26.25   23.75   21.25   18.75   16.25   13.75   11.25
MODEL CLIMATOLOGY 1970-1999
  298.79  299.09  299.66  300.88  301.55  300.54  298.65
  300.50  300.49  301.08  302.05  302.44  302.13  300.12
  302.54  302.13  302.40  302.91  303.21  303.40  302.07
  304.94  304.00  304.15  304.43  304.37  303.68  302.73
  306.44  305.83  305.39  304.73  304.63  304.23  304.17
  304.94  304.80  304.84  304.18  304.09  303.97  304.18
  302.36  302.19  302.95  303.09  303.09  302.92  302.57
Mean Anomalies over 10-year time slices
2000 2009
    0.49    0.60    0.55    0.47    0.40    0.27    0.14
    0.61    0.64    0.59    0.50    0.39    0.24    0.14
    0.58    0.52    0.47    0.41    0.32    0.22    0.16
    0.47    0.42    0.33    0.25    0.19    0.16    0.14
    0.26    0.27    0.27    0.25    0.19    0.15    0.14
    0.18    0.21    0.26    0.29    0.25    0.20    0.20
    0.32    0.33    0.28    0.28    0.31    0.29    0.28
2010 2019
    0.36    0.57    0.69    0.75    0.80    0.79    0.79
    0.56    0.73    0.79    0.83    0.84    0.78    0.79
    0.68    0.76    0.81    0.85    0.85    0.78    0.79
    0.76    0.80    0.82    0.86    0.89    0.87    0.90
    0.71    0.80    0.89    0.97    1.03    1.03    1.01
    0.65    0.78    0.90    1.02    1.05    1.04    1.03
    0.73    0.85    0.90    0.96    0.98    0.99    0.98
2020 2029
    1.12    1.28    1.24    1.19    1.19    1.14    1.09
    1.23    1.26    1.21    1.19    1.17    1.11    1.09
    1.23    1.20    1.23    1.23    1.20    1.15    1.16
    1.24    1.29    1.37    1.33    1.31    1.28    1.30
    1.16    1.27    1.42    1.49    1.52    1.50    1.45
    1.13    1.24    1.43    1.57    1.59    1.52    1.47
    1.11    1.23    1.33    1.41    1.40    1.36    1.34
2030 2039
    0.99    1.26    1.33    1.33    1.30    1.25    1.23
    1.27    1.42    1.42    1.38    1.34    1.31    1.36
    1.49    1.53    1.57    1.53    1.49    1.47    1.52
    1.60    1.67    1.75    1.69    1.65    1.63    1.66
    1.62    1.71    1.80    1.79    1.78    1.75    1.75
    1.57    1.63    1.71    1.75    1.75    1.72    1.75
    1.42    1.50    1.53    1.55    1.55    1.56    1.56
2040 2049
    1.27    1.50    1.54    1.53    1.54    1.51    1.51
    1.57    1.64    1.63    1.62    1.64    1.63    1.66
    1.77    1.73    1.76    1.76    1.73    1.70    1.75
    1.86    1.84    1.90    1.87    1.80    1.75    1.82
    1.87    1.89    1.97    2.00    1.97    1.89    1.87
    1.82    1.89    1.97    2.01    1.96    1.87    1.85
    1.66    1.77    1.81    1.79    1.74    1.72    1.74
2050 2059
    1.66    1.95    2.05    2.12    2.17    2.12    2.07
    2.02    2.21    2.25    2.24    2.24    2.15    2.06
    2.26    2.29    2.35    2.31    2.27    2.16    2.09
    2.29    2.33    2.37    2.30    2.22    2.12    2.11
    2.26    2.29    2.31    2.29    2.28    2.18    2.08
    2.17    2.23    2.22    2.24    2.24    2.16    2.11
    1.96    2.08    2.05    2.04    2.03    2.03    2.04
2060 2069
    1.58    1.98    2.18    2.27    2.37    2.39    2.41
    2.04    2.31    2.39    2.40    2.50    2.52    2.53
    2.40    2.49    2.62    2.65    2.67    2.63    2.60
    2.65    2.73    2.82    2.79    2.74    2.64    2.57
    2.71    2.81    2.88    2.87    2.80    2.69    2.54
    2.52    2.62    2.74    2.80    2.78    2.67    2.59
    2.26    2.35    2.40    2.47    2.48    2.44    2.43
2070 2079
    2.01    2.41    2.51    2.54    2.62    2.62    2.65
    2.39    2.66    2.69    2.67    2.70    2.68    2.71
    2.74    2.80    2.89    2.88    2.88    2.83    2.85
    3.02    3.08    3.14    3.04    2.99    2.92    2.90
    3.09    3.20    3.28    3.18    3.13    3.06    2.96
    2.96    3.09    3.18    3.12    3.07    3.01    2.97
    2.63    2.77    2.79    2.75    2.72    2.69    2.68
2080 2089
    1.67    2.12    2.30    2.38    2.47    2.46    2.48
    2.14    2.46    2.54    2.55    2.61    2.59    2.67
    2.57    2.69    2.82    2.83    2.84    2.82    2.94
    2.86    2.98    3.08    3.03    3.04    3.05    3.14
    3.05    3.17    3.26    3.21    3.20    3.18    3.16
    2.95    3.04    3.16    3.13    3.05    3.01    3.08
    2.55    2.64    2.70    2.69    2.64    2.66    2.74
2090 2099
    2.03    2.43    2.52    2.51    2.59    2.59    2.59
    2.41    2.65    2.71    2.70    2.76    2.75    2.79
    2.79    2.86    2.98    3.01    3.03    3.00    3.03
    3.12    3.23    3.35    3.32    3.29    3.22    3.19
    3.34    3.51    3.62    3.57    3.55    3.44    3.28
    3.28    3.46    3.60    3.58    3.52    3.38    3.31
    2.88    3.07    3.20    3.23    3.16    3.06    3.07
