Mean temperature - Model Simulations
NaN indicates insufficient data is available
Refer to Accompanying Documentation
GRIDBOX LONGITUDES
           7
  -11.25   -8.75   -6.25   -3.75   -1.25    1.25    3.75
GRIDBOX LATITUDES
           7
   26.25   23.75   21.25   18.75   16.25   13.75   11.25
MODEL CLIMATOLOGY 1970-1999
  289.54  288.15  288.00  288.31  288.34  288.14  286.96
  290.30  290.20  290.06  290.07  290.20  290.00  288.16
  291.78  291.79  291.82  291.81  291.72  290.93  289.51
  294.07  293.54  293.66  293.91  294.01  293.48  291.79
  297.47  296.78  296.51  296.51  296.71  295.94  295.16
  299.13  298.80  298.66  298.58  298.59  298.51  298.13
  298.77  298.57  298.83  299.38  299.55  299.55  299.24
Mean Anomalies over 10-year time slices
2000 2009
    0.79    0.80    0.77    0.70    0.63    0.54    0.48
    0.94    0.91    0.81    0.71    0.58    0.48    0.40
    1.02    0.96    0.84    0.72    0.60    0.51    0.45
    1.05    0.94    0.81    0.70    0.62    0.54    0.50
    1.02    0.91    0.77    0.67    0.58    0.51    0.48
    0.78    0.75    0.69    0.63    0.56    0.51    0.49
    0.51    0.59    0.60    0.56    0.51    0.41    0.35
2010 2019
    1.13    1.09    1.10    1.12    1.15    1.20    1.27
    1.17    1.16    1.17    1.19    1.21    1.24    1.29
    1.16    1.18    1.22    1.27    1.28    1.29    1.35
    1.20    1.23    1.27    1.29    1.30    1.31    1.37
    1.18    1.21    1.24    1.24    1.24    1.28    1.31
    1.04    1.11    1.18    1.17    1.15    1.19    1.20
    0.89    0.96    1.04    1.00    1.04    1.09    1.11
2020 2029
    1.04    0.91    0.81    0.75    0.75    0.74    0.69
    0.98    0.91    0.82    0.76    0.74    0.68    0.61
    0.88    0.81    0.75    0.71    0.68    0.64    0.63
    0.78    0.72    0.71    0.71    0.73    0.75    0.75
    0.78    0.75    0.79    0.83    0.87    0.89    0.90
    0.86    0.95    1.00    1.04    1.07    1.11    1.09
    0.95    1.01    1.05    1.11    1.15    1.17    1.13
2030 2039
    1.38    1.22    1.06    0.97    0.94    0.92    0.89
    1.32    1.23    1.14    1.12    1.10    1.06    1.00
    1.30    1.29    1.29    1.29    1.26    1.20    1.12
    1.34    1.36    1.39    1.39    1.36    1.26    1.16
    1.37    1.42    1.45    1.44    1.37    1.26    1.18
    1.40    1.46    1.52    1.49    1.44    1.35    1.26
    1.33    1.40    1.47    1.49    1.51    1.43    1.34
2040 2049
    1.02    1.06    1.07    1.11    1.15    1.18    1.22
    1.15    1.17    1.19    1.19    1.16    1.11    1.11
    1.24    1.21    1.20    1.17    1.09    1.06    1.10
    1.29    1.23    1.18    1.15    1.12    1.15    1.21
    1.34    1.27    1.22    1.19    1.20    1.23    1.27
    1.41    1.35    1.33    1.30    1.33    1.33    1.35
    1.43    1.38    1.38    1.38    1.45    1.45    1.45
2050 2059
    1.38    1.57    1.68    1.78    1.89    1.97    2.05
    1.58    1.72    1.77    1.86    1.94    1.99    2.02
    1.76    1.82    1.87    1.97    2.06    2.07    2.05
    1.86    1.89    1.94    2.02    2.11    2.10    2.09
    1.89    1.95    2.02    2.06    2.08    2.10    2.09
    1.90    1.97    2.01    2.04    2.05    2.09    2.12
    1.82    1.90    1.91    1.91    1.99    2.05    2.05
2060 2069
    1.09    0.98    0.88    0.84    0.87    0.89    0.88
    1.08    1.06    1.04    1.03    1.06    1.11    1.10
    1.10    1.13    1.12    1.12    1.17    1.21    1.18
    1.12    1.17    1.21    1.24    1.30    1.31    1.29
    1.22    1.28    1.34    1.41    1.47    1.49    1.48
    1.50    1.57    1.65    1.71    1.76    1.80    1.79
    1.84    1.87    1.85    1.90    1.93    1.97    1.95
2070 2079
    1.72    1.74    1.72    1.69    1.68    1.63    1.59
    1.83    1.81    1.77    1.73    1.69    1.62    1.56
    1.89    1.83    1.79    1.74    1.72    1.67    1.63
    1.90    1.87    1.84    1.82    1.83    1.80    1.79
    1.94    1.94    1.93    1.94    1.94    1.94    1.94
    1.96    1.99    2.05    2.10    2.07    2.04    2.09
    1.90    1.97    2.05    2.05    2.02    2.00    1.97
2080 2089
    1.74    1.75    1.73    1.73    1.73    1.75    1.76
    1.72    1.74    1.78    1.80    1.83    1.84    1.83
    1.73    1.78    1.84    1.88    1.88    1.88    1.85
    1.77    1.84    1.89    1.92    1.94    1.92    1.89
    1.89    1.94    1.97    2.05    2.07    2.03    2.01
    2.10    2.24    2.26    2.31    2.29    2.26    2.22
    2.19    2.33    2.41    2.47    2.43    2.40    2.35
2090 2099
    1.81    1.67    1.50    1.39    1.35    1.31    1.27
    1.80    1.67    1.54    1.46    1.40    1.37    1.39
    1.71    1.60    1.54    1.50    1.46    1.47    1.52
    1.61    1.59    1.60    1.59    1.60    1.65    1.68
    1.76    1.78    1.79    1.78    1.80    1.82    1.84
    2.06    2.11    2.13    2.12    2.11    2.12    2.11
    2.16    2.29    2.34    2.27    2.27    2.28    2.26
