Mean monthly rainfall - Model Simulations
NaN indicates insufficient data is available
Refer to Accompanying Documentation
GRIDBOX LONGITUDES
           4
  -16.25  -13.75  -11.25   -8.75
GRIDBOX LATITUDES
           4
   13.75   11.25    8.75    6.25
MODEL CLIMATOLOGY 1970-1999 (mm)
   59.60   53.30   40.32   29.26
  118.43  106.88   73.70   51.42
  175.35  157.23  121.57   91.33
  203.97  190.73  166.09  147.21
Mean Anomalies over 10-year time slices (mm)
2000 2009
    1.37    2.71    0.99    2.26
    3.33    4.46    5.94    2.19
   -2.12   -2.06   -1.29    5.53
   -0.11    2.32   -7.07   -9.14
2010 2019
    0.28    4.56    1.25   -0.54
    6.35    6.38    6.68    5.52
    1.02   -0.18   -2.70    2.20
   -2.43   -2.27  -13.52  -11.57
2020 2029
   -2.45    1.45   -2.63   -5.48
    6.34    1.92    0.26   -2.10
  -14.27  -18.57   -7.08    0.67
   -4.84  -10.07  -15.94  -11.86
2030 2039
    5.64    8.53    5.26    3.51
    6.11    1.73    5.70    8.37
   -0.76   -7.25   -0.14    6.38
    8.43    8.15   -5.59   -4.95
2040 2049
    6.82    7.37    2.79    3.12
   29.81   20.83   11.11    8.01
   16.97    9.78    7.44   11.39
  -11.28   -0.95   -2.16   -3.15
2050 2059
   11.32   11.79    5.78    0.01
   24.69   15.82   13.36   12.17
    5.17    6.85    7.68   10.44
   -0.93    2.18    5.98    4.61
2060 2069
   10.90    9.34    6.00    3.39
   29.81   19.43   14.87    8.70
   15.11   10.43    9.00   11.57
   -6.45    5.50   12.30    5.77
2070 2079
   16.31   14.48   10.84    3.32
   32.77   21.23   21.06   13.84
    8.20    4.93   13.50   16.79
  -12.81   -6.71   -2.33    5.62
2080 2089
   12.91    8.34    3.69    1.96
   24.92   17.22   15.77    4.68
   13.83   13.59   17.25   15.23
    5.29   19.32   20.17   13.05
2090 2099
   15.36   10.70    8.21    7.35
   31.19   19.74   15.77   10.42
   26.70   23.58   18.08   13.21
    6.94   16.40   16.78   11.62
