Frequency of Hot Days - Model Simulations
NaN indicates insufficient data is available
Refer to Accompanying Documentation
GRIDBOX LONGITUDES
           6
   11.25   13.75   16.25   18.75   21.25   23.75
GRIDBOX LATITUDES
           7
   -3.75   -6.25   -8.75  -11.25  -13.75  -16.25  -18.75
Timeseries (% days occurring)
2060s
   74.69   48.94   37.27   33.67   32.51   32.50
   70.33   47.66   35.37   31.55   29.66   28.84
   61.10   46.83   33.83   29.34   27.48   26.53
   53.03   40.49   30.23   27.05   26.03   25.80
   48.57   32.97   27.32   25.70   25.94   26.86
   46.25   29.69   27.07   26.15   26.63   27.38
   45.58   31.67   27.50   26.54   26.06   25.47
2090s
   96.53   78.07   69.90   65.42   61.22   59.27
   96.65   79.06   65.77   57.22   51.97   49.31
   93.45   80.56   59.53   48.72   44.74   42.92
   86.89   72.37   51.31   42.13   40.14   39.69
   81.24   59.22   44.87   39.19   39.55   40.51
   78.48   52.87   44.21   40.70   41.58   42.63
   78.52   60.52   49.40   44.06   42.94   43.15
