Maximum 1-day rainfall - Model Simulations
NaN indicates insufficient data is available
Refer to Accompanying Documentation
GRIDBOX LONGITUDES
           6
   11.25   13.75   16.25   18.75   21.25   23.75
GRIDBOX LATITUDES
           7
   -3.75   -6.25   -8.75  -11.25  -13.75  -16.25  -18.75
Timeseries in anomalies relative to 1970-1999 mean (mm)
2060s
   -2.27    0.94    0.95    1.00    3.13    5.55
   -0.69    0.67    0.77    1.58    2.62    3.43
    0.10    1.51    2.15    4.03    5.02    4.51
   -0.30    4.05    4.73    5.82    5.41    3.90
    1.07    5.17    4.97    3.69    2.25    1.58
    2.99    3.42    2.60   -0.13   -1.65   -1.01
    1.83    1.58    1.12   -1.59   -3.67   -3.41
2090s
   -2.58    1.73    3.77    6.69    6.70    7.57
   -6.41   -2.45    1.43    5.46    6.30    5.44
   -6.30   -4.14    1.52    4.62    4.13    3.25
   -3.93   -2.49    0.99    2.38    1.70    1.78
   -1.55   -0.63    0.45   -0.06   -0.06    1.10
   -0.26   -1.55   -0.56   -1.88   -2.03   -0.41
   -0.75   -3.58   -3.70   -4.50   -5.17   -4.16
