Maximum 1-day rainfall - Model Simulations
NaN indicates insufficient data is available
Refer to Accompanying Documentation
GRIDBOX LONGITUDES
           6
   11.25   13.75   16.25   18.75   21.25   23.75
GRIDBOX LATITUDES
           7
   -3.75   -6.25   -8.75  -11.25  -13.75  -16.25  -18.75
Timeseries in anomalies relative to 1970-1999 mean (mm)
2060s
    1.14    0.98    1.14    1.61    1.27    0.11
    0.50   -0.44   -0.69   -0.25   -0.47   -1.35
   -0.24   -1.83   -2.43   -2.06   -2.06   -2.43
   -1.03   -2.67   -3.35   -3.07   -2.66   -2.13
   -0.83   -2.08   -2.65   -2.54   -2.34   -2.06
   -0.25   -0.94   -1.32   -1.37   -1.60   -1.98
   -0.05   -0.33   -0.54   -0.67   -0.94   -1.36
2090s
   -1.05   -1.13   -0.77    0.04    0.83    1.60
   -0.54   -1.84   -2.30   -1.93   -1.27   -0.32
   -0.03   -2.08   -3.11   -3.14   -2.70   -1.79
   -0.42   -1.81   -2.56   -2.67   -2.37   -1.66
   -0.53   -1.67   -2.08   -1.76   -1.68   -1.85
   -0.48   -1.51   -1.66   -0.92   -1.07   -2.12
   -0.37   -0.95   -1.22   -1.17   -1.43   -2.00
