Frequency of Hot Nights - Model Simulations
NaN indicates insufficient data is available
Refer to Accompanying Documentation
GRIDBOX LONGITUDES
           6
   11.25   13.75   16.25   18.75   21.25   23.75
GRIDBOX LATITUDES
           7
   -3.75   -6.25   -8.75  -11.25  -13.75  -16.25  -18.75
Timeseries (% days occurring)
2060s
   52.55   67.79   73.89   79.91   73.71   64.21
   38.59   58.07   67.39   62.91   54.37   50.25
   33.74   46.69   52.98   42.22   40.18   42.41
   34.38   44.05   42.29   29.80   35.67   41.16
   37.85   46.84   39.76   32.09   36.84   38.82
   38.17   42.56   36.73   34.86   35.13   33.05
   34.72   34.72   33.00   33.25   30.96   29.46
2090s
   84.92   94.67   97.77   98.07   95.49   92.59
   62.42   90.39   95.57   90.58   84.83   83.31
   51.18   84.17   86.30   73.21   72.65   78.74
   56.74   82.87   71.98   63.29   73.06   78.73
   66.34   80.66   71.27   67.64   72.36   72.32
   66.85   73.76   72.13   68.89   67.73   63.47
   55.90   57.43   60.62   63.43   60.88   55.91
