Maximum 5-day rainfall - Model Simulations
NaN indicates insufficient data is available
Refer to Accompanying Documentation
GRIDBOX LONGITUDES
           6
   11.25   13.75   16.25   18.75   21.25   23.75
GRIDBOX LATITUDES
           7
   -3.75   -6.25   -8.75  -11.25  -13.75  -16.25  -18.75
Timeseries in anomalies relative to 1970-1999 mean (mm)
2060s
    2.93   -0.57   -0.67   -2.93    1.56   10.20
    2.11   -0.45    2.05    3.61    5.15    5.55
    3.13    8.27    8.22    4.70    2.35    1.17
    2.79    6.87    4.90    0.93   -0.42    0.31
    0.44    0.18   -0.78   -0.79   -0.37    0.14
   -1.25   -0.98   -0.74   -0.42   -0.19    0.20
   -1.45   -1.51   -0.61   -1.05   -1.19   -0.18
2090s
   10.59    6.81    7.43   14.45   18.66   12.81
   15.62    6.02    5.47    8.10    6.54   -0.43
   18.66   10.49    5.13    0.25   -1.89   -3.55
   23.44   15.21    5.64   -1.76   -3.07   -2.11
   22.25   12.97    4.22   -0.64   -2.02   -1.78
   13.20    7.28    2.11   -0.20   -1.31   -1.72
    6.52    5.45    2.31    0.05   -1.27   -1.91
