Maximum 1-day rainfall - Model Simulations
NaN indicates insufficient data is available
Refer to Accompanying Documentation
GRIDBOX LONGITUDES
           6
   11.25   13.75   16.25   18.75   21.25   23.75
GRIDBOX LATITUDES
           7
   -3.75   -6.25   -8.75  -11.25  -13.75  -16.25  -18.75
Timeseries in anomalies relative to 1970-1999 mean (mm)
2060s
   -0.25   -0.36    0.37    1.48    1.86    1.55
    0.33    0.19    0.82    0.77    1.18    1.49
    0.80    1.12    1.33    0.78    1.51    2.24
    0.35    0.51    0.25    0.37    1.40    1.35
   -0.37   -0.81   -0.83    0.13    0.89   -0.14
   -0.46   -0.78   -0.13    0.74    0.82    0.10
   -0.06    0.36    0.84    0.46    0.41    0.93
2090s
    1.38    1.56    0.95    1.11    1.23    1.02
   -0.29   -0.38    0.69    1.60    2.42    2.41
   -0.25   -0.42    0.18    0.77    1.38    2.03
    0.03   -0.27   -0.47    0.86    1.07    1.47
   -0.31   -0.72   -0.38    1.27    1.34    1.16
   -0.31   -0.51    0.18    0.54    0.31    0.14
    0.28    0.22   -0.50   -0.24   -0.65   -0.71
