Maximum 1-day rainfall - Model Simulations
NaN indicates insufficient data is available
Refer to Accompanying Documentation
GRIDBOX LONGITUDES
           6
   11.25   13.75   16.25   18.75   21.25   23.75
GRIDBOX LATITUDES
           7
   -3.75   -6.25   -8.75  -11.25  -13.75  -16.25  -18.75
Timeseries in anomalies relative to 1970-1999 mean (mm)
2060s
    2.36    1.36    1.44    2.60    2.74    1.84
   -0.09   -0.14    0.50    1.84    2.27    1.79
   -1.81   -1.08   -0.10    1.13    1.56    1.20
   -0.07   -0.12    0.20    0.91    0.80   -0.12
    0.23   -0.26   -0.59   -0.75   -1.30   -2.22
   -0.18   -0.88   -1.74   -2.75   -3.53   -4.08
   -0.39   -1.17   -2.10   -3.17   -3.61   -3.41
2090s
    1.13    1.64    2.22    2.86    2.92    2.39
    0.21    0.15    1.05    2.90    3.41    2.59
   -0.76   -1.32   -0.16    2.73    3.80    3.04
   -1.07   -2.07   -1.03    2.05    3.74    4.03
   -0.59   -1.40   -0.84    1.07    2.39    3.11
    0.04   -0.36   -0.37    0.01    0.63    1.49
   -0.25   -0.63   -0.82   -0.81   -0.26    0.84
