Maximum 5-day rainfall - Model Simulations
NaN indicates insufficient data is available
Refer to Accompanying Documentation
GRIDBOX LONGITUDES
           6
   11.25   13.75   16.25   18.75   21.25   23.75
GRIDBOX LATITUDES
           7
   -3.75   -6.25   -8.75  -11.25  -13.75  -16.25  -18.75
Timeseries in anomalies relative to 1970-1999 mean (mm)
2060s
   10.58    9.00    6.37    4.42    4.25    4.55
    4.78    1.30    2.80    5.23    4.22    4.71
   -2.72   -3.39   -1.16    2.10   -0.96    0.78
   -2.36   -5.31   -2.21    1.27   -2.96   -2.03
   -1.35   -5.26   -0.44    2.03   -1.13   -3.97
   -2.67   -5.34   -0.70    1.00   -1.50   -2.31
   -0.07   -2.64   -1.11    2.97    1.04   -0.77
2090s
   14.20   10.44    9.17    6.96    9.23    8.37
    6.67    3.55    8.88   10.12   11.72   10.40
    2.99    3.69    7.21    8.03    8.09    7.65
    2.69    6.34    3.19   -0.07   -0.53    4.24
   -1.81   -3.24   -0.40   -2.22   -2.92    1.79
   -3.21  -10.01   -9.77   -7.11   -9.17   -4.96
   -0.82   -5.31  -10.58   -8.50  -10.47  -11.20
