Maximum 5-day rainfall - Model Simulations
NaN indicates insufficient data is available
Refer to Accompanying Documentation
GRIDBOX LONGITUDES
           6
   11.25   13.75   16.25   18.75   21.25   23.75
GRIDBOX LATITUDES
           7
   -3.75   -6.25   -8.75  -11.25  -13.75  -16.25  -18.75
Timeseries in anomalies relative to 1970-1999 mean (mm)
2060s
   -0.89    1.59    0.71   -1.27    0.02   -0.24
   -2.87   -1.76   -2.68   -4.67   -2.30   -1.21
   -2.15   -5.36   -9.59  -10.63   -5.56   -1.00
   -1.93   -7.76   -9.11   -8.08   -6.09   -3.17
   -2.02   -9.68   -8.12   -5.22   -5.02   -4.05
   -1.71   -9.71   -6.70   -3.73   -4.43   -5.09
   -0.87   -4.77   -5.37   -7.45   -6.83   -7.97
2090s
   -2.51   -1.30   -0.81    0.06   -2.77   -2.08
   -2.07   -3.69   -4.50   -4.03   -5.43   -5.55
   -1.94   -5.84  -11.34  -12.76  -12.55  -11.33
   -1.85   -9.03  -12.48  -13.28  -14.84  -11.60
   -2.08  -11.92  -11.68   -9.48  -10.70   -9.58
   -1.96  -13.80  -10.85   -3.53   -4.63   -6.78
   -1.22   -7.01   -3.92    0.57   -2.70   -6.07
