Maximum 1-day rainfall - Model Simulations
NaN indicates insufficient data is available
Refer to Accompanying Documentation
GRIDBOX LONGITUDES
           6
   11.25   13.75   16.25   18.75   21.25   23.75
GRIDBOX LATITUDES
           7
   -3.75   -6.25   -8.75  -11.25  -13.75  -16.25  -18.75
Timeseries in anomalies relative to 1970-1999 mean (mm)
2060s
    2.06    2.61    1.32    0.54    1.29    2.35
    1.08    2.79    2.69    1.53    0.53    0.91
    0.51    1.53    1.16    0.41   -0.34   -0.25
    0.32   -0.00    0.01    0.29    0.05   -0.27
    0.02   -0.52    0.77    1.81    1.49    0.91
   -0.04    0.01    1.46    2.54    2.49    2.34
    0.14    0.61    1.58    2.33    2.56    2.85
2090s
    0.88    1.40    2.26    2.35    1.91    1.72
   -0.36    0.46    2.44    3.27    3.09    2.71
   -0.82    0.08    1.79    2.74    2.68    2.45
   -0.70   -0.41    1.56    2.44    1.74    1.12
   -0.45   -0.68    1.18    1.64    0.89    0.60
   -0.35   -0.80   -0.70   -0.85   -0.49    0.97
   -0.56   -1.59   -2.34   -2.45   -1.58    0.61
