Mean monthly rainfall - Model Simulations
NaN indicates insufficient data is available
Refer to Accompanying Documentation
GRIDBOX LONGITUDES
           4
  -18.75  -16.25  -13.75  -11.25
GRIDBOX LATITUDES
           3
   16.25   13.75   11.25
MODEL CLIMATOLOGY 1970-1999 (mm)
   40.28   53.63   64.65   62.76
   69.19   88.46  107.23  109.87
  111.77  146.79  162.24  163.04
Mean Anomalies over 10-year time slices (%)
2000 2009
  -11.99   -9.65   -8.02   -7.99
  -11.06  -10.51   -8.60   -6.94
  -12.07  -11.30   -9.45   -6.46
2010 2019
    9.70   -1.64   -7.71  -10.92
   11.77    9.70    5.89    1.01
    7.66    7.82    7.97    6.05
2020 2029
    5.33   -2.39   -6.25   -1.50
    3.69   -4.36   -7.08   -5.33
    0.55   -3.05   -2.72   -1.87
2030 2039
    7.77   -1.79   -7.13   -9.22
   15.39    8.49    3.48   -0.55
   10.30    6.91    5.74    4.75
2040 2049
   14.17   -5.22  -19.28  -30.01
   28.57   16.12    3.01  -10.29
   19.64   10.76    6.51    0.07
2050 2059
    3.67  -11.13  -19.68  -23.58
   14.81    3.57   -3.97  -11.22
   13.52    9.22    7.31   -1.13
2060 2069
  -10.38  -26.89  -34.60  -40.44
   13.34    1.65   -8.09  -17.75
   13.86    8.78    7.87   -0.70
2070 2079
  -10.46  -20.62  -24.38  -23.80
   10.60    4.22    0.56   -9.67
   15.01   12.13   17.13    4.00
2080 2089
    7.17  -11.85  -25.19  -32.43
   21.84    9.23   -3.02  -16.33
   18.41   13.17   13.78    2.87
2090 2099
  -40.33  -51.93  -53.42  -55.41
   -4.81  -14.75  -23.05  -32.58
   10.10    2.76    1.66  -11.26
