Mean monthly rainfall - Model Simulations
NaN indicates insufficient data is available
Refer to Accompanying Documentation
GRIDBOX LONGITUDES
           4
  -18.75  -16.25  -13.75  -11.25
GRIDBOX LATITUDES
           3
   16.25   13.75   11.25
MODEL CLIMATOLOGY 1970-1999 (mm)
   12.33    4.42    0.59    1.22
   15.38    6.86    4.18    7.99
   19.69   16.47   22.15   34.41
Mean Anomalies over 10-year time slices (%)
2000 2009
    4.26    2.15  -17.00   -5.89
    2.42   -0.66   -8.34   -5.33
   -4.45   -7.92   -7.98   -5.94
2010 2019
   -1.01   -5.19  -53.20  -39.39
    2.85   -7.11  -34.18  -26.72
   -7.84  -21.04  -23.71  -17.63
2020 2029
    3.58    0.26  -59.34  -43.85
    4.72   -5.83  -35.49  -26.71
   -9.38  -21.37  -22.75  -16.59
2030 2039
    4.54    1.41  -51.39  -36.47
    2.34   -5.56  -25.23  -17.75
   -5.67  -15.69  -17.78  -13.38
2040 2049
   17.94   18.13  -33.21  -28.55
    6.39   -2.96  -33.22  -25.90
  -12.13  -24.21  -26.20  -20.17
2050 2059
   17.11   16.59  -72.21  -62.64
    5.64   -7.70  -51.74  -41.31
  -16.31  -33.74  -36.33  -27.42
2060 2069
   17.92   17.51  -58.35  -52.79
    9.52   -2.55  -46.61  -38.55
  -16.07  -33.48  -36.61  -28.20
2070 2079
   18.92   16.59  -66.01  -53.63
   11.99   -1.05  -45.31  -36.99
  -16.41  -32.21  -36.33  -29.62
2080 2089
   16.52   13.81  -80.46  -71.55
   12.53   -5.11  -67.14  -56.80
  -24.27  -46.75  -52.57  -42.82
2090 2099
   22.23   20.32  -84.59  -74.22
   15.67   -3.43  -68.47  -57.07
  -25.35  -50.00  -55.57  -44.67
