Mean monthly rainfall - Model Simulations
NaN indicates insufficient data is available
Refer to Accompanying Documentation
GRIDBOX LONGITUDES
           4
  -18.75  -16.25  -13.75  -11.25
GRIDBOX LATITUDES
           3
   16.25   13.75   11.25
MODEL CLIMATOLOGY 1970-1999 (mm)
   48.52   53.33   62.28   72.13
   93.21  103.53  123.56  134.96
  152.03  164.97  202.78  214.22
Mean Anomalies over 10-year time slices (%)
2000 2009
   -2.67   -1.80   -1.77    1.15
   -1.38   -2.49   -4.45   -2.29
    7.87    5.06    0.87    0.43
2010 2019
    4.49    4.07    0.32   -1.27
    5.34    3.87    0.70   -0.09
    4.13    1.14   -1.34   -1.30
2020 2029
   -7.86   -5.51   -4.65   -7.37
   -1.85   -1.29   -2.38   -3.88
    4.43    1.64   -0.78   -1.29
2030 2039
   -7.31    0.27    7.19    6.27
   -3.13    0.37    2.23    2.47
    1.90    1.94    2.15    2.47
2040 2049
   -1.97    6.63   15.22   14.83
    2.35    6.90    9.43    8.92
   12.35   12.46    9.56    7.63
2050 2059
  -40.99  -35.69  -29.81  -26.81
  -35.60  -28.75  -20.18  -16.07
   -5.64   -2.65   -0.14   -0.12
2060 2069
  -37.47  -29.06  -22.40  -19.54
  -31.40  -22.25  -13.36   -9.97
   -1.73    0.27    0.47   -0.56
2070 2079
  -24.68  -15.60   -6.70   -6.26
  -15.55   -7.61    0.03    1.46
   10.48   11.63   10.27    8.08
2080 2089
  -29.54  -23.17  -16.50  -13.19
  -19.41  -13.22   -6.81   -3.83
   14.29   15.24   12.64   10.00
2090 2099
  -45.50  -36.25  -26.31  -20.86
  -36.14  -24.41  -12.22   -7.57
    5.75   12.81   13.46   10.45
