Mean monthly rainfall - Model Simulations
NaN indicates insufficient data is available
Refer to Accompanying Documentation
GRIDBOX LONGITUDES
           6
   28.75   31.25   33.75   36.25   38.75   41.25
GRIDBOX LATITUDES
           5
   -1.25   -3.75   -6.25   -8.75  -11.25
MODEL CLIMATOLOGY 1970-1999 (mm)
  248.46  224.00  212.78   82.88   45.68  152.72
  263.02  240.39  181.75   80.81   70.31  181.60
  262.70  221.70  143.10   79.64   93.16  175.76
  223.25  184.47  120.61   78.64   75.78  127.75
  179.42  152.83  120.69   79.85   56.49   90.57
Mean Anomalies over 10-year time slices (mm)
2000 2009
    4.55   23.96    7.82   17.26    7.07    3.83
   -6.15    8.72    5.93   10.67    1.93   -3.16
   -5.96   -1.72   11.04   13.96   -1.50   -9.01
   -4.92   -1.78    9.04   12.44    0.07   -5.65
   -4.01    0.09    9.05    8.89   -0.71    3.36
2010 2019
    3.25   19.82   21.81   19.48    8.24   -1.11
    2.89    9.87   13.96   13.56    9.14   -2.61
   -7.34   -1.39   10.03   13.41    7.99   -7.11
   -2.12   -6.95    3.12   12.38    5.34   -9.27
   -6.61   -5.72    0.05   11.60    5.98    0.75
2020 2029
    6.74   35.82   21.81   13.36    0.23    6.10
    5.64   12.33   11.51    7.23    1.72    3.42
   -0.23    1.38    3.34    3.18   -0.47   -8.76
   -1.03    0.03   -7.05    0.87    5.37   -7.39
    4.08   -8.48  -14.26   -1.64    5.47   -1.68
2030 2039
   15.04   45.86   31.28   20.58    6.74    5.99
    9.12   26.52   20.98   11.41    1.42    0.37
   -4.23    1.55   14.84   11.29    2.33   -4.70
   -4.09   -5.22    7.65   12.89    4.64   -4.37
   -7.27   -7.60    5.70   12.39    4.88   -2.17
2040 2049
   21.63   52.50   30.90    5.39    2.80   22.18
   23.76   32.06   10.43   -4.47    5.78   22.66
   22.65    9.57   -9.69  -11.20   -2.46    2.20
   18.45    2.33  -17.36  -20.26  -15.38  -19.34
   -1.30   -7.07  -22.95  -25.02  -18.69  -17.31
2050 2059
   32.34   54.26   37.33   17.32    6.38   17.24
   34.02   31.85   16.43   12.24    4.92   10.90
    9.71   -2.44   -3.59    0.96   -1.88   -1.15
    3.86  -10.10  -11.34   -4.77   -3.10   -5.37
  -18.61  -17.22  -16.13  -10.24   -7.71   -4.75
2060 2069
   22.41   51.25   32.36   19.45   11.94    9.04
   20.22   28.57   20.40    6.09    0.73    1.37
    1.04   -1.44    7.11    4.11   -6.80  -17.57
   -7.89   -1.66   -0.04   -1.19   -8.00  -22.44
   -1.10   -2.80   -6.02   -3.66   -4.35  -14.28
2070 2079
   26.49   59.02   43.53   12.12    4.69   12.21
   15.86   25.60   21.99    9.76    2.23    7.02
   -2.01   -2.01    7.11    3.24   -8.29  -14.74
   -2.90   -2.27   -1.58   -5.67  -14.61  -27.81
   -3.93   -4.09   -5.28   -9.52  -12.91  -26.90
2080 2089
   27.82   66.70   42.50   23.13    9.50   18.15
   18.23   31.01   26.25   11.04    1.10    2.61
    4.01   -3.13   12.60    0.89   -9.85  -15.15
    0.24   -0.17    2.27   -2.57  -12.78  -20.63
   -0.96   -7.58   -7.19    0.17   -8.57  -17.11
2090 2099
   23.03   58.75   42.99   19.74    7.86   14.23
   28.13   36.88   17.59    9.90    8.49   17.99
   11.92    7.29    3.53    2.70   -0.01    4.32
   16.28    3.56   -7.77   -7.00   -6.00   -7.51
   13.43    1.96  -18.06  -11.57   -7.44   -5.42
