Mean monthly rainfall - Model Simulations
NaN indicates insufficient data is available
Refer to Accompanying Documentation
GRIDBOX LONGITUDES
           6
   28.75   31.25   33.75   36.25   38.75   41.25
GRIDBOX LATITUDES
           5
   -1.25   -3.75   -6.25   -8.75  -11.25
MODEL CLIMATOLOGY 1970-1999 (mm)
  174.51  172.03  172.49   99.26   60.60  107.19
  192.71  218.03  204.32  153.10  105.93  136.99
  195.38  220.57  223.00  209.69  192.01  219.80
  195.99  210.78  235.86  254.44  226.83  258.28
  214.07  221.10  248.98  257.94  232.35  260.09
Mean Anomalies over 10-year time slices (mm)
2000 2009
   -5.16    2.83    8.11   17.71   26.69    7.72
   -7.81   -1.27   11.53   33.40   25.41   -9.78
  -11.66   -6.61   18.01   45.31   38.77  -22.42
    4.80    5.71   15.16   40.57   45.76   23.04
    6.98   -1.07   -4.86   17.98   32.07   36.98
2010 2019
  -13.00   -2.66    3.49   10.49   15.94   10.53
   -6.07   -5.59    0.79   27.34   16.72   -6.09
   -9.55  -11.55   -0.22   40.19    9.01  -22.52
  -15.52  -12.92    0.10   39.28   17.28   -5.70
   -6.23    2.17    3.24   26.18   20.75    7.23
2020 2029
    9.25   18.92   21.06   15.04    4.12    1.57
   14.11   22.04   23.45   21.01    9.17  -13.35
    3.25   18.73   11.52   11.61    0.02  -23.02
    5.71   16.96    8.17    4.27   -5.98   -2.95
    3.61   13.71    8.11   -0.00   -5.92   -8.67
2030 2039
    7.92   18.60   19.87   15.36   12.32    7.08
   15.63   22.03   23.55   25.07   14.61    3.36
    6.86    8.30   11.27   25.23    5.21   -9.66
   -0.73    1.94   -2.94    9.87    6.80    4.64
   -4.94   -3.47   -2.23    1.48    3.47   16.79
2040 2049
   38.74   36.40   33.53    3.99   10.89   29.55
   41.42   53.17   46.22    9.71    7.41   30.32
   28.37   38.54   31.04    4.34   -0.67   30.07
   24.40   27.05   18.49   -0.73  -15.57   10.82
   16.37   14.19    3.13  -17.81  -33.20   -7.75
2050 2059
   26.98   37.69   27.05   18.68   12.13   19.82
   21.70   33.83   32.28   29.02   14.67   18.42
   -0.69   12.24   23.88   31.18   17.32   -2.05
   -8.40   -3.85    7.03   26.52   16.70    5.44
    4.83    7.97   14.79   28.46   12.93    6.27
2060 2069
   19.18   31.58   34.68   33.32   22.58   17.19
   15.61   25.89   42.33   36.54   24.42    5.54
    9.33   12.25   25.53   28.71   15.46    3.57
   14.04   14.81   15.87   19.48   11.24   18.58
   13.54   14.99   15.08    8.43    1.15   12.54
2070 2079
   37.74   41.07   43.42   28.13    3.86   11.68
   35.24   51.63   46.13   14.89   -7.47    0.31
   18.12   34.12   36.33    4.58  -17.82   -4.52
   16.97   26.44   29.22    7.57  -15.85    7.96
   13.00   25.19   31.17   19.73  -13.58    0.52
2080 2089
   45.02   50.44   38.35   22.56   19.37   34.28
   31.99   50.80   47.88   21.40   14.97   20.52
    9.82   33.75   33.77   15.97    0.95   17.39
   11.74   13.89   16.43    9.52   -7.05   24.12
   11.21    9.03   15.72   13.27   -8.91   10.67
2090 2099
   31.51   32.40   28.24   17.59    2.15   -0.14
   16.63   31.84   39.16   29.19    1.15   -7.58
   11.52   16.47   35.98   39.49    3.11  -24.52
    6.22    9.83   17.85   38.25   14.18    6.28
    5.05    2.09   -0.81   16.10    7.60   16.73
