Mean monthly rainfall - Model Simulations
NaN indicates insufficient data is available
Refer to Accompanying Documentation
GRIDBOX LONGITUDES
           6
  -13.75  -11.25   -8.75   -6.25   -3.75   -1.25
GRIDBOX LATITUDES
           4
   36.25   33.75   31.25   28.75
MODEL CLIMATOLOGY 1970-1999 (mm)
   31.70   36.34   25.89   19.44   19.33   23.67
   21.37   21.11   13.45   19.52   23.26   21.95
   19.07    8.89    9.35   23.50   25.63   16.91
   15.30    6.05    6.66    8.09    7.58    7.40
Mean Anomalies over 10-year time slices (%)
2000 2009
   -6.44   -3.50   -8.41  -15.20  -11.26  -10.20
   -8.67   -6.95  -12.57  -20.97  -18.70  -10.75
   -6.39  -21.20  -30.65  -21.95  -22.02  -16.17
   -2.33  -19.32  -24.78   -9.20  -12.03  -30.20
2010 2019
  -18.27  -16.66  -27.30  -31.26  -23.98  -21.04
  -13.05  -13.51  -16.35   -6.14   -4.15  -11.55
   -7.74   -8.07   11.64    8.85    7.05    9.36
   -5.01   14.44   59.01   70.20   63.15   56.01
2020 2029
   -6.29   -4.89   -7.20    9.23   36.60   42.93
    9.67    7.37   23.32   45.30   54.26   60.60
   14.32   25.42   52.27   41.83   46.35   65.17
   14.96   18.01   52.63   70.31   80.81   66.66
2030 2039
   -9.42   -8.88  -14.40  -19.16  -18.25   -9.46
   -6.51   -5.59   -9.32  -13.26  -12.10   -6.07
   -6.10   -5.22  -15.03  -16.06   -9.88   13.56
   -4.70   -6.42   -6.28   -3.68   23.36   71.47
2040 2049
  -11.67  -11.48  -19.24  -23.94  -12.60   -2.25
   -2.96   -2.71   -2.82   -0.49    3.23    8.41
    3.80   10.13   11.08    1.12    3.88   21.53
    7.00    0.40    4.18   18.05   34.81   41.68
2050 2059
  -14.56  -11.83  -24.98  -25.41    0.06   12.32
    0.89    0.61   -4.46   10.96   28.83   31.22
    8.92   14.74    7.56   11.72   25.10   45.12
    7.85    7.15    1.16   15.59   37.94   47.61
2060 2069
  -19.96  -18.40  -28.55  -28.64  -11.31   -2.43
   -6.50   -7.63  -15.88  -16.31   -9.62   -7.02
    5.56   -3.64  -19.04  -22.59  -18.00   -6.64
    8.30  -10.87  -43.10  -42.22  -37.19  -18.25
2070 2079
  -23.75  -22.38  -25.06  -23.98  -12.44   -8.09
  -16.96  -18.86   -7.31    2.81    1.94   -2.55
  -12.00  -13.54   17.61    8.87    4.08   15.26
   -5.06    8.11   31.72   30.43   43.22   75.32
2080 2089
  -31.29  -31.12  -47.61  -42.46  -24.19  -11.15
  -15.37  -20.84  -33.20  -28.59  -29.33  -24.71
   -3.58  -14.88  -21.84  -30.79  -34.70  -24.83
   -0.53  -13.62  -17.18   -1.55   29.73   56.47
2090 2099
  -20.09  -20.20  -34.45  -26.25   13.97   33.83
   -2.99   -6.37   -9.21    9.82   38.03   60.94
   18.50   16.62   20.42   14.84   30.13   64.62
   40.03   25.26   27.86   57.09   79.37   65.52
