Mean monthly rainfall - Model Simulations
NaN indicates insufficient data is available
Refer to Accompanying Documentation
GRIDBOX LONGITUDES
           6
  -13.75  -11.25   -8.75   -6.25   -3.75   -1.25
GRIDBOX LATITUDES
           4
   36.25   33.75   31.25   28.75
MODEL CLIMATOLOGY 1970-1999 (mm)
   75.19   78.45   67.54   57.83   50.58   36.54
   58.90   66.71   51.12   39.11   34.28   27.77
   37.84   41.91   30.91   21.71   16.45    8.98
   18.27   15.50   12.21    7.80    3.03    2.22
Mean Anomalies over 10-year time slices (%)
2000 2009
   -1.34   -5.84   -3.43   -1.62   -2.77   -5.14
  -11.13  -14.33  -14.97  -13.97  -11.54  -11.84
  -14.38  -17.61  -14.96  -13.21  -16.91  -22.68
   -6.97  -11.71   -5.46   -2.19  -18.65  -31.10
2010 2019
   -1.44   -4.64    1.62    6.36    4.79   -4.67
   -4.94   -5.47   -7.65   -8.60   -6.47   -6.88
   -7.03   -5.20   -8.20  -10.59   -8.22   -5.97
   -3.78   -6.64   -9.08   -7.62    9.54    3.47
2020 2029
  -26.68  -31.43  -29.09  -27.92  -29.74  -26.35
  -34.62  -37.15  -37.58  -35.96  -31.78  -25.47
  -40.91  -44.03  -47.38  -45.32  -33.21  -32.30
  -42.85  -43.14  -49.51  -54.86  -55.04  -53.93
2030 2039
  -20.88  -26.70  -24.10  -20.98  -19.90  -19.95
  -27.28  -31.59  -27.55  -22.76  -22.23  -24.73
  -31.46  -37.11  -32.32  -28.05  -31.44  -33.55
  -37.44  -42.85  -41.11  -41.67  -56.34  -43.01
2040 2049
  -27.20  -29.49  -29.42  -28.89  -27.77  -21.24
  -35.76  -34.66  -31.95  -29.55  -29.28  -25.94
  -38.45  -35.62  -32.93  -29.16  -25.67  -22.32
  -28.42  -23.93  -17.66  -11.61   -3.61   -7.10
2050 2059
  -24.50  -31.57  -29.63  -27.94  -29.02  -29.81
  -36.11  -37.78  -37.96  -38.30  -38.68  -35.44
  -40.84  -39.37  -43.55  -46.91  -44.42  -46.82
  -39.99  -38.40  -43.45  -48.62  -53.39  -60.38
2060 2069
  -12.72  -17.76   -7.03   -1.19   -7.05  -10.35
  -31.15  -33.73  -24.94  -18.39  -22.44  -19.61
  -42.34  -42.67  -40.46  -39.39  -42.54  -45.58
  -46.85  -42.50  -49.78  -59.71  -78.73  -85.53
2070 2079
   -2.41   -9.04   -2.65    1.39   -2.55  -12.83
  -13.68  -19.19  -17.50  -16.31  -18.81  -21.69
  -26.44  -29.21  -28.14  -26.20  -24.96  -23.18
  -37.07  -41.29  -36.51  -29.88  -18.04  -15.17
2080 2089
  -11.74  -14.76  -12.11  -11.67  -15.64  -18.32
  -18.67  -21.86  -19.97  -20.22  -25.08  -24.46
  -21.21  -23.41  -25.55  -26.22  -23.11  -20.58
  -18.47  -13.54  -15.38  -14.89   -0.77  -17.54
2090 2099
  -30.58  -38.34  -34.97  -33.52  -37.70  -41.99
  -44.73  -51.04  -48.22  -45.45  -46.18  -40.39
  -53.37  -57.30  -58.26  -56.26  -49.34  -34.62
  -55.75  -57.23  -63.23  -65.18  -47.47  -35.21
