Mean monthly rainfall - Model Simulations
NaN indicates insufficient data is available
Refer to Accompanying Documentation
GRIDBOX LONGITUDES
           6
  -13.75  -11.25   -8.75   -6.25   -3.75   -1.25
GRIDBOX LATITUDES
           4
   36.25   33.75   31.25   28.75
MODEL CLIMATOLOGY 1970-1999 (mm)
   15.60   14.68   16.72   17.95   15.85   13.72
   10.57   10.97   11.90   12.11    9.53    8.20
    7.46    5.36    4.68    3.82    2.19    1.67
    5.52    2.42    1.16    0.53    0.27    0.48
Mean Anomalies over 10-year time slices (%)
2000 2009
    8.26    6.17   -6.69  -17.48  -27.97  -17.02
   22.91   20.60   -2.22  -14.21   -7.73    0.30
   17.96   11.29    6.57   21.47   47.24   45.89
   13.87   17.71   80.76  179.71  259.40  209.15
2010 2019
   32.32   21.27   -2.72  -12.90   -9.05  -15.07
   31.35   23.26    2.99  -18.90  -22.61  -30.25
   22.64   17.18   -1.81  -16.30  -13.21  -13.93
   24.69   10.74   -4.49   -9.34   67.73    9.20
2020 2029
  -23.73  -23.57  -27.34  -31.88  -26.71  -24.84
  -12.59  -11.82  -20.01  -34.29  -32.26  -35.86
    7.33    2.34   -9.38  -23.06   -1.64  -14.87
   10.65   -0.77    3.75   36.26  154.55   35.28
2030 2039
   -3.11  -11.97  -26.30  -28.37  -24.04  -17.53
   -3.87   -5.72  -11.68  -19.48  -14.20  -19.43
   -1.39   -7.87  -12.95  -11.48    2.65   18.33
    4.86    3.90   40.30   77.40  -20.82  -72.21
2040 2049
    3.43   -9.49  -16.36  -27.60  -33.74  -36.61
    2.07   -5.81  -25.08  -42.81  -41.92  -48.14
   11.60   -4.18  -18.29  -38.58  -40.56  -45.41
   21.22    2.69    4.88   10.62   24.63    6.67
2050 2059
  -22.94  -30.37  -38.78  -37.32  -36.81  -40.57
  -17.41  -20.32  -40.07  -50.74  -39.80  -23.11
   -1.37  -19.37  -55.36  -57.00  -31.61  -11.98
   17.66  -15.96  -63.97  -68.44  -84.76  -49.44
2060 2069
  -15.64  -21.03  -25.84  -28.40  -36.83  -36.11
  -14.20  -17.10  -30.67  -42.05  -44.48  -35.81
    6.50  -10.78  -36.10  -42.51  -40.29  -36.03
   27.56    0.09  -41.94  -24.40  -24.68  -40.33
2070 2079
  -17.19  -19.90  -29.88  -32.95  -36.25  -31.44
  -15.23  -19.53  -36.22  -36.36  -33.91  -28.36
   -5.33  -24.94  -40.96  -40.52  -24.88  -17.09
   12.69    3.40   24.78   27.77   84.16   83.47
2080 2089
   -3.73  -11.17  -28.45  -31.19  -26.58  -23.64
    3.52   -5.46  -26.95  -37.71  -35.81  -36.93
   12.25   -3.96  -31.73  -47.38  -41.92  -38.39
   21.42    0.84  -14.73  -58.67  -14.64   79.40
2090 2099
  -22.90  -29.44  -47.53  -46.79  -43.07  -41.20
  -23.45  -26.48  -42.88  -44.02  -35.51  -28.60
   -3.04  -10.64   -2.40    8.80   58.07   44.52
   23.78   51.93  126.91  252.30  762.57  297.34
