Mean monthly rainfall - Model Simulations
NaN indicates insufficient data is available
Refer to Accompanying Documentation
GRIDBOX LONGITUDES
           6
  -13.75  -11.25   -8.75   -6.25   -3.75   -1.25
GRIDBOX LATITUDES
           4
   36.25   33.75   31.25   28.75
MODEL CLIMATOLOGY 1970-1999 (mm)
    9.81    8.80   10.16   13.11   12.88   10.37
    7.56    8.14    8.44   10.88   10.44    9.02
    7.24    4.40    4.52    5.65    3.86    2.87
    7.54    3.34    2.40    2.06    1.88    2.48
Mean Anomalies over 10-year time slices (%)
2000 2009
   34.37   43.91   34.96   21.14   25.35   32.23
   38.59   45.75   34.55   23.06   49.11   50.23
   26.08   39.68    6.03    5.05   63.90   84.59
   13.94   15.02   -7.19  -23.39   -0.46   61.27
2010 2019
    9.84    2.71  -16.35  -24.96  -13.82  -22.74
   12.30    5.96  -11.46  -10.20   -2.91  -21.81
   14.93   16.23  -17.65   -3.76   24.90  -29.01
   12.41   -4.69  -25.63   16.13   38.37    1.21
2020 2029
   -5.96   -5.63   -2.65   14.07   27.24   -4.07
    0.10    3.34   -5.53  -23.00    0.33    5.36
   19.19   25.47   -8.59  -33.28   -4.39    8.03
   14.12   13.20   -9.82  -20.27   -5.58  -24.29
2030 2039
   -2.51   -7.48  -29.19  -31.57  -32.51  -31.94
    4.08    9.17   -7.87  -21.72   -5.47  -10.27
   10.40   15.74  -14.02  -29.78   37.05   71.68
   15.44    0.74  -24.78   95.47  195.25  190.95
2040 2049
   19.35    4.20    2.11   -7.68  -11.29  -16.95
   15.93   10.59   -3.92  -30.25  -33.03  -32.20
   22.93   23.65   -3.38  -38.58  -17.47  -20.77
   20.36    5.44  -42.24   -3.82   21.56  -24.30
2050 2059
  -12.15  -23.34  -31.14  -15.45  -12.38  -12.00
    3.44   10.67  -10.50  -23.71  -20.16  -11.08
   29.88   27.83  -47.25  -51.94  -38.11  -36.68
   33.60    7.25  -69.58  -84.64  -83.84   -7.94
2060 2069
    6.24   -2.53   -7.35   -4.18   -1.98  -31.93
   11.66    9.01  -12.75  -18.88  -28.72  -26.33
   24.97   22.05  -37.99  -42.66  -33.90   -5.54
   27.65   -0.41  -54.53  -22.53   15.58   29.04
2070 2079
   -1.98   -6.36  -15.67  -13.58  -22.31  -23.49
    2.26    2.46  -18.39  -17.94  -28.92  -23.68
   21.07    9.90  -41.74  -51.30  -56.82  -25.49
   26.28    3.44  -50.22  -59.28  -34.04   -6.23
2080 2089
   22.64   17.18   -4.36   -6.05   -1.82  -10.68
   30.92   30.64    1.67   -9.33  -19.65  -27.86
   36.16   35.63  -28.41  -49.37  -62.59  -64.82
   30.77    7.92  -59.50  -87.66  -86.47  -61.98
2090 2099
  -18.60  -31.66  -41.21  -23.94  -16.98  -31.46
   -5.77   -8.58  -15.68   -5.03    0.40  -13.21
   25.62   21.74   21.18   -9.08   10.97   -2.14
   35.29   39.96   40.92   19.69   41.01   14.10
