Mean monthly rainfall - Model Simulations
NaN indicates insufficient data is available
Refer to Accompanying Documentation
GRIDBOX LONGITUDES
           6
  -13.75  -11.25   -8.75   -6.25   -3.75   -1.25
GRIDBOX LATITUDES
           4
   36.25   33.75   31.25   28.75
MODEL CLIMATOLOGY 1970-1999 (mm)
   57.11   50.61   54.20   52.63   38.94   36.50
   35.03   34.96   38.45   33.73   26.84   24.32
   19.21   18.69   20.38   16.31    9.54    5.31
    8.55    7.34    4.66    2.95    1.21    0.65
Mean Anomalies over 10-year time slices (%)
2000 2009
   -6.70   -1.82   -7.03   -5.54   -2.33   -0.06
    2.36    1.45   -7.69  -12.24   -9.74   -5.27
    0.78   -0.57   -6.92  -18.34  -18.81  -23.69
   -7.25   -5.37  -12.40  -19.13  -25.71  -46.80
2010 2019
   -4.03   -4.04   -4.39   -4.40   -5.34   -6.52
   -1.60   -1.14   -5.39   -8.78  -11.65  -16.00
   -7.86   -6.38  -10.55  -12.86  -17.91  -24.84
   -7.36  -10.33  -17.02   -9.32   -6.92   -7.40
2020 2029
  -17.22   -6.76  -11.92  -11.42   -0.08    7.66
   -9.48   -6.88   -6.82    1.60    7.87   -4.40
   -9.50  -15.92  -18.41  -12.06   -8.53  -18.29
  -14.76  -24.91  -40.67  -40.57  -32.65  -31.78
2030 2039
   13.45    6.03    1.81    4.12    6.53    5.19
   15.35   11.37    5.37    5.49    0.34   -5.92
   21.16   12.24    2.71   -4.54  -18.33  -30.97
   16.09   -1.54   -5.55  -11.87  -30.28  -38.71
2040 2049
    6.26   -3.19  -14.78  -19.16  -21.98  -23.22
    0.97   -9.50  -21.41  -25.68  -22.14  -27.16
   -2.30  -14.21  -27.39  -29.15  -24.38  -39.21
   -1.57  -14.73  -28.90  -31.31  -24.54  -38.24
2050 2059
   31.91   22.24   15.77   19.20   17.14    9.01
   33.81   23.18   13.02   11.86   19.14   13.55
   25.21   24.26   18.13   16.24   16.99   -7.19
   14.02   15.70   19.79   22.01   25.44  -16.82
2060 2069
  -23.49  -25.91  -34.37  -34.53  -23.61  -11.15
  -23.01  -26.39  -32.92  -29.60  -20.02  -14.47
  -24.02  -31.21  -38.89  -30.03  -17.44  -12.92
  -19.75  -27.10  -37.25  -10.72   23.41   17.67
2070 2079
   -7.33  -12.54  -10.41   -9.66  -10.27  -13.25
   -6.89  -11.03  -20.75  -27.51  -21.33  -23.01
   -1.77  -14.30  -30.23  -36.96  -30.44  -36.07
    4.35  -18.30  -31.71  -37.03  -36.87  -38.44
2080 2089
   -4.21   -5.14   -4.51    0.73   -0.12   -1.13
   -7.70  -10.58  -13.35  -12.25  -12.20  -13.18
   -7.45  -11.74  -18.62  -20.49  -21.45  -24.58
   -4.80  -16.89  -31.33  -21.11  -20.66  -27.39
2090 2099
  -11.51  -14.81  -17.15  -18.45  -22.07  -20.35
   -8.42  -15.15  -22.08  -29.46  -32.42  -32.65
  -10.25  -17.92  -22.11  -33.62  -37.85  -47.70
   -0.53  -16.24  -23.84  -34.18  -37.07  -23.05
