Mean monthly rainfall - Model Simulations
NaN indicates insufficient data is available
Refer to Accompanying Documentation
GRIDBOX LONGITUDES
           6
  -13.75  -11.25   -8.75   -6.25   -3.75   -1.25
GRIDBOX LATITUDES
           4
   36.25   33.75   31.25   28.75
MODEL CLIMATOLOGY 1970-1999 (mm)
   10.48    8.15    6.63    6.66    8.09    9.42
   12.10    7.36    5.59    5.92    7.91   10.08
   13.61    7.44    6.41    7.66   10.30   12.87
   11.14   10.33   11.48   12.99   14.31   14.34
Mean Anomalies over 10-year time slices (%)
2000 2009
   -6.70   -7.26   -9.80  -14.89  -17.57   -8.97
    1.28   -0.56    1.45    5.71    9.65   16.95
    4.24   -4.88   -0.81   21.63   40.48   34.02
   -6.86  -16.71   -9.79   27.33   70.54   34.99
2010 2019
  -10.91  -13.98  -18.72  -24.50  -24.45   -4.52
  -12.72  -16.47   -5.52   13.08   22.28   16.70
  -15.06  -14.20   18.08   56.32   70.93   38.40
  -10.30   20.50   46.03   76.31  103.98   91.06
2020 2029
   -4.44   -3.26    0.31   -2.85   -9.45   -4.88
   -5.38   -2.38   14.40   45.88   60.53   26.84
   -8.10   -9.45   28.33   83.77  107.39   43.94
  -17.73  -21.77   28.74   53.31   47.87   13.80
2030 2039
  -11.17  -16.09  -16.67  -20.60  -24.95  -18.67
  -11.94  -16.92    2.55    6.19   -6.49    1.54
  -13.74   -6.41   58.36   69.45   39.34   34.54
   -6.41   42.14  131.08  153.99  124.64   91.33
2040 2049
  -14.99  -16.60  -23.64  -35.61  -43.68  -39.70
   -5.35   -9.86  -12.36  -19.31  -22.98   -7.70
   -4.71  -13.29   -3.08    1.81    3.17   27.07
  -10.68  -10.51   19.00   29.00   28.05   66.12
2050 2059
  -18.47  -29.41  -41.29  -49.60  -48.44  -35.74
   -5.84  -15.58  -13.11  -15.11  -21.41  -19.62
   -0.74   -8.19   12.68   15.47    1.20  -10.09
   -6.08   -3.45   14.58   18.08    9.69    3.30
2060 2069
  -15.99  -22.77  -35.51  -47.36  -49.67  -40.14
   -1.95  -10.78  -23.60  -19.16   -6.36  -13.83
    1.01  -11.15  -15.40   15.50   44.67   17.50
  -10.92  -18.77    4.19   48.10   90.89   61.49
2070 2079
  -22.53  -34.72  -45.45  -52.88  -51.33  -34.95
   -3.51  -13.86  -22.39  -17.37   -5.97   -2.47
    1.14   -8.53  -12.18    6.58   24.87   10.20
  -10.31  -20.24   -8.90   -0.84   -0.69  -17.66
2080 2089
  -30.45  -39.21  -45.96  -49.45  -48.05  -42.91
  -13.59  -27.59  -26.73  -26.78  -30.62  -29.88
   -4.84  -14.90   -3.14   -0.93   -9.04  -13.35
   -3.07    7.97   16.13    8.01   -8.24   -6.50
2090 2099
  -28.70  -48.19  -62.56  -66.27  -59.41  -52.87
  -15.71  -35.18  -13.71    8.00    7.02   -2.90
  -11.22  -14.90   42.18   76.97   71.20   42.17
    0.15   26.58   32.86   47.07   63.67   45.07
