Mean monthly rainfall - Model Simulations
NaN indicates insufficient data is available
Refer to Accompanying Documentation
GRIDBOX LONGITUDES
           6
  -13.75  -11.25   -8.75   -6.25   -3.75   -1.25
GRIDBOX LATITUDES
           4
   36.25   33.75   31.25   28.75
MODEL CLIMATOLOGY 1970-1999 (mm)
   67.89   64.15   66.59   60.52   49.09   35.31
   42.79   44.32   54.19   37.65   24.62   17.49
   21.75   20.12   18.96    9.90    5.27    3.44
    7.70    5.69    3.80    1.27    0.65    0.48
Mean Anomalies over 10-year time slices (%)
2000 2009
   -3.32   -7.09  -12.94  -19.64  -22.78  -24.78
   -5.83  -11.14  -19.75  -26.00  -28.25  -19.26
   -3.25  -13.79  -25.29  -33.87  -40.31  -25.32
   -6.17  -23.14  -36.42  -51.24  -77.78  -73.47
2010 2019
   -8.22   -6.48   -5.45   -4.30    1.48    9.54
   -7.35   -4.36   -1.44    1.14    8.47   24.66
    2.81    5.27    3.75    4.91   16.09   49.53
   15.74   10.02   -4.73  -19.49   -6.24   84.51
2020 2029
   -8.94   -3.69   -3.17   -3.65   -1.75    1.64
   -5.86   -6.17   -7.89   -6.63   -8.24  -10.17
   -6.35  -11.41  -14.38  -16.63  -19.83  -19.49
  -13.75  -25.52  -30.94  -16.80   19.75    8.84
2030 2039
  -27.09  -29.93  -35.88  -41.86  -40.29  -32.66
  -33.16  -42.82  -49.92  -51.08  -44.40  -29.24
  -42.58  -54.78  -60.60  -60.98  -56.66  -43.56
  -46.96  -58.25  -60.77  -58.11  -75.28  -82.99
2040 2049
   -9.21   -4.54   -5.49  -10.36  -12.99  -15.09
  -11.13  -10.38  -16.57  -22.46  -25.13  -24.28
  -13.54  -17.47  -28.61  -34.60  -32.58  -26.43
   -7.09   -9.35  -25.54  -32.85    4.02   24.66
2050 2059
  -23.98  -21.89  -20.62  -18.58  -17.42  -20.50
  -31.12  -29.04  -30.08  -29.65  -31.71  -35.49
  -34.82  -37.09  -40.05  -46.62  -57.37  -62.25
  -42.47  -49.51  -57.64  -72.05  -87.14  -90.68
2060 2069
  -38.40  -37.18  -37.55  -37.57  -33.37  -24.94
  -43.20  -45.06  -45.19  -43.84  -36.13  -23.69
  -45.84  -51.95  -55.83  -51.36  -41.21  -24.87
  -42.14  -54.65  -65.49  -60.63  -51.44  -25.17
2070 2079
  -35.71  -37.64  -41.59  -43.37  -36.17  -20.99
  -37.07  -42.22  -48.41  -46.93  -35.63  -16.37
  -42.57  -47.97  -52.61  -49.02  -28.97   10.92
  -46.74  -46.19  -33.46   17.17   76.53   94.38
2080 2089
  -36.31  -35.96  -36.46  -35.06  -31.17  -25.09
  -37.41  -38.77  -40.60  -39.39  -37.36  -28.74
  -36.94  -38.57  -44.08  -46.85  -48.62  -40.24
  -31.73  -31.69  -46.61  -55.51  -59.20  -47.70
2090 2099
  -39.68  -41.50  -44.80  -45.83  -42.42  -39.35
  -44.66  -50.13  -54.76  -56.17  -53.67  -52.04
  -50.61  -56.52  -62.28  -67.88  -65.35  -69.90
  -52.31  -61.53  -70.05  -79.83  -73.22  -87.64
