Mean monthly rainfall - Model Simulations
NaN indicates insufficient data is available
Refer to Accompanying Documentation
GRIDBOX LONGITUDES
           5
   31.25   33.75   36.25   38.75   41.25
GRIDBOX LATITUDES
           7
  -11.25  -13.75  -16.25  -18.75  -21.25  -23.75  -26.25
MODEL CLIMATOLOGY 1970-1999 (mm)
   76.29   86.23   72.08   93.85  147.02
   46.16   63.14   60.71   86.67  135.05
   31.86   48.93   54.18   80.66  121.44
   26.46   42.50   59.97   86.64  115.86
   23.99   37.34   65.97   91.00  106.22
   24.65   32.24   65.62   85.39   85.40
   58.32   53.29   71.62   80.85   77.35
Mean Anomalies over 10-year time slices (%)
2000 2009
   13.10   19.38   35.52   41.65   36.19
    0.70    6.55   27.27   37.33   33.84
   -4.11    0.72   15.44   21.11   18.40
   -4.82    0.98   14.37   18.12   15.28
   -3.95    2.10   13.90   17.08   15.30
   -3.17   -1.30    7.87   10.58   11.04
    2.09   -3.05   -0.04    2.85    5.74
2010 2019
   11.64   18.19   21.12   21.40   19.22
    9.61    9.30    4.76   11.82   18.35
   22.24   17.10    9.27    7.69    8.66
   13.84    9.81    3.90    0.66   -1.24
   -2.01   -2.51   -4.37   -6.79   -9.62
   -9.81  -11.28  -14.35  -15.88  -16.92
  -11.54  -14.71  -18.56  -19.84  -19.46
2020 2029
    4.11    2.96    5.36    9.82   10.95
   -8.08   -4.72   -1.50    4.18    6.51
  -11.83   -6.50   -4.50   -2.39   -1.49
  -17.65   -9.44    2.37    7.82    9.25
  -20.07  -11.45    6.43   15.51   21.37
  -12.96   -9.56    3.22   12.28   22.95
   -8.03   -4.92    1.28    8.09   17.24
2030 2039
    6.37    6.16   14.08   14.78    9.24
   17.40   14.14   18.79   16.70   11.90
   29.63   25.98   22.87   15.49   10.25
   21.58   22.72   21.77   17.42   12.28
    6.49   12.92   16.70   16.83   14.58
   -1.37    2.64    6.68   10.13   14.63
   -3.74   -4.95   -0.03    5.61   12.57
2040 2049
   14.40   18.75   20.98   16.60   11.84
   14.86    7.31    5.11    7.53    9.79
   21.56    6.97    3.18    7.57   11.69
   16.84    2.44    0.26    5.23   10.28
    8.47   -2.14   -0.19    3.68    7.43
    6.46   -2.32    2.89    4.04    3.33
   12.02   -0.64    0.04    0.45   -0.59
2050 2059
   22.42   27.82   38.69   32.16   20.15
   -0.54    3.73   13.41   20.03   20.08
   -1.83   -4.68   -2.72    5.25   11.11
  -10.96  -10.84   -7.88    2.79   12.96
  -19.44  -14.46   -8.12    2.53   14.52
  -18.49  -15.37   -7.63   -1.53    6.02
  -20.45  -18.69  -10.21   -3.90    2.16
2060 2069
   20.49   25.95   26.12   25.70   24.33
    6.03    6.38    9.83   19.11   23.21
   -5.52   -4.19   -3.21    6.55   13.65
  -19.63  -12.66   -8.36   -1.33    4.53
  -29.86  -18.13   -9.62   -5.51   -2.57
  -28.26  -18.48  -10.22   -8.33   -7.80
  -11.88   -8.36  -10.47  -11.55  -11.61
2070 2079
   12.18   11.03    6.38    9.17   13.91
   -0.79   -2.64   -4.88    5.97   14.23
   -5.36   -9.80  -10.61   -0.22    7.20
  -15.49  -13.70  -13.10   -5.95    0.44
  -22.92  -14.48  -12.92   -9.29   -5.08
  -18.35  -11.44  -10.68  -10.26   -9.41
  -10.13   -8.88  -10.07   -9.38   -6.50
2080 2089
   12.72    7.26    5.54    7.65    9.57
    2.46   -0.72   -4.12    1.86    7.37
   -1.34   -4.23    1.12   10.53   14.85
   -4.36   -1.57    7.98   12.73   12.82
   -6.30   -0.21    9.67   11.34    8.97
   -8.36   -9.57    3.79    7.34    8.23
  -14.35  -20.31   -6.57    0.05    2.74
2090 2099
   30.21   24.72   24.46   24.31   22.98
   25.33   20.84   17.95   23.02   27.28
   33.84   25.34   25.15   25.84   25.58
   33.54   24.06   22.97   21.85   20.27
   21.51   16.84   14.90   14.85   14.99
   -3.49    0.91    0.94    4.66   11.24
   -6.90   -6.18   -3.20    1.57    9.02
