Mean monthly rainfall - Model Simulations
NaN indicates insufficient data is available
Refer to Accompanying Documentation
GRIDBOX LONGITUDES
           5
   31.25   33.75   36.25   38.75   41.25
GRIDBOX LATITUDES
           7
  -11.25  -13.75  -16.25  -18.75  -21.25  -23.75  -26.25
MODEL CLIMATOLOGY 1970-1999 (mm)
   66.53   45.57   29.05   22.69   46.48
   51.47   43.01   32.78   26.14   54.48
   44.06   50.59   52.28   62.32   84.07
   48.57   68.95   84.24   96.32   96.27
   60.58   74.57   81.34   79.59   81.41
   65.13   69.71   72.33   48.96   51.36
   95.26   69.49   59.25   39.09   38.80
Mean Anomalies over 10-year time slices (%)
2000 2009
   -4.24  -22.63  -33.50  -22.04   -4.86
  -10.92  -17.38  -32.84  -25.99   -5.50
  -28.47  -29.90  -21.49  -15.59   -8.26
  -18.51  -13.01  -10.79   -6.70   -9.09
   -8.38  -11.02  -15.53  -11.64  -11.82
   -3.53  -10.28  -10.62  -15.76  -22.63
   -8.35  -11.04  -10.27  -12.62  -24.66
2010 2019
   -1.49   -4.51    1.35   12.48   -2.88
    4.44   -3.37   -5.65   14.91    8.90
   -4.57   -5.23    1.85    7.91   -0.17
   -1.74   -5.01   -1.26    1.29   -1.97
    1.44   -5.94   -2.33    3.81    2.78
   -1.59   -2.59    2.90    9.00    3.91
    4.84   -1.65    1.86    7.68    1.58
2020 2029
    7.95  -20.93  -21.02  -10.87    4.46
   10.24   -9.01  -18.28  -12.78    0.06
   -1.47  -11.07  -13.81  -11.03  -11.41
  -10.30   -9.88  -14.97  -16.80  -15.89
    0.25  -10.94  -17.38  -17.56   -9.83
    0.30   -7.68   -8.43  -13.88  -16.10
    0.47   -3.23   -4.12   -6.31  -11.90
2030 2039
   -0.88   -4.04   15.93    6.96   -1.45
   14.18   10.08   18.07   15.99    0.65
    8.64    1.65    7.41    2.96   -4.50
   -4.02    3.17    2.59   -6.75   -7.60
   -0.91   -4.38   -6.69   -5.77   -5.05
    2.91   -4.25   -3.40   -4.87   -8.27
   -3.72   -1.71   -2.28   -0.57   -8.93
2040 2049
  -14.86  -25.24  -33.31  -35.22  -26.09
  -18.73  -25.44  -34.77  -32.12  -17.59
  -15.22  -23.74  -20.88  -25.68  -19.17
   -9.64  -13.73  -18.75  -20.70  -23.55
   -1.08   -8.36  -22.33  -24.97  -26.68
    1.52   -9.07  -19.94  -23.86  -24.12
    2.63   -3.90  -14.73  -17.43  -24.09
2050 2059
  -14.97  -37.43  -40.97  -26.29  -17.33
  -26.70  -36.78  -38.40  -31.23  -11.17
  -34.63  -33.40  -28.25  -22.27  -12.98
  -14.60  -16.62  -18.13  -16.70  -16.83
   -3.99   -8.86  -13.37  -15.14  -13.13
    4.07   -3.12   -3.82  -11.59  -17.76
    3.62    6.62    8.72   -1.21  -14.27
2060 2069
    6.67   -3.51  -12.24  -17.12  -12.27
    9.38    8.93   -3.83   -9.32   -5.47
   -8.68   -3.18   -1.64  -12.41   -9.78
  -14.20   -7.37   -7.44  -11.74  -14.69
   -4.03   -5.68  -15.11  -16.90  -21.22
   -3.17  -12.38  -16.24  -24.41  -28.53
   -5.97  -16.86  -17.24  -17.00  -24.91
2070 2079
    5.22   -2.38  -13.20   -5.30    3.47
    2.08    0.70   -8.18  -13.46   10.07
   -5.73  -12.48   -4.64    3.69    6.92
   -8.54  -11.66   -4.96   -1.74    0.52
    3.60   -5.89   -3.85   -6.19   -3.52
    1.39   -8.61   -1.38   -7.55  -18.01
    2.98   -7.26   -7.92   -4.24  -15.58
2080 2089
   -0.16  -22.30  -24.67   -8.30   -4.90
   -2.38  -18.20  -26.25  -10.56   -1.43
  -20.92  -24.07  -11.23   -5.22   -2.54
  -20.49  -14.31   -8.88   -1.94   -1.75
   -2.11  -10.00  -10.22   -4.60   -4.84
   -4.14   -9.02  -13.68   -9.91  -14.23
   -4.61  -10.39  -15.41  -11.94  -15.88
2090 2099
   10.44   -6.29  -25.29  -25.08   -4.22
    7.88   -5.45  -33.20  -37.51   -9.81
  -10.54  -25.06  -27.19  -25.11  -18.04
   -9.01  -17.15  -18.45  -23.65  -24.86
    2.58   -4.98  -12.89  -21.80  -23.73
    2.60   -6.43   -6.88  -16.27  -27.25
    4.73   -1.82   -4.73  -16.68  -28.51
