Mean monthly rainfall - Model Simulations
NaN indicates insufficient data is available
Refer to Accompanying Documentation
GRIDBOX LONGITUDES
           5
   31.25   33.75   36.25   38.75   41.25
GRIDBOX LATITUDES
           7
  -11.25  -13.75  -16.25  -18.75  -21.25  -23.75  -26.25
MODEL CLIMATOLOGY 1970-1999 (mm)
   21.80   15.22   11.84   21.22   27.57
   18.74   14.74   12.03   15.61   21.39
   18.78   17.61   17.31   15.89   23.45
   28.46   30.47   25.41   23.27   28.46
   48.53   50.19   41.43   29.63   28.14
   79.02   71.60   61.18   38.86   27.74
  130.06  108.86   82.43   51.26   36.04
Mean Anomalies over 10-year time slices (%)
2000 2009
   14.08   10.96    3.97  -14.92  -15.82
   -9.25   -7.02  -15.36  -24.25  -23.00
  -40.01  -25.70  -25.03  -27.11  -20.24
  -54.88  -43.70  -38.00  -28.42   -9.16
  -43.55  -42.67  -34.67  -31.11   -8.63
  -20.59  -24.83  -18.44  -18.52  -16.68
  -14.67  -18.36  -17.41  -18.10  -17.25
2010 2019
   42.54   45.43   52.29   30.52   22.17
   15.13   18.24   29.21   15.40   -2.24
   10.88   -0.30   -3.85    3.58   -2.75
    1.26    0.63   -4.30    2.39   10.94
    2.84   -4.00  -10.88   -5.25   13.07
    2.21   -8.02  -15.51  -17.37   -1.06
   -4.40   -9.01   -7.85   -7.16    3.43
2020 2029
   -4.52    1.56   31.53   27.25    9.00
   -6.76  -11.76  -16.49  -11.74  -21.14
  -14.68   -2.19   -6.43  -26.80  -31.21
  -29.97  -14.62   -2.55  -24.75  -26.87
  -18.33  -20.52  -15.65  -19.17  -18.11
   -7.84  -13.45  -14.05  -14.98  -16.33
   -0.50   -6.14  -10.17  -16.80  -22.29
2030 2039
   28.44   29.06   48.16   44.85   44.23
   30.21   14.45   20.28   15.18    5.05
   20.68   12.13   16.17   17.06   -3.85
  -14.26   -4.99   -2.07   -0.47    0.21
  -22.35  -11.49   -5.66   -5.36    1.37
  -15.79   -9.65  -12.19  -10.16   -5.91
   -9.66   -9.90  -15.89  -18.85  -16.26
2040 2049
  -13.23    4.98   28.40    3.15    2.72
  -18.27    1.87   15.81   -5.52   -5.21
    7.82   19.30   19.58    6.14   -8.75
  -19.29    1.86   14.26   34.55   21.52
  -18.07  -10.74    2.09   24.17   40.74
   -9.98  -10.84   -8.89   -6.06   -2.27
  -10.41   -9.91   -7.65   -8.89   -9.08
2050 2059
   44.15   20.00   31.95  -15.38  -19.39
   50.61   23.56   51.05   13.81   -8.65
   38.14    0.20   -5.92    4.24    5.95
   22.89    4.70  -16.32  -12.43   12.17
    3.04    5.17    2.48   10.84   24.23
  -12.64   -5.64   -7.20    3.12   27.40
  -13.12  -11.67  -12.79  -14.60   -8.90
2060 2069
    6.33   -9.94   -0.78   -9.43  -10.83
   -2.52  -14.16  -28.05  -35.68  -33.85
   -8.88  -20.29  -38.18  -49.08  -43.15
  -43.37  -46.33  -46.09  -45.09  -39.23
  -50.68  -50.67  -48.59  -46.48  -38.69
  -41.57  -46.27  -47.09  -50.35  -50.12
  -32.52  -38.18  -38.75  -42.66  -47.68
2070 2079
   -0.21    0.60    1.22   -8.00   -6.79
  -12.81  -10.01  -14.99  -23.40  -32.21
  -17.66  -13.19  -23.87  -16.33  -25.05
  -34.62  -26.13  -18.42   -0.71   -4.40
  -44.52  -36.26  -27.12  -11.01   -1.84
  -27.99  -31.84  -29.26  -22.28   -6.51
   -9.28  -14.31  -13.07  -11.47   -8.94
2080 2089
   -5.60  -17.51    5.60   -2.54    3.22
  -24.89  -36.37   -1.08   11.21    0.83
  -13.65  -12.15    7.19   23.92    4.04
  -10.00   -2.66    0.69   10.27    7.41
  -20.62  -17.54  -14.77    0.09    4.08
  -19.43  -25.91  -26.50  -20.69  -13.23
  -15.66  -21.08  -23.75  -23.72  -22.79
2090 2099
    3.96    3.03   -7.60  -14.24   -9.65
  -21.48  -38.92  -45.97  -31.67  -24.12
  -18.71  -40.70  -48.45  -46.61  -43.12
  -30.64  -36.97  -41.71  -43.57  -35.39
  -38.01  -44.80  -42.00  -39.97  -27.11
  -27.08  -37.30  -35.33  -34.03  -26.24
  -10.41  -16.60  -19.08  -22.62  -22.11
