Mean monthly rainfall - Model Simulations
NaN indicates insufficient data is available
Refer to Accompanying Documentation
GRIDBOX LONGITUDES
           5
   31.25   33.75   36.25   38.75   41.25
GRIDBOX LATITUDES
           7
  -11.25  -13.75  -16.25  -18.75  -21.25  -23.75  -26.25
MODEL CLIMATOLOGY 1970-1999 (mm)
  215.41  208.49  198.39  195.21  200.60
  226.69  230.22  215.94  211.71  222.67
  235.60  252.07  232.95  214.14  207.60
  202.41  213.41  179.14  157.67  164.27
  166.66  159.92  114.59   93.99  113.35
  153.31  117.61   74.79   54.20   66.69
  164.89  104.02   62.60   41.78   43.94
Mean Anomalies over 10-year time slices (%)
2000 2009
   -5.80   -7.71   -7.45   -1.91    7.67
   -6.91   -7.77   -7.49   -3.99    2.16
   -5.13   -4.81   -5.33   -5.97   -5.59
   -2.51   -2.32   -2.34   -4.61   -7.91
    0.70    0.67    3.04    0.40   -6.99
    2.42    3.38    9.36    9.84   -0.97
    1.20    2.47    5.24    4.86   -1.34
2010 2019
   -4.81   -2.88   -0.57    2.21    4.36
   -7.62   -3.98    0.03    3.18    4.18
   -6.33   -3.62   -0.06    3.96    6.64
   -5.54   -3.62    0.63    6.49    9.54
   -4.34   -3.73    1.98   10.88   12.61
   -2.20   -3.61    2.92   12.90   12.98
    0.70   -1.78    1.70    8.72   11.18
2020 2029
   -3.08   -2.19   -2.40   -4.50   -6.97
   -4.39   -2.73   -2.09   -2.97   -4.43
   -5.64   -4.37   -3.73   -5.01   -7.32
   -4.83   -4.57   -4.76   -6.04   -7.50
   -1.92   -3.07   -4.46   -6.03   -6.40
    3.03    2.15    1.69   -1.33   -5.30
    5.45    6.15    6.38    1.89   -6.37
2030 2039
   -1.60    0.76    3.19    7.70   12.70
    0.68    4.29    8.35   12.93   16.13
    3.81    6.50   11.96   17.36   19.68
    4.32    5.38    9.94   15.17   16.52
    3.59    2.18    4.31    8.34    9.31
    2.09   -2.55   -1.30    1.22    0.28
    0.47   -3.83   -4.00   -5.59   -9.93
2040 2049
   -0.32    0.73   -3.10   -7.20   -9.59
   -4.15   -2.52   -1.44   -1.77   -2.92
   -6.30   -4.52   -1.55    0.69    1.39
   -8.39   -5.10    0.21    4.35    3.82
   -9.07   -4.70    3.70   10.09    5.20
   -5.21   -2.38    6.67   12.69    3.20
   -2.07   -0.97    6.70   10.16   -2.17
2050 2059
    4.34    8.78   13.25   18.02   21.28
   -0.93    4.32   10.50   16.19   19.12
   -1.53    1.74    6.39   11.50   14.54
   -0.71    1.98    5.00    8.69    9.63
    1.30    3.46    4.15    5.36    4.23
    3.91    4.94    3.36    2.37    1.49
    3.27    0.16   -0.61   -0.38   -2.03
2060 2069
    9.45   10.95   10.24   10.31   10.91
    3.03    7.30   10.30   13.35   15.39
   -1.93    3.44    7.98   12.66   16.21
   -6.27    0.05    8.59   16.33   18.15
   -9.07   -3.76    9.78   23.04   20.69
   -6.07   -6.36    6.63   23.56   21.60
   -4.76   -9.97   -0.87   14.83   17.94
2070 2079
    5.52    5.07   -0.37   -3.91   -3.87
    2.79    4.00    2.44    2.01    3.14
    2.69    5.59    6.15    6.99    8.45
    2.94    5.79    8.35   12.67   16.31
    4.83    5.98   11.45   22.75   28.11
    9.56    7.76   15.96   35.98   44.33
   10.21   10.31   18.96   39.51   52.37
2080 2089
    9.59   14.59   14.75   11.66    6.92
    4.74   11.55   15.85   15.82   12.56
    0.96    8.20   13.50   16.10   16.27
    1.25    7.93   12.44   14.65   13.95
    3.31    8.68   11.43   11.33    8.60
    5.18    8.77   10.06    7.00    3.93
    3.18    1.13    3.86    5.10    2.20
2090 2099
    8.44   13.21   14.76   15.45   14.49
    5.40   11.12   16.96   20.11   18.70
    3.01    6.96   13.63   17.91   17.48
   -1.52    0.72    9.66   16.64   15.83
   -7.10   -7.93    2.39   13.72   12.87
   -9.63  -15.87   -8.46    3.70    6.13
   -8.96  -19.61  -19.86  -13.56   -5.15
