Mean monthly rainfall - Model Simulations
NaN indicates insufficient data is available
Refer to Accompanying Documentation
GRIDBOX LONGITUDES
           4
    6.25    8.75   11.25   13.75
GRIDBOX LATITUDES
           4
    6.25    3.75    1.25   -1.25
MODEL CLIMATOLOGY 1970-1999 (mm)
   39.51   36.42   30.70   24.08
   91.95   89.00   69.93   55.99
  159.73  151.63  112.15   94.58
  220.32  223.65  162.94  136.31
Mean Anomalies over 10-year time slices (%)
2000 2009
  -22.83  -18.88  -15.48   -5.32
  -16.99  -11.33  -12.33  -12.59
   -1.37   -2.23   -1.99   -3.37
    4.25    4.37    1.20    0.61
2010 2019
  -32.32  -23.48  -21.80  -21.14
  -26.89  -20.19  -19.42  -20.54
  -14.13  -12.49  -15.83  -16.10
   -1.22   -1.96   -9.86  -10.56
2020 2029
  -10.96   -0.74   13.77   18.54
  -16.87  -14.68  -12.66   -8.85
  -15.97  -15.51  -17.08  -13.90
   -7.27   -9.08  -15.16  -11.65
2030 2039
  -15.17  -11.29   -6.21   12.37
  -21.37  -21.48  -13.64   -1.86
  -12.15  -14.58   -9.16   -2.87
   -4.68   -7.26   -8.89   -4.04
2040 2049
   -4.23    1.81   13.49   23.86
  -14.68  -13.78   -8.25   -3.08
  -12.50  -16.32  -16.06  -10.30
   -4.95   -8.51  -12.01  -11.89
2050 2059
    9.22   11.36   16.67   27.22
   -4.88   -6.99    1.39    7.67
   -1.18   -4.94    0.75    5.72
    4.01    1.49   -0.12    3.70
2060 2069
    0.18   -2.20   -0.30    8.66
   -7.82  -10.70   -0.41    5.32
    4.67   -4.84    3.12    8.10
   16.78    8.38    5.13    8.34
2070 2079
   19.92   17.56   16.41   26.31
    0.71   -5.17    3.83   11.75
    4.45   -3.53   -0.32    7.41
   10.91    5.19    3.49    8.63
2080 2089
  -10.72    6.22   20.84   28.68
  -10.02   -6.03   16.46   31.86
    2.50   -6.78   13.40   30.08
   13.67    5.04   14.48   26.65
2090 2099
   -2.01    5.84   24.37   38.25
   -8.40   -9.89    8.10   20.23
    5.68   -6.22    1.70   11.12
   12.58    3.27    1.46    9.35
