Mean monthly rainfall - Model Simulations
NaN indicates insufficient data is available
Refer to Accompanying Documentation
GRIDBOX LONGITUDES
           4
    6.25    8.75   11.25   13.75
GRIDBOX LATITUDES
           4
    6.25    3.75    1.25   -1.25
MODEL CLIMATOLOGY 1970-1999 (mm)
   82.32   98.47  118.22  108.77
  116.71  139.53  173.91  165.70
  151.93  175.65  211.94  203.51
  184.81  201.02  215.83  201.80
Mean Anomalies over 10-year time slices (%)
2000 2009
   11.68    7.01    3.76    4.16
   13.02    9.23    6.84    6.43
   12.66    9.86    7.76    6.85
   10.22    8.25    5.49    4.52
2010 2019
    8.44    8.07   10.38   11.40
   10.00    8.70    9.87   10.37
   10.01    8.45    8.47    8.31
    7.48    6.18    4.54    3.12
2020 2029
    4.56    4.29    4.92    6.66
   10.71    8.31    6.95    7.13
   10.26    8.03    6.49    6.07
    2.03    2.05    1.93    1.89
2030 2039
    4.12    2.89    2.38    2.10
    5.69    5.98    7.41    7.14
    6.50    7.38    9.15    8.68
    5.67    5.90    5.76    5.07
2040 2049
   13.20   12.86   17.61   19.81
   10.59    9.38   12.76   13.16
    9.11    7.35    8.89    8.32
    9.16    7.37    5.03    3.64
2050 2059
    4.07    3.93    5.35    6.51
    6.50    6.43   10.63   11.31
    8.22    7.97   12.18   12.20
    8.57    7.83    8.27    7.46
2060 2069
   19.27   16.44   13.25   13.38
   19.30   14.64   13.97   13.60
   17.47   13.12   13.58   12.78
   14.74   12.65   11.63   10.17
2070 2079
   22.30   22.71   22.34   23.51
   24.64   19.66   18.48   19.04
   23.22   17.78   17.13   17.37
   18.68   18.54   19.84   19.47
2080 2089
   31.51   29.07   23.87   23.68
   27.77   23.50   22.45   22.78
   26.46   22.99   23.41   23.54
   29.24   29.85   28.23   26.62
2090 2099
   45.83   41.19   32.00   32.25
   44.68   35.35   28.98   29.09
   40.40   32.68   29.49   29.36
   32.21   33.23   34.08   33.36
