Mean monthly rainfall - Model Simulations
NaN indicates insufficient data is available
Refer to Accompanying Documentation
GRIDBOX LONGITUDES
           4
    6.25    8.75   11.25   13.75
GRIDBOX LATITUDES
           4
    6.25    3.75    1.25   -1.25
MODEL CLIMATOLOGY 1970-1999 (mm)
  113.80   98.73   81.73   68.50
  144.36  147.29  144.22  135.59
  106.39  112.85  138.74  161.20
  114.70   99.04  101.98  132.52
Mean Anomalies over 10-year time slices (%)
2000 2009
   -2.25    0.26    9.01    9.11
   -5.87   -5.70   -4.25   -7.07
    5.32    5.88    1.30   -0.05
   -8.74   -3.52    2.22    8.05
2010 2019
   13.60   16.66   24.51   29.07
    5.76    8.96   13.46   13.29
    2.71   -4.41   -6.63   -0.46
   -2.40   -6.56   -4.92    2.40
2020 2029
   12.34   18.29   26.15   26.63
   -4.45   -0.47    3.35    1.72
   12.46   -0.35   -3.91   -2.55
    6.99    3.70    6.31    5.07
2030 2039
    6.86    4.13    5.63    7.27
   -1.86    3.73    7.57    5.55
   -2.11   -1.24   -1.43    1.34
   -4.45   -0.77   -0.79    1.23
2040 2049
    3.91   10.35   20.39   22.49
   -7.62   -2.75    7.97    9.43
    1.10   -5.86   -6.55   -3.52
   -8.51  -10.16  -13.07   -6.32
2050 2059
    1.22   10.39   23.75   29.73
  -10.99    1.29   18.23   20.68
   -1.38   -6.47   -4.48    1.45
   -3.34   -0.89    2.11    5.63
2060 2069
   -1.16    2.09    6.92   12.79
   -4.82   -2.51    4.36   10.25
    2.98    2.16   -2.26    3.19
   -6.98    0.03    3.06    3.58
2070 2079
   -2.50    5.26   14.13   19.64
  -14.10   -1.28   11.72   16.72
   -5.16   -5.54   -4.60    1.35
  -10.27    0.53    3.26    6.09
2080 2089
    2.49    7.51   19.00   18.83
   -4.60    1.61   10.55    8.52
    0.81   -1.26   -5.23   -2.41
  -13.02   -7.08    1.93    9.12
2090 2099
   -4.90    4.41   17.53   19.14
  -16.14   -8.04    1.87    1.43
    3.80   -0.15   -3.51   -4.48
   -4.40    0.80    9.73    6.67
