Mean monthly rainfall - Model Simulations
NaN indicates insufficient data is available
Refer to Accompanying Documentation
GRIDBOX LONGITUDES
           4
    6.25    8.75   11.25   13.75
GRIDBOX LATITUDES
           4
    6.25    3.75    1.25   -1.25
MODEL CLIMATOLOGY 1970-1999 (mm)
  193.06  167.00  194.70  181.62
  352.52  238.06  178.59  141.25
  325.83  296.52  167.93  130.41
  283.11  268.42  148.73  118.84
Mean Anomalies over 10-year time slices (%)
2000 2009
   -1.34   -2.57   -3.24   -4.10
   -2.05   -2.48   -2.28   -0.09
   -1.81   -2.98   -3.00   -2.19
    7.17    3.78    1.42    1.66
2010 2019
    0.34    1.42    3.18    0.12
   -2.12   -1.29    4.25    3.85
   -2.05   -4.32    1.60    2.49
    0.40   -2.86   -2.73   -2.13
2020 2029
    2.25    9.06    6.39    1.28
   -1.01    6.75   10.77   11.29
   -3.34   -3.70    4.09    8.82
   -4.43   -6.19   -0.12    0.71
2030 2039
   -0.53    1.83    3.08    4.48
    2.36    2.32    4.40    7.50
    3.58    0.41    0.47    5.01
    5.19    2.79    0.67    4.00
2040 2049
   -2.06    0.36    2.33    3.67
   -2.72    1.05    0.48    1.44
   -3.42   -1.76   -1.57   -3.98
   -1.39   -1.45   -0.94   -6.95
2050 2059
    2.90    8.90    8.16    8.12
    2.09    5.16    8.50    8.18
    1.47    0.20    2.48    1.45
    2.23    1.70   -1.98   -3.42
2060 2069
    8.26   15.29   15.42   15.39
   -1.68    5.09   14.66   18.12
   -5.72   -5.80    4.15    7.09
   -3.24   -8.02    0.73    0.88
2070 2079
    5.74    6.39    7.01    9.32
    7.29   12.41   13.42   12.96
    9.49    6.30   12.38    9.07
    9.02    2.67    2.53   -1.02
2080 2089
    5.95    9.25   20.21   23.46
    3.93   10.88   22.18   23.14
    3.69    1.85   10.93   10.66
   -0.32   -5.16   -1.93   -2.95
2090 2099
    1.96    7.97   23.15   24.78
    1.77    6.23   21.25   22.58
    2.98   -2.88    9.04   12.13
    0.35   -6.42    0.30    0.35
