Mean monthly rainfall - Model Simulations
NaN indicates insufficient data is available
Refer to Accompanying Documentation
GRIDBOX LONGITUDES
           4
    6.25    8.75   11.25   13.75
GRIDBOX LATITUDES
           4
    6.25    3.75    1.25   -1.25
MODEL CLIMATOLOGY 1970-1999 (mm)
  105.65  156.08  149.76  124.76
  101.14  178.75  190.50  168.58
  104.45  171.02  213.73  198.29
   97.04  139.76  220.53  222.58
Mean Anomalies over 10-year time slices (%)
2000 2009
    2.43    4.80    5.97    5.79
    1.99    1.22    1.79    4.45
    0.26    2.49    3.98    2.51
    4.03    9.51    7.70    5.28
2010 2019
   -7.37   -7.41   -7.57   -1.78
   -8.10   -5.15   -2.31    4.68
   -8.85   -5.23    1.23    3.78
   -8.33   -5.52    0.03    3.93
2020 2029
  -15.52  -14.29  -15.03  -15.13
   -9.58   -6.51   -5.96   -6.28
  -11.43   -8.43   -2.95   -4.90
  -13.65  -12.70   -5.12   -6.53
2030 2039
  -20.35  -18.81  -18.69  -13.92
   -6.90   -9.56   -9.14   -8.37
   -5.73   -8.40   -4.79   -3.96
   -7.56   -6.89   -4.88   -2.69
2040 2049
  -10.11   -8.02   -5.64   -0.83
  -12.41   -8.47   -6.56   -3.07
  -19.16  -12.84   -6.30   -5.87
  -20.78   -9.33   -3.81   -6.17
2050 2059
  -22.58  -20.08  -18.20  -17.34
  -11.36  -12.28  -11.75  -12.41
  -11.87  -15.71  -11.92  -10.80
  -18.42  -19.65  -13.32  -12.78
2060 2069
  -25.36  -20.07  -16.36  -13.06
  -14.72  -10.29   -6.61   -5.05
  -10.25   -7.63   -1.35   -1.71
  -14.35  -12.24   -4.02   -1.97
2070 2079
  -19.49  -17.94  -16.67  -15.08
  -18.45  -15.24   -9.86   -5.56
  -23.57  -19.48  -10.12   -7.61
  -30.07  -25.43  -14.38  -10.98
2080 2089
  -28.53  -27.79  -25.60  -24.26
  -22.13  -17.44  -13.39  -10.21
  -20.87  -16.27   -9.06   -5.81
  -23.99  -19.16  -11.16   -6.61
2090 2099
  -24.05  -24.94  -20.40  -17.27
  -17.09  -12.62  -12.47  -12.51
  -19.23  -12.93   -8.06   -8.08
  -28.38  -19.57  -10.30   -6.32
