Mean monthly rainfall - Model Simulations
NaN indicates insufficient data is available
Refer to Accompanying Documentation
GRIDBOX LONGITUDES
           4
    6.25    8.75   11.25   13.75
GRIDBOX LATITUDES
           4
    6.25    3.75    1.25   -1.25
MODEL CLIMATOLOGY 1970-1999 (mm)
   51.01   61.95   49.21   43.29
   69.13  119.63  106.93   98.84
  113.07  166.04  160.04  147.26
  138.87  186.77  200.46  189.70
Mean Anomalies over 10-year time slices (%)
2000 2009
   13.51   14.36   10.53    9.24
    9.99   13.38   13.78   12.30
    8.41   13.76   12.47   10.45
   12.79   11.45   11.90   13.72
2010 2019
    4.22   15.94   25.26   16.35
   -5.73    4.17    8.50    5.70
   -0.46    1.85    1.40    5.25
    9.90    7.66    6.02    8.49
2020 2029
    1.25   -2.01   -6.55   -9.40
    1.25    0.15   -2.55   -3.02
    4.79    4.03    0.95    0.12
   11.62    8.59    5.17    6.15
2030 2039
   -7.31   -8.04  -15.31  -19.60
   -2.24   -4.80   -7.52  -10.55
   -5.90   -8.91   -8.86   -8.82
   -0.79   -2.72   -0.55    1.78
2040 2049
   12.21   13.70   11.47    7.09
   20.27    8.44    3.46    0.73
    7.79    1.76    0.06    4.86
    2.94    1.07    1.86    8.35
2050 2059
   18.80   28.11   40.10   36.07
   25.51   20.91   25.60   19.38
    9.14    7.58    7.04    5.61
    4.49    2.37    4.05    6.26
2060 2069
    6.38   11.24   17.90   17.96
   19.05   10.12    9.52   10.93
   10.76    6.90    6.00    9.38
    9.22    4.64    4.14    9.72
2070 2079
   46.10   46.51   53.74   56.90
   38.33   22.76   23.02   23.12
   18.66   11.28    8.50    9.14
   16.96   12.09    8.24    7.53
2080 2089
   19.60   24.52   28.48   25.88
   20.40    9.97    9.35   10.21
    8.04    2.62    0.54    0.71
   16.00    8.39    5.36    5.31
2090 2099
   18.83   25.84   37.20   43.91
   37.23   20.02   21.37   22.56
   23.02   12.63    9.71   12.39
    6.76    3.53    5.90   13.24
