Mean monthly rainfall - Model Simulations
NaN indicates insufficient data is available
Refer to Accompanying Documentation
GRIDBOX LONGITUDES
           4
    6.25    8.75   11.25   13.75
GRIDBOX LATITUDES
           4
    6.25    3.75    1.25   -1.25
MODEL CLIMATOLOGY 1970-1999 (mm)
  208.32  216.57  234.24  219.28
  277.56  239.31  213.55  193.62
  280.49  269.39  197.74  184.41
  273.63  289.11  190.11  175.48
Mean Anomalies over 10-year time slices (%)
2000 2009
    0.92   -3.11   -5.02   -1.91
    3.36    3.56   -2.45   -2.58
    5.90    7.04    3.10    2.49
   12.19   13.56    6.93    3.23
2010 2019
    6.22    6.08    6.09    4.33
    6.88    5.99    4.19    3.42
    6.21    5.17    3.40    4.34
    0.87    2.00   -1.47    3.10
2020 2029
    2.43    2.59    3.95    3.91
    4.56    6.67    6.11    3.31
    6.79    6.63    4.01    3.71
   -3.63   -1.19   -1.84    2.45
2030 2039
    2.73   -0.48    2.08    5.18
    5.67    5.94    4.83    5.64
    7.88    7.97    5.61    4.12
    4.62    6.42    1.26   -1.84
2040 2049
    2.13    0.62    4.64    5.08
    8.26    7.12    8.58    5.94
   10.05    9.05    6.84    4.82
   -3.17    0.82   -1.58    1.21
2050 2059
    1.22    3.67    8.46   14.07
   -2.05    2.01    8.28   10.46
   -0.70   -0.31   -0.04    0.70
   -0.71    0.40   -5.79   -5.30
2060 2069
    9.91   15.55   21.95   26.21
    0.87    8.50   15.31   16.55
    1.41   -0.18    0.60    2.38
   -9.67   -8.72   -7.76   -5.74
2070 2079
    6.86    9.11   13.25   17.29
    3.99    6.63   11.26   11.11
    2.31   -0.83    3.84    2.43
  -12.10   -8.23   -6.35   -4.93
2080 2089
   19.58   19.41   22.59   22.26
   17.07   16.34   18.39   18.33
   11.22    6.46    4.97   11.41
  -17.36   -9.85  -10.00   -0.22
2090 2099
   10.66   16.62   26.15   28.64
    5.68    9.24   15.28   16.92
    3.06    0.24   -0.53    7.24
  -15.28   -8.62  -10.87   -0.82
