Mean monthly rainfall - Model Simulations
NaN indicates insufficient data is available
Refer to Accompanying Documentation
GRIDBOX LONGITUDES
           4
    6.25    8.75   11.25   13.75
GRIDBOX LATITUDES
           4
    6.25    3.75    1.25   -1.25
MODEL CLIMATOLOGY 1970-1999 (mm)
  215.66  226.71  205.02  192.04
  195.43  221.97  219.52  209.83
  127.06  165.90  195.99  202.17
   45.86   78.55  123.23  153.53
Mean Anomalies over 10-year time slices (%)
2000 2009
   -2.44   -1.61    2.68    4.29
   -4.78   -3.15    0.40    3.54
   -8.42   -5.72   -3.62    0.63
   -9.83  -11.01  -10.40   -6.33
2010 2019
   -0.24    1.04    2.02    1.26
   -3.63   -1.64    0.26    0.99
   -7.61   -5.20   -3.16   -0.78
   -6.59  -10.69  -12.31   -6.71
2020 2029
    4.22    3.19    2.47    2.96
    1.27    0.23   -0.94    0.82
   -2.39   -3.56   -5.03   -1.83
   -1.82   -8.37  -11.32   -5.27
2030 2039
   -5.98   -4.83   -2.52    0.21
   -6.10   -5.10   -3.16    0.90
   -5.38   -5.01   -3.89    0.52
   -5.59   -6.21   -5.68   -3.89
2040 2049
    5.00    6.92    9.19   10.23
    1.60    4.76    7.87    9.98
   -2.14    1.62    4.02    6.62
   -5.27   -4.87   -5.11   -2.31
2050 2059
    4.67    7.01   10.29    9.25
    4.10    6.61    6.92    7.03
    3.26    4.97    1.18    2.44
    2.27   -1.51   -6.95   -5.03
2060 2069
   10.96   14.55   19.42   14.66
    6.37   10.43   14.74   13.19
    0.89    5.34    7.74    9.99
   -3.14   -2.41   -2.66    4.08
2070 2079
   11.92   15.72   20.07   17.25
    9.18   13.31   15.51   15.15
    6.66    9.97    8.41    9.62
    8.87    6.35    0.31   -0.88
2080 2089
    6.12   10.45   15.54   15.95
   -1.79    3.71    9.59   13.30
   -9.35   -3.05    2.11    8.19
   -4.73   -5.86   -8.82   -2.53
2090 2099
   -1.13    6.99   17.48   19.70
   -4.10    3.35    9.07   13.85
   -4.18    0.44   -0.44    5.55
   -1.11   -5.52  -12.81  -10.11
