Mean monthly rainfall - Model Simulations
NaN indicates insufficient data is available
Refer to Accompanying Documentation
GRIDBOX LONGITUDES
           7
  -11.25   -8.75   -6.25   -3.75   -1.25    1.25    3.75
GRIDBOX LATITUDES
           7
   26.25   23.75   21.25   18.75   16.25   13.75   11.25
MODEL CLIMATOLOGY 1970-1999 (mm)
    4.23    3.11    4.36    5.25    6.38    7.61    4.77
    7.37   10.79   18.50   23.60   30.06   25.60   13.09
   33.93   45.18   51.13   63.39   66.07   55.82   35.13
   72.88   90.47   95.26  103.15  101.22   91.86   69.38
   94.18  126.23  151.28  159.48  155.38  129.83  112.81
  110.04  147.75  188.67  218.34  217.21  177.34  148.41
  121.44  146.94  209.27  247.92  235.18  204.64  184.73
Mean Anomalies over 10-year time slices (%)
2000 2009
  -31.07  -51.03  -47.31    3.37   18.66  -19.49  -61.65
  -15.06  -39.17  -27.56  -15.20    7.00    3.33  -11.18
    4.79  -16.87   -5.85    2.17   14.28   16.60    1.15
   -6.59   -5.03    5.34   11.42   13.24   13.74   11.14
   -5.10    4.41   12.23    9.20    7.46   -0.10   -0.51
   -2.62   -0.52    5.29    7.15    4.38    1.18    0.31
   -2.23    0.70    0.92    0.21    0.99    0.73    1.43
2010 2019
    9.93   47.69  195.65  235.55  261.17  233.68  315.27
  -19.82   25.08   80.84  105.36   99.09  111.76  177.34
  -17.96   12.28   45.05   50.67   58.45   63.61   81.91
  -33.62   -7.48   21.37   35.89   44.08   38.33   30.47
  -23.67  -14.76    1.73   19.45   28.84   30.50   15.95
  -16.39  -12.29   -1.96   10.23   16.45   15.69   10.05
   -8.82   -2.37    0.74    2.87    4.53   -0.22   -0.68
2020 2029
  -15.38   27.92    3.32   25.44   30.32   34.17   47.33
   -5.28  -44.41  -35.38  -19.85    0.22   10.02   27.58
  -11.87  -32.58  -10.35    6.97   17.79   16.17   12.10
  -17.65  -15.98    2.64   21.21   23.73   17.48   13.28
  -14.54  -10.76    0.83   14.59   16.11    6.41    2.49
   -9.21   -6.14   -1.19    6.22    7.59    3.82    0.36
   -7.38   -5.90   -6.08   -4.45   -4.04   -6.72   -2.51
2030 2039
   -3.20  -34.92   -7.43    6.75   33.24   17.04   -4.81
    4.02  -25.84  -13.03   22.30   51.82   52.31   55.06
  -16.30  -13.27   22.19   53.93   55.00   59.46   71.48
  -34.95  -16.21   22.57   43.78   49.08   43.79   35.73
  -34.47  -23.04    7.20   32.45   38.24   34.00   16.32
  -26.93  -18.08   -2.27   15.46   21.78   19.78   10.29
  -11.64   -9.39   -3.20    4.14    3.99   -0.35    1.78
2040 2049
  -25.85   32.46   75.92  155.97  145.67  122.79  117.86
  -33.38   -3.45   61.21   77.10   87.76   80.72   93.87
  -28.01   -0.09   38.29   50.02   50.83   49.32   63.90
  -24.86  -11.24   17.46   37.86   39.96   37.33   24.23
  -30.16  -15.78    8.83   26.13   32.75   25.55   19.08
  -17.37   -8.65    7.23   17.36   18.64   15.10   13.22
   -5.26   -5.23    0.45    2.97    3.29    1.84    6.09
2050 2059
   -2.05    3.38    0.81   41.84   68.77   80.13   53.89
  -28.80   -6.53   32.18   56.83   85.22  102.06  147.05
  -33.36    2.76   40.18   58.69   63.40   75.85  105.60
  -36.76  -10.84   32.03   51.40   49.94   40.74   34.36
  -36.53  -16.88   13.37   37.27   41.48   31.52   14.13
  -23.73  -20.13   -1.97   18.08   23.37   20.20   12.86
   -3.57   -9.13   -6.56    0.57    4.36    2.48    6.31
2060 2069
  -48.08  -37.46  -14.09   33.24   61.01   53.13   26.03
  -33.70  -22.26  -11.94   28.95   48.97   51.02   74.19
   -7.11  -17.64    5.73   36.18   51.14   59.42   70.82
  -19.89  -10.40   20.69   43.68   47.78   40.41   35.15
  -15.87   -7.58   13.80   35.11   41.15   34.28   25.99
   -5.75   -2.54    7.16   19.73   22.29   23.13   19.17
   -1.38   -5.48    0.13    5.44    6.92    6.84    9.65
2070 2079
  -41.85  -46.24  -13.50   39.51   72.11   81.43   81.54
    4.42   11.69   38.10   61.24   66.93   80.00  134.81
   22.18   18.15   27.26   51.91   67.22   79.22  108.06
  -19.73   -4.81   19.81   46.28   58.24   55.03   50.23
  -28.10  -14.96    3.60   30.24   43.63   38.56   22.84
  -14.99   -6.92    5.75   16.97   21.15   22.12   13.41
    3.54   -2.39   -3.52   -1.03   -0.51   -1.54    0.82
2080 2089
   -2.47   14.31   84.43  296.48  328.28  284.39  340.76
  -16.43    2.56   75.28  130.99  166.80  187.14  299.40
  -25.18  -13.59   39.31   89.90  106.94  127.35  182.11
  -38.04  -17.88   20.80   67.92   90.78   87.59   77.66
  -32.50  -25.36    2.04   39.92   64.18   69.29   52.80
  -20.99  -13.05    0.72   14.63   27.36   34.51   27.50
    4.43   -5.57   -5.67   -0.22    5.65    5.92    6.51
2090 2099
  -75.95  -79.37   -3.82  144.16  255.95  270.13  298.06
  -67.25  -41.18   22.85   81.64  140.94  162.33  270.17
  -48.32  -38.94    7.62   60.22   93.34  109.46  155.96
  -57.67  -44.31    5.19   54.97   81.44   80.43   74.56
  -47.21  -36.92   -5.02   32.40   58.26   64.67   49.82
  -20.90  -13.63    0.79   16.55   24.10   28.27   22.18
    1.64   -3.53   -6.31   -5.68   -2.67   -5.62    0.82
