Mean monthly rainfall - Model Simulations
NaN indicates insufficient data is available
Refer to Accompanying Documentation
GRIDBOX LONGITUDES
           7
  -11.25   -8.75   -6.25   -3.75   -1.25    1.25    3.75
GRIDBOX LATITUDES
           7
   26.25   23.75   21.25   18.75   16.25   13.75   11.25
MODEL CLIMATOLOGY 1970-1999 (mm)
    6.82    5.31    3.99    2.85    2.44    2.76    3.08
    3.34    2.06    1.51    1.67    1.79    1.87    2.06
    1.95    1.66    1.59    1.73    1.72    1.56    1.49
    2.06    2.57    2.79    2.70    2.36    1.78    1.36
    6.25    7.89    8.40    7.80    6.48    4.45    3.23
   17.96   19.16   18.68   16.50   13.91   10.90    9.25
   52.44   46.23   39.37   31.86   28.06   27.98   28.30
Mean Anomalies over 10-year time slices (%)
2000 2009
    2.02  -12.84  -29.35  -46.66  -51.92  -35.63  -12.57
  -19.58  -30.20  -45.80  -51.17  -39.06  -12.06   30.68
  -37.80  -25.88  -15.93  -11.89    5.73   42.19  101.21
  -12.98  -27.03  -20.02    5.39   32.07   72.04  118.72
   -0.84    9.15   17.25   27.32   33.08   33.47   36.13
    3.62   14.36   21.12   25.61   25.44   17.26   12.17
    7.40    8.52    9.70   11.05   12.55   13.67   13.36
2010 2019
  -25.76  -24.98  -22.94  -18.24  -15.42  -17.52   -0.29
  -30.60  -20.72  -11.18  -14.64  -14.26  -10.76   15.02
  -23.34   -2.07    2.96  -12.21  -13.15    0.13   30.95
   14.81   21.24   15.22   -2.30  -10.31   -6.81    4.91
   10.41    6.81   10.32   21.02   26.08   22.97   13.53
    6.22    5.04   10.03   23.25   29.34   23.92   15.78
    5.53    9.45   12.88   15.70   15.93   12.42   12.74
2020 2029
  -10.78  -21.30  -32.26  -42.15  -42.27  -28.17  -14.80
  -20.81  -35.91  -53.74  -53.96  -46.97  -33.70  -19.79
  -30.18  -32.46  -36.86  -42.03  -36.96  -20.02   -3.19
   -3.20  -14.51  -19.11  -20.10  -15.22    0.94   35.53
    1.64   -6.35   -6.39   -0.10    6.36   16.24   32.61
    3.77   -3.60   -4.06    2.85    8.93   14.27   17.90
    6.94   -1.20   -4.48    0.06    4.73    7.72    8.17
2030 2039
  -34.66  -42.83  -50.75  -56.57  -56.99  -49.29  -41.94
  -44.17  -49.31  -56.17  -57.60  -56.37  -52.93  -49.27
  -45.92  -33.13  -30.00  -38.92  -41.68  -38.95  -40.69
  -14.90   -8.01  -10.63  -21.38  -23.99  -14.94   -7.12
   10.77    3.58    3.58    9.33   15.09   23.61   25.54
   10.63    7.56    9.36   17.03   22.91   26.43   23.70
    6.50   11.03   14.86   17.78   19.04   17.45   16.14
2040 2049
   -5.13  -19.55  -32.00  -37.35  -42.91  -44.39  -25.44
  -18.87  -32.35  -47.56  -46.56  -42.76  -36.46  -10.42
  -46.01  -43.08  -37.14  -30.02  -20.26   -5.04   23.40
  -21.94  -17.22   -9.00    4.63   15.54   26.82   45.96
  -12.17    2.25    9.88   15.34   22.45   36.10   41.84
   -0.95    4.21    9.38   16.16   23.63   33.16   30.45
   10.75    1.73    1.44   15.51   26.52   28.86   22.55
2050 2059
  -27.13  -29.00  -30.39  -30.34  -26.93  -21.35  -22.44
  -28.95  -28.36  -29.15  -31.69  -31.79  -29.92  -30.69
  -28.73  -32.31  -30.93  -24.44  -21.50  -21.33  -25.67
   -9.84  -24.26  -23.63  -11.30   -7.56  -15.71  -26.98
   -1.48   -2.35   -1.73    0.37    0.27   -4.03   -9.88
   -0.58   -1.45   -0.46    2.85    4.47    3.37    2.67
   -0.23   -7.77   -8.24    2.88   10.26    9.45   10.13
2060 2069
  -42.56  -50.53  -51.72  -36.48  -28.14  -36.37  -33.55
  -51.43  -45.17  -32.01  -22.05  -21.19  -27.61  -21.50
  -44.94  -27.36  -12.82   -7.10   -6.07   -9.52    0.86
   -8.84  -27.46  -21.62    4.83   14.40    1.58   11.38
    4.10   -6.75   -8.25   -2.89    1.92    8.04   18.53
    3.80   -2.00   -3.93   -2.23    0.31    4.58    7.07
    2.94   -2.64   -3.08    4.93    6.50   -1.60   -5.31
2070 2079
  -32.80  -47.62  -60.50  -66.27  -67.33  -60.74  -54.84
  -48.31  -59.27  -73.71  -76.44  -75.94  -72.81  -68.22
  -69.98  -62.02  -59.98  -65.39  -69.22  -72.54  -74.39
  -56.54  -52.25  -50.43  -49.91  -52.09  -59.43  -64.02
  -30.11  -35.05  -35.65  -33.01  -31.72  -32.39  -38.17
   -9.80  -22.58  -26.26  -21.18  -16.62  -12.42  -15.09
    6.89   -9.33  -15.03   -3.75    4.64    5.61    1.63
2080 2089
  -40.13  -45.25  -49.14  -49.33  -56.42  -67.87  -69.21
  -56.42  -52.70  -50.62  -54.52  -60.86  -69.58  -70.94
  -68.36  -41.71  -29.38  -37.78  -44.54  -51.59  -59.61
  -40.68  -19.30  -10.05   -6.97   -9.91  -23.51  -42.76
   -5.33   -8.34   -4.00    8.09    9.96   -6.54  -31.11
    6.33   -3.04   -1.79   11.39   14.69    1.44  -12.33
   12.47    2.51    0.96   13.18   17.39    8.66    4.75
2090 2099
  -47.35  -56.55  -61.87  -56.87  -50.68  -47.66  -41.06
  -58.69  -65.49  -70.88  -66.50  -64.71  -64.89  -55.68
  -69.28  -64.58  -63.16  -65.96  -63.37  -54.55  -43.52
  -69.13  -63.53  -58.08  -50.92  -40.22  -19.44    4.37
  -24.28  -19.05   -7.52   14.03   29.30   40.09   41.76
    3.05    1.01    8.86   29.87   43.54   46.22   40.87
   21.83   14.88   15.38   28.22   36.34   34.60   34.41
