Mean monthly rainfall - Model Simulations
NaN indicates insufficient data is available
Refer to Accompanying Documentation
GRIDBOX LONGITUDES
           6
   11.25   13.75   16.25   18.75   21.25   23.75
GRIDBOX LATITUDES
           7
   -3.75   -6.25   -8.75  -11.25  -13.75  -16.25  -18.75
MODEL CLIMATOLOGY 1970-1999 (mm)
   85.53   54.83   44.27   39.53   44.85   42.31
   39.37   19.77   19.42   17.37   14.66   13.58
    9.90    8.36    7.87    7.42    5.75    4.70
    4.28    5.23    3.37    2.39    1.88    1.39
    1.76    1.63    1.39    1.07    0.81    0.68
    1.04    0.72    0.92    0.74    0.55    0.50
    1.48    0.64    1.13    1.56    1.65    1.54
Mean Anomalies over 10-year time slices (%)
2000 2009
    3.83   -2.09   -5.25   -4.62   -9.76  -10.01
   -5.37   -2.75   -9.89  -17.31  -13.58   -1.94
  -13.11    2.47   -2.85  -34.65  -36.11  -12.77
  -23.70   -0.62  -14.65  -58.86  -70.79  -44.05
  -43.90  -22.62  -40.98  -61.49  -80.52  -88.22
   -7.05   -3.44  -25.01  -48.24  -19.04  -26.65
    0.95  125.77   40.26  -20.96  -35.10  -24.64
2010 2019
  -16.28  -11.20   -6.36   -4.97    0.21   -0.69
   -7.37   -6.82  -15.95  -17.48    6.14   20.68
   33.79   19.70  -16.39   -7.85    9.83   45.51
   10.68   22.28    0.36   33.04   44.76  101.97
  -21.63    7.82    7.39   23.22   14.79   46.55
  -12.47  -37.35  -27.08  -41.97  -28.81  -11.86
   29.54   -0.93  -33.80  -46.35  -24.72   -3.72
2020 2029
  -19.59   -8.93   -7.82    2.43    9.19    7.08
  -29.62  -15.59   -9.22    0.71   16.69   23.35
  -29.05  -14.21  -17.43   -3.68   26.85   54.80
  -13.94  -11.63  -18.84   32.25   81.31  139.39
  -16.50  -21.51  -21.87   84.13  184.39  240.12
  -16.01  -75.44  -64.94    5.08  103.51  164.91
    2.89  -50.46  -53.20  -56.51  -55.39  -29.58
2030 2039
    0.32    0.09    8.27   15.71   31.79   36.16
    5.77   -0.79   -5.17    1.94   35.60   58.69
   37.03   30.39  -16.00  -20.01  -20.31   18.20
   50.52   37.66  -12.61  -53.96  -47.21  -13.80
   32.25    2.79  -21.92  -49.21  -29.63   10.14
  -39.77  -76.62  -62.49  -13.39   85.01  118.22
  -19.92  -58.76  -67.96  -47.72   -5.86   32.87
2040 2049
  -29.35  -28.15  -28.14  -16.31  -13.37  -18.67
  -47.60  -44.39  -51.65  -42.04  -31.86  -23.54
  -42.44  -27.91  -65.40  -55.48  -48.15  -32.42
  -16.12  -23.67  -67.35  -73.93  -61.32  -49.74
  -29.93  -54.78  -85.55  -89.20  -87.38  -90.89
  -34.32  -91.60  -90.95  -92.39  -78.88  -78.52
    9.97  -54.61  -55.65  -65.77  -61.65  -66.88
2050 2059
   -7.25  -11.36   -7.05   -5.47   -8.77  -15.58
    5.47  -11.97  -23.47  -20.51  -20.74  -23.27
   18.19    8.55  -31.87  -29.15  -32.48  -36.41
   42.04   17.53  -22.39  -21.21  -52.29  -55.72
   86.42   14.86  -13.90  -13.18  -49.66  -71.83
  121.67   54.54   -4.20   49.19    9.56  -42.56
   56.59  128.61   24.23  -12.60  -48.13  -57.40
2060 2069
  -40.21  -45.00  -49.14  -30.72  -16.65  -19.06
  -59.53  -58.35  -67.74  -54.29  -38.00  -17.66
  -49.08  -38.17  -73.80  -64.32  -49.61  -10.59
  -10.28  -31.10  -77.90  -74.74  -58.61  -12.12
    1.96  -54.46  -87.85  -82.39  -60.88   -4.63
  -12.34  -92.72  -88.75  -56.95   64.79  261.09
   -7.33  -60.11  -88.46  -85.92  -43.15   21.03
2070 2079
  -25.32  -39.17  -29.80   -9.73   -1.56    1.12
  -20.38  -41.86  -47.88  -32.20  -21.37   -7.73
  -14.59  -20.43  -53.73  -36.62  -23.97   17.31
   17.06   -1.38  -39.51  -41.28  -27.30  -17.42
   48.18  -22.15  -45.23  -56.70  -72.91  -75.16
   72.38   -4.24  -69.45  -92.33  -90.44  -89.25
   70.23   50.64  -30.88  -74.57  -89.74  -81.98
2080 2089
  -44.84  -52.04  -50.15  -28.13  -11.73  -19.69
  -52.17  -62.92  -74.80  -66.80  -56.57  -53.11
  -44.85  -33.54  -80.18  -78.23  -81.98  -77.55
   -1.60  -28.21  -83.38  -83.90  -91.68  -86.14
   10.64  -55.18  -91.77  -91.41  -95.08  -89.69
  -13.56  -82.13  -98.58  -98.74  -87.50  -88.31
   63.01  -18.15  -86.42  -93.17  -93.56  -96.82
2090 2099
  -53.79  -52.32  -50.70  -32.36  -21.57  -27.78
  -67.62  -68.02  -73.48  -66.52  -56.28  -49.83
  -46.83  -36.61  -75.30  -81.90  -75.81  -66.42
    0.17  -14.55  -61.39  -66.80  -72.45  -53.08
   -1.76  -38.36  -42.02  -47.55  -83.77  -71.24
  -37.10  -69.96  -35.29  -22.92  -52.99  -50.28
    4.20  -50.67  -75.43  -85.12  -79.14  -76.84
