Mean monthly rainfall - Model Simulations
NaN indicates insufficient data is available
Refer to Accompanying Documentation
GRIDBOX LONGITUDES
           6
   11.25   13.75   16.25   18.75   21.25   23.75
GRIDBOX LATITUDES
           7
   -3.75   -6.25   -8.75  -11.25  -13.75  -16.25  -18.75
MODEL CLIMATOLOGY 1970-1999 (mm)
   94.53  112.68  123.99  128.31  125.63  122.75
   45.64   73.29   98.07  115.63  120.88  118.99
   27.08   51.29   78.09  101.93  111.94  114.11
   21.05   48.66   77.12   99.82  109.90  111.41
   19.01   50.08   79.61  100.21  108.75  107.81
   16.74   45.74   74.66   96.09  103.31  100.13
   14.29   37.14   59.93   76.98   84.66   83.95
Mean Anomalies over 10-year time slices (%)
2000 2009
    1.61    1.84    2.41    3.11    2.54    1.82
    5.66    1.27    1.47    3.55    3.08    2.64
    7.11   -4.66   -3.48    1.38    3.34    4.15
    5.65   -2.49   -0.16    4.16    3.57    2.89
    3.74    2.77    5.39    8.05    3.32    0.30
    4.49    7.24    9.39   10.23    2.14   -2.81
    3.55    5.65    6.77    6.95    1.34   -2.30
2010 2019
   -6.56   -5.29   -3.99   -2.56   -1.28   -0.50
   -9.44  -10.41   -8.67   -5.42   -2.14   -0.84
   -6.53  -12.20  -10.88   -7.22   -2.98   -1.06
   -3.08  -11.87  -11.03   -7.45   -2.71   -0.34
   -1.77  -11.29  -10.19   -6.42   -2.34    0.02
   -3.47  -11.84   -8.99   -4.11   -2.58   -1.08
   -2.82   -9.45   -7.25   -3.33   -2.06   -0.91
2020 2029
   -6.94   -4.46   -3.14   -2.41   -0.85    0.42
   -8.63   -7.33   -6.13   -4.78   -3.12   -1.17
   -8.76  -10.99   -9.23   -6.35   -3.72   -0.51
   -5.00   -9.51   -8.77   -6.55   -3.52   -0.80
   -0.68   -6.99   -6.90   -5.22   -2.86   -1.52
    0.68   -6.75   -5.20   -2.08   -1.89   -2.36
    0.74   -8.06   -6.90   -3.75   -2.86   -2.52
2030 2039
    0.03   -1.52   -1.16    0.75    1.79    2.10
   -3.05   -6.36   -4.19    0.12    0.57    0.26
  -12.95  -13.74   -8.65   -2.71   -1.42   -0.40
  -13.92  -15.28  -10.45   -4.41   -1.53   -0.33
   -9.47  -13.77  -10.07   -4.34   -0.28    0.67
   -8.82  -12.69   -8.26   -2.06    2.12    3.01
   -2.96   -8.01   -5.69   -1.64    1.55    1.79
2040 2049
   -3.05   -3.41   -3.00   -2.07   -1.54   -1.61
   -1.36   -5.21   -4.91   -3.04   -3.47   -4.53
   -7.07  -11.84   -9.01   -4.67   -4.89   -6.09
   -9.55  -14.30  -10.46   -4.98   -3.60   -4.24
   -7.45  -12.23   -8.86   -3.60   -0.95   -1.06
   -2.51   -6.38   -3.90   -0.03    2.39    2.27
    1.09   -1.52   -0.75    0.96    2.88    3.59
2050 2059
   -4.64   -2.80   -0.08    3.20    4.54    3.52
   -7.51   -6.69   -4.14   -0.78    1.05    1.06
  -11.63  -10.88   -7.70   -3.82   -0.04    1.16
   -7.00  -11.66   -9.76   -5.93   -1.54   -0.19
    0.08  -10.75  -10.11   -6.55   -2.32   -1.38
    0.45  -10.24   -9.15   -5.39   -1.38   -0.94
    0.23   -9.84   -9.62   -6.69   -1.53   -0.30
2060 2069
   -6.94   -5.01   -2.25    1.27    4.99    6.30
   -9.54  -10.03   -7.14   -2.72    0.55    2.51
  -11.03  -15.69  -11.95   -5.73   -0.48    2.02
   -8.61  -15.77  -12.60   -6.59   -1.02    0.96
   -4.19  -13.30  -11.41   -6.59   -1.50   -0.33
   -0.11  -11.15  -10.38   -6.81   -2.25   -1.61
    2.19   -9.05  -10.03   -8.24   -3.47   -2.70
2070 2079
   -5.40   -3.27   -0.60    2.47    4.74    4.42
  -12.93   -9.43   -6.12   -2.86   -0.45   -0.04
  -13.96  -21.35  -16.23   -8.13   -4.79   -3.87
  -13.11  -27.07  -20.76   -9.91   -4.33   -3.33
  -11.47  -26.49  -20.66   -9.79   -1.95   -0.78
   -9.41  -22.70  -18.06   -9.12    0.54    2.55
   -3.07  -19.99  -17.78  -10.43    0.69    4.17
2080 2089
   -7.59   -4.69   -0.01    5.66    9.53    9.36
  -13.75  -10.85   -5.20    1.54    5.84    5.88
  -13.00  -17.28  -12.17   -4.42    1.55    2.71
   -6.49  -15.53  -12.71   -6.46    0.01    1.51
   -0.78  -11.50  -10.50   -6.16   -0.17    1.17
   -1.75   -9.96   -8.68   -4.94   -0.01    1.06
    1.94   -9.65  -10.25   -7.74   -1.65    1.00
2090 2099
   -7.31   -6.00   -1.32    5.87   11.02   11.46
  -15.71  -15.41  -10.12   -2.61    2.85    4.52
  -17.32  -24.83  -20.44  -12.21   -3.37    0.53
  -14.96  -27.95  -24.27  -15.73   -5.01   -0.21
  -12.22  -27.44  -24.28  -16.05   -5.17   -0.19
  -12.72  -27.86  -24.10  -15.87   -6.20   -1.16
   -7.73  -30.96  -29.31  -21.43   -9.13   -1.83
