Mean monthly rainfall - Model Simulations
NaN indicates insufficient data is available
Refer to Accompanying Documentation
GRIDBOX LONGITUDES
           6
   11.25   13.75   16.25   18.75   21.25   23.75
GRIDBOX LATITUDES
           7
   -3.75   -6.25   -8.75  -11.25  -13.75  -16.25  -18.75
MODEL CLIMATOLOGY 1970-1999 (mm)
  109.01  153.48  159.54  150.44  141.55  153.82
   90.45  134.63  183.55  210.69  205.40  196.16
   82.67  123.75  177.75  238.31  271.72  276.19
   71.39  117.99  167.48  235.53  298.38  327.96
   57.24  101.49  158.95  211.10  261.80  303.84
   26.21   55.59  110.50  156.34  196.97  233.82
    6.93   19.09   62.37  119.22  155.79  172.06
Mean Anomalies over 10-year time slices (%)
2000 2009
    4.06   -0.71    1.80    2.11    3.55    2.52
  -18.45  -15.58   -2.60    2.81    5.83    7.32
  -28.93  -27.47   -4.50    3.65    8.86   12.70
   -7.15  -10.54   -1.87    1.79    3.02    5.62
   15.39    4.02   -3.17   -3.91   -2.28   -2.49
   25.01    8.78   -4.38   -1.92    6.15    5.34
   16.73    8.58    2.24    6.53   12.62   12.20
2010 2019
   -0.88   -3.65    1.14    4.14    3.82    3.66
   11.53   -0.30   -0.71    4.28    6.51    8.73
   10.36   -0.47   -3.76    1.59    6.39    8.85
   -2.11   -5.81   -2.65    0.90    2.46    5.26
   -7.00   -2.14    1.05    1.87    3.41    5.48
   -3.57    2.55    7.80   10.18    9.71    8.45
  -12.84   -4.42    6.02   12.72    9.48    7.50
2020 2029
    0.25    1.11    0.74    1.93    3.59    6.83
   -3.42    0.63   -2.44   -3.44   -1.44    4.20
   -9.45   -4.18   -2.48   -4.57   -3.15    1.75
   -5.02   -3.29   -0.05    1.68    0.43    1.97
    6.33   -0.08   -2.68    5.18    6.16    3.75
   13.87   12.14    5.75    7.53    5.47    3.03
   13.74   26.42   10.19   -7.50  -10.78   -5.37
2030 2039
   -7.52   -4.42    1.15    2.53    0.92   -2.12
  -10.61   -7.64    2.64    4.69    3.56    3.31
  -17.85  -16.54   -2.41    1.75    3.15    4.67
  -19.10  -17.58   -6.83   -5.35   -4.85   -3.81
  -20.67  -15.26   -6.12   -6.42   -7.92   -9.84
  -36.41  -29.36  -12.38   -3.56   -1.40   -5.04
  -46.83  -48.27  -28.23  -13.05   -7.88   -4.66
2040 2049
   -4.97   -7.41   -5.24   -3.06   -3.62   -5.97
  -17.52  -13.65   -5.31   -2.25    1.14    4.83
  -28.90  -22.92   -7.11   -2.02    0.80    5.61
  -26.01  -22.82   -6.85   -3.13   -3.59   -1.22
  -10.93  -12.06   -5.02   -4.27   -4.86   -3.97
   28.81   26.10    8.37    1.56   -0.51   -1.23
   81.54   72.35   16.02   -6.45  -12.39  -12.61
2050 2059
    5.74    1.26    7.10    9.64    8.74    3.97
  -11.82  -12.39    0.82    8.42   11.63   10.89
  -34.66  -32.37  -13.97   -1.41    5.64   10.56
  -37.00  -38.92  -21.41  -13.12   -8.75   -0.91
  -32.32  -40.62  -29.36  -24.72  -20.72  -14.43
  -29.22  -33.61  -29.36  -26.66  -20.65  -16.81
  -28.80  -21.16  -24.33  -32.07  -26.72  -22.70
2060 2069
   -0.31   -2.88   -2.30   -1.24    1.52    1.76
    3.72   -0.98    2.11    1.77    1.61    3.69
   -4.32   -3.43    8.56    7.18    4.29    4.40
  -12.55  -11.10    7.40   11.90    9.08    8.00
  -16.71  -11.09    2.85    8.55   10.51   10.45
  -25.79  -15.90   -2.61    1.53    4.10    5.85
  -35.96  -36.29  -16.86   -9.81   -6.64   -2.31
2070 2079
   -9.03  -10.93   -3.98    2.50    3.62   -4.32
   -7.36  -14.90   -5.34    3.07    5.76    4.10
  -22.00  -26.38  -14.89   -3.80    4.63    9.11
  -35.92  -33.71  -17.52  -10.26   -5.14    1.01
  -45.93  -43.86  -24.66  -15.85  -11.17   -5.64
  -41.71  -45.93  -25.31  -15.90  -13.37   -5.91
  -20.58  -31.63  -20.74  -20.44  -22.27  -12.12
2080 2089
   11.77    1.47    1.96    6.80    9.06    4.69
    9.30    1.04    0.55    5.94    9.10    8.67
   -9.91  -18.11   -9.74   -1.04    3.33    5.84
  -20.87  -30.41  -20.92  -12.40   -8.30   -2.48
  -25.06  -33.79  -30.56  -24.12  -16.11   -7.34
  -22.04  -30.24  -29.20  -22.06  -13.16   -3.37
   -0.30  -15.34  -19.22  -15.65   -9.57    1.70
2090 2099
    7.33   -2.07    0.48    4.17    3.59   -3.43
    5.74   -4.89   -2.15    2.56    6.00    5.35
  -13.84  -19.89   -9.67   -2.15    2.19    5.06
  -22.60  -24.55  -11.87   -6.03   -4.47   -1.66
  -27.52  -23.88  -14.57   -9.07  -11.20  -10.49
  -32.09  -23.18  -14.52   -9.05  -13.13  -13.65
  -27.76  -18.70   -7.85   -9.67  -19.50  -23.92
