Mean monthly rainfall - Model Simulations
NaN indicates insufficient data is available
Refer to Accompanying Documentation
GRIDBOX LONGITUDES
           4
   28.75   31.25   33.75   36.25
GRIDBOX LATITUDES
           5
    6.25    3.75    1.25   -1.25   -3.75
MODEL CLIMATOLOGY 1970-1999 (mm)
    3.35    2.41    2.66    6.04
   18.11   12.69    9.63    5.85
   50.94   38.87   44.23   30.63
  104.96  126.50  159.07   69.12
  152.01  117.64  110.85   94.67
Mean Anomalies over 10-year time slices (%)
2000 2009
  -34.38   -7.11    6.98   35.02
  -13.75    8.40   18.89   60.55
   -3.27    8.85   13.82   29.98
    0.58    6.67   12.05   24.36
   -1.45    4.55   15.58   16.19
2010 2019
  -37.30  -22.52   27.46   67.63
    4.17    1.54  -11.55   38.86
   10.12    2.37   -2.02    3.93
   -0.28   -8.33   -7.12   -1.76
   -2.66   -8.48   -8.18   -6.79
2020 2029
  -19.85   40.45  138.70  122.87
    0.00   30.06   83.44  118.41
    3.80   26.36   32.87   56.08
   -1.40    7.33    7.78   25.68
   -1.29    1.31    9.82   16.10
2030 2039
  -13.50   -6.44   60.62  101.24
  -15.81  -10.37   14.05   84.95
  -14.54   -4.29    7.13   32.85
   -9.16   -5.32   -2.04   16.72
   -6.21   -2.51    2.57   13.28
2040 2049
   18.47  108.30  160.10  186.44
  -13.60   36.96  103.48  268.18
   -6.27   25.14   49.55  114.47
   -6.20    9.56   15.15   60.99
   -4.41    1.01   17.67   37.25
2050 2059
    4.76   31.83   37.05   62.67
   34.34   30.97    9.14   62.29
   25.60   11.57   -9.13   -0.61
    5.91   -5.30  -13.17  -14.11
    0.17   -1.75  -10.97  -15.19
2060 2069
  -13.85  -16.84   27.16   34.41
  -20.47  -15.25   -8.08   36.26
  -12.23   -2.74    1.54   14.10
   -4.85   -3.10   -0.42   15.17
   -2.03   -3.74    4.57   16.07
2070 2079
  100.68  102.16  135.70   96.00
    7.60   18.76   53.47   98.94
  -18.18   -5.77   10.84   30.83
  -18.48   -6.73   -0.85    9.12
   -8.21   -7.43   -3.62    4.36
2080 2089
    6.64    7.62   32.83   29.17
   12.66   18.08   39.54   62.42
   -2.13    2.63    9.66   50.75
   -6.62   -0.88    2.08   30.48
   -3.79   -5.38    4.45   23.25
2090 2099
  -25.92  -13.86   25.95   77.27
   -6.88    4.61   41.18  108.79
   -0.71   14.91   22.11   48.50
   -3.85    5.12    8.93   22.10
   -1.75    1.46   10.20    5.98
