Mean monthly rainfall - Model Simulations
NaN indicates insufficient data is available
Refer to Accompanying Documentation
GRIDBOX LONGITUDES
           4
   28.75   31.25   33.75   36.25
GRIDBOX LATITUDES
           5
    6.25    3.75    1.25   -1.25   -3.75
MODEL CLIMATOLOGY 1970-1999 (mm)
   43.16   22.96   29.53   62.86
  100.66   60.57   45.44   55.26
  156.03   93.11   62.59   64.49
  190.76  104.24   82.21  124.66
  184.62  130.53  133.74  194.26
Mean Anomalies over 10-year time slices (%)
2000 2009
   13.35   16.74   16.93   14.69
    5.75    4.19    2.17    2.06
    4.05    0.87   -6.65  -13.32
    5.18    0.40   -9.92  -12.69
    3.85    2.35   -4.53  -10.45
2010 2019
   -3.09   -1.85   12.08   16.93
   -4.82   -5.80   -0.77    8.39
   -3.12   -4.38   -3.38    1.58
    1.81    1.52    3.40    5.68
    2.16   -1.61   -0.58    4.09
2020 2029
   -5.38   -3.73   17.68   25.31
    3.50    6.32   12.83   17.23
    7.93   10.19   10.61    5.96
   12.45   14.04   10.19    3.98
    9.22    9.72    4.75   -1.03
2030 2039
   24.97   17.52   26.26   34.95
    2.76    2.00    9.84   22.74
    0.06    0.52    5.41   13.64
    7.69    5.75   11.15   19.42
    9.36    0.87    3.03   13.40
2040 2049
   -6.17  -12.37    1.05   10.79
    7.68    3.21   -0.79    1.47
   11.27    7.35   -1.96  -10.26
   10.70    8.50   -3.00  -10.88
    7.12    7.35    1.33   -5.30
2050 2059
    1.14   12.70   48.32   54.96
   12.29   15.71   31.16   47.59
   13.51   15.54   20.73   25.75
    9.46   13.34   15.11   10.92
    8.28    7.67    5.60    3.98
2060 2069
   13.01    2.83    0.75    6.89
    7.18   -3.77   -9.95    0.92
    6.80   -2.13   -7.42    4.07
    9.97    6.57    8.31   15.21
   11.19    9.38   12.01   16.52
2070 2079
   11.25   11.70   18.53   21.02
    2.34   -2.11   -1.75    6.90
    1.13   -4.92  -10.83   -7.51
    4.31   -3.28   -9.16   -3.31
    5.11   -0.32   -2.01    1.35
2080 2089
   14.82    9.23   20.81   29.39
   12.06    6.01    8.35   22.79
   11.08    6.15    7.22   21.18
   10.90    8.55   16.66   28.18
    9.94    3.37    8.55   20.32
2090 2099
   20.45   14.48   39.31   53.58
    0.47   -5.67    6.77   36.18
   -1.77   -7.56   -5.27   13.11
    5.16   -0.63    1.50   12.45
    6.84   -2.87   -0.65   10.95
