Mean monthly rainfall - Model Simulations
NaN indicates insufficient data is available
Refer to Accompanying Documentation
GRIDBOX LONGITUDES
           4
   28.75   31.25   33.75   36.25
GRIDBOX LATITUDES
           5
    6.25    3.75    1.25   -1.25   -3.75
MODEL CLIMATOLOGY 1970-1999 (mm)
  153.32  138.71  126.05  125.74
  162.40  125.78   79.50   69.02
  150.32  102.67   40.72   25.44
   82.79   50.59   21.92   20.99
   37.13   20.95   12.29   15.67
Mean Anomalies over 10-year time slices (%)
2000 2009
    4.16    4.78    3.77    2.27
    2.33    4.01    3.87    3.21
    0.76    3.53    6.65    9.92
    0.91    3.06    5.37   13.36
   -0.91    0.69    0.21    8.65
2010 2019
    0.40   -1.61   -2.08   -2.94
    0.46   -1.33   -3.53   -5.03
    1.02   -0.61   -5.74   -9.50
    2.91   -1.97   -8.42  -10.19
    5.74   -1.17   -7.64   -9.99
2020 2029
   -7.28   -8.14   -6.03   -1.79
   -4.50   -5.57   -5.42   -1.67
   -0.79    0.00    4.36    9.71
   -2.18   -0.07    5.30   11.15
   -6.36   -2.75    2.96    4.96
2030 2039
   -1.96   -4.08   -4.01   -0.94
   -1.21   -3.86   -6.36   -3.24
   -1.42   -3.29   -5.81   -2.57
   -9.17  -13.46  -17.15  -13.05
  -14.32  -20.36  -21.84  -17.09
2040 2049
    3.09    2.23    0.48    2.25
    5.81    6.23    4.56    4.46
    6.57    8.21    9.63    6.73
    4.69    3.44    1.56    4.08
    1.75   -4.20  -10.32   -5.03
2050 2059
    7.39    7.09    6.01    5.05
    7.94    8.53    8.86    5.73
    7.40    8.40   10.54    2.07
    5.91    5.20   -2.42   -4.69
    1.60   -0.11   -7.77   -2.43
2060 2069
   -0.70   -1.30   -2.25   -0.33
    1.13    1.90   -0.96   -2.50
    2.70    5.32    3.09   -7.95
   -1.73   -2.67  -13.74  -18.94
  -13.42  -17.97  -31.08  -24.66
2070 2079
    2.83    2.60    2.60    5.10
    6.20    6.83    6.31    6.37
    9.21   11.94   12.81    5.40
    9.34   13.69   -4.00  -12.93
    2.88    6.33  -21.40  -20.20
2080 2089
    0.51    0.68    0.64    2.70
    4.53    4.97    5.01    4.32
    7.13    9.61   17.76   15.40
   -2.51   -0.65    6.50    5.53
  -10.50   -5.77    3.20    3.66
2090 2099
    5.82    8.69   10.43   12.00
    8.35   11.33   13.43   11.30
    9.52   12.90   15.99    1.61
    7.75    9.38    0.31  -11.52
    0.65    1.67  -16.16  -17.48
