Mean monthly rainfall - Model Simulations
NaN indicates insufficient data is available
Refer to Accompanying Documentation
GRIDBOX LONGITUDES
           4
   28.75   31.25   33.75   36.25
GRIDBOX LATITUDES
           5
    6.25    3.75    1.25   -1.25   -3.75
MODEL CLIMATOLOGY 1970-1999 (mm)
   70.51   69.69   71.48   70.67
  132.67  117.04   93.54   71.32
  202.83  167.93  110.65   63.54
  214.83  176.58  125.62   70.80
  189.53  152.82  104.04   72.53
Mean Anomalies over 10-year time slices (%)
2000 2009
   -2.66   -3.70   -2.48    2.35
   -3.86   -4.67   -3.09    2.13
   -3.50   -2.24    2.51    7.97
    0.40    3.33    6.21    8.86
    5.28   10.63   14.42   14.23
2010 2019
    5.91    7.94   10.92   18.59
    8.05   10.97   15.63   22.48
   10.52   16.05   24.67   27.23
    9.81   15.75   20.74   20.68
   14.22   21.74   24.63   17.53
2020 2029
   -1.63    1.22    5.96   14.62
    1.53    4.08    9.79   15.91
    3.75    8.58   18.72   20.37
    8.62   13.92   19.20   16.05
   14.59   17.72   16.06    6.02
2030 2039
    4.66    9.57   18.49   35.26
    7.68   13.42   25.46   49.35
   10.23   19.05   37.02   53.68
   18.00   26.97   31.45   28.89
   20.19   26.49   24.78   14.82
2040 2049
  -10.04   -7.47   -0.11   10.49
   -5.42   -2.95    4.86   12.20
   -0.09    4.89   16.17   20.83
    7.21   13.48   17.57   16.50
   12.06   17.01   18.18   11.14
2050 2059
   -4.74   -2.55    2.31   13.89
   -0.24    2.50    9.80   26.70
    4.54   10.44   23.45   40.11
   13.60   20.81   27.57   32.48
   23.13   27.37   25.68   19.86
2060 2069
    4.73    9.06   19.91   40.34
    6.52   11.49   23.36   49.46
    8.13   15.60   32.81   55.09
   16.51   25.28   36.78   41.48
   26.41   34.62   39.33   31.64
2070 2079
   -8.14   -1.30   10.70   24.36
    3.18    9.67   22.66   39.85
    9.86   19.08   37.28   49.71
   16.77   27.63   37.08   39.23
   25.94   35.99   42.35   33.76
2080 2089
    3.96    8.44   17.18   27.03
    6.83   11.38   22.39   43.31
    8.68   16.78   33.03   48.17
   12.55   24.61   37.18   42.01
   20.94   34.17   45.13   38.63
2090 2099
   -5.04    0.50    9.30   22.76
    1.12    6.27   16.17   30.01
    7.45   14.08   28.23   38.85
   15.37   25.03   36.05   39.71
   21.17   31.25   44.22   37.74
