Mean monthly rainfall - Model Simulations
NaN indicates insufficient data is available
Refer to Accompanying Documentation
GRIDBOX LONGITUDES
           6
   28.75   31.25   33.75   36.25   38.75   41.25
GRIDBOX LATITUDES
           5
   -1.25   -3.75   -6.25   -8.75  -11.25
MODEL CLIMATOLOGY 1970-1999 (mm)
  213.42  150.14   81.69   50.69   34.52   32.38
  237.95  184.81  128.91   93.68   79.30   86.03
  251.25  229.79  201.14  150.80  134.26  154.52
  324.39  337.67  320.35  219.97  184.89  222.70
  284.80  291.96  293.23  219.49  205.51  252.73
Mean Anomalies over 10-year time slices (mm)
2000 2009
   21.85   21.51   14.62    5.91    1.21    3.06
   20.29   19.31   11.42    3.69    2.17    9.14
    8.30    7.90    5.45    3.86    8.23   19.52
  -11.87   -9.83    2.24   12.71   24.10   34.91
  -24.37  -22.24  -12.10   -4.69    8.69   25.44
2010 2019
    9.10   11.99    8.95    7.75    3.95   -0.65
   15.35   16.33   11.10   11.34    7.61    1.91
   13.30   13.44    8.23   11.92    8.85    0.71
  -12.14   -6.82   -3.40    6.63    3.66  -11.01
  -22.69  -15.20   -0.21    7.11    2.27  -11.93
2020 2029
   17.13   33.13   43.48   28.45   15.19   10.52
   17.68   30.77   44.58   35.61   26.81   23.65
   18.78   22.61   32.88   33.92   33.20   32.28
   29.91   22.13   16.69   21.74   25.11   24.43
   19.73    6.85   -7.31   -3.20    3.98   10.04
2030 2039
   13.91   24.05   21.06   15.14    8.85    3.51
   33.52   43.05   38.46   30.91   22.97   15.89
   39.71   42.02   36.76   33.40   29.70   25.35
    1.30  -10.96  -12.88   -0.35   11.31   18.18
  -29.17  -36.33  -27.02  -16.40   -4.19    7.58
2040 2049
   33.21   35.50   25.32   16.43    9.23    4.65
   33.91   34.38   28.12   25.66   22.33   18.78
   29.41   29.19   29.72   31.05   30.53   28.86
   33.62   33.96   35.32   26.25   20.48   19.20
   31.45   31.55   36.54   11.40   -0.90    3.87
2050 2059
   17.20   32.12   27.71   15.36    9.62   14.11
   27.14   43.40   42.82   30.58   25.24   31.59
   34.50   47.38   53.31   45.96   41.36   44.03
   31.08   38.81   51.25   52.54   46.90   36.42
    6.38    6.98   14.68   15.47   15.05   14.68
2060 2069
   49.96   61.95   44.96   27.28   15.06   10.01
   39.73   56.43   57.21   47.80   37.10   27.75
   31.97   49.06   67.94   64.32   52.72   37.26
   53.78   63.28   77.35   61.93   39.86   17.38
   26.96   31.05   47.92   34.71   17.14    1.93
2070 2079
   35.32   39.02   37.42   26.77   16.81   12.59
   30.11   37.67   45.33   44.64   39.17   32.45
   21.87   32.24   48.32   51.03   46.77   38.10
   21.69   29.38   44.99   25.10    8.61    2.23
   11.71   19.03   26.12   -0.80  -16.86  -15.48
2080 2089
   40.09   60.39   47.96   32.97   20.58   13.99
   33.02   58.60   63.10   53.75   42.16   32.97
   21.98   46.37   70.42   65.84   56.27   47.60
   25.31   40.99   65.61   54.05   44.46   43.23
   22.34   19.80   27.71   24.29   27.07   37.05
2090 2099
   13.92   43.87   54.26   38.76   21.50    9.30
   27.68   60.14   81.16   62.12   40.62   25.90
   39.01   63.56   89.24   70.55   51.09   39.68
   35.81   43.75   58.45   45.83   37.81   38.09
   12.41   15.79   27.75   30.30   38.78   51.38
