Mean monthly rainfall - Model Simulations
NaN indicates insufficient data is available
Refer to Accompanying Documentation
GRIDBOX LONGITUDES
           6
   28.75   31.25   33.75   36.25   38.75   41.25
GRIDBOX LATITUDES
           5
   -1.25   -3.75   -6.25   -8.75  -11.25
MODEL CLIMATOLOGY 1970-1999 (mm)
  148.12   66.35   31.31   24.67   39.44   36.51
  130.67   70.41   39.90   54.37   93.74   86.74
  111.44   82.92   72.48   90.46  134.52  131.73
   91.28   90.25  100.32  112.04  135.45  145.78
   83.23   94.65  108.42  123.01  150.46  153.62
Mean Anomalies over 10-year time slices (mm)
2000 2009
   20.01   13.68    6.18    6.13   10.76    5.18
   17.04   17.76   10.21    5.47   11.56    9.31
    3.99    9.20   10.41    6.75    5.67    3.98
    4.85    1.17   -1.27   -0.35    0.29   -6.25
   10.70    3.27   -7.99  -13.74   -5.36   -4.91
2010 2019
   -1.70   -4.03   -3.62   -3.06   -4.47   -7.07
    0.62   -3.62   -8.69  -13.07  -13.55  -10.26
  -15.50   -7.70   -7.11  -12.60  -15.35  -12.41
  -18.37   -8.30   -2.20    0.47    0.34    0.92
   -6.29   -1.55   -2.10   -3.65   -2.58    4.85
2020 2029
    3.07   18.16    6.93    4.67    0.02   -5.47
   -3.29   13.25    5.59   -8.24  -14.81  -11.19
   -7.44    6.72    7.57   -7.59  -18.00  -13.88
    0.67    6.46    8.72    4.09   -5.50   -6.82
    4.22    2.39    5.01    6.37    0.42    5.60
2030 2039
   10.62   18.77   19.08   13.06    3.06   -0.30
    3.82   13.50   10.74   -0.40  -12.25  -13.99
   -9.25    1.67    6.79   -5.26  -14.41  -23.41
  -13.58   -8.74   -0.71   -0.98   -6.84  -15.61
   -7.66  -12.34  -10.07   -3.94   -0.93   -6.82
2040 2049
   22.97   11.17   -2.07    1.59    3.74   -0.56
   14.31   11.20    2.94   -0.41    5.22    7.95
   -6.02   -1.04    5.65    3.59    9.76    8.74
  -12.09  -10.18   -0.18    2.18   -4.72   -5.76
   -7.20  -11.27   -9.41   -8.73  -12.05  -15.53
2050 2059
  -13.29    3.05    4.73   -5.17   -5.82   -2.79
   -7.21   10.38    5.75   -8.41   -6.42   -2.30
   -8.43    3.44   10.52    1.90   -1.78   -1.71
  -11.52   -5.98    6.43   12.57   11.16    7.15
   -2.48   -1.50    0.44    4.53   13.55   19.97
2060 2069
   39.41   22.87   -6.30  -10.57   -9.09   -8.06
   20.29   21.77    1.77  -16.91  -24.93  -23.29
    6.12   15.56    7.87  -10.97  -24.39  -28.92
   12.25   19.40   16.93    7.77   -3.50  -11.50
   25.24   31.13   33.68   27.13   25.29   20.25
2070 2079
   35.78   40.78   18.88    4.78    0.11    2.03
   14.55   26.79   19.57    2.48   -2.02    4.58
   -8.28    4.02    9.49    4.95    2.70    4.96
  -13.93   -4.10    4.28    8.99   10.61   13.22
   -9.79   -7.24    0.92    7.08   10.77   12.62
2080 2089
   54.34   53.50   29.58   14.29    0.11   -7.68
   18.06   31.10   24.69    3.78   -7.64  -13.45
   -8.30    9.08   16.24   -4.00  -15.67  -15.58
   -8.27   -2.96    1.76   -4.26  -15.37  -12.79
   12.94    9.60    4.25   -3.22   -9.45   -8.23
2090 2099
   35.12   52.88   37.11   16.64    4.33   -2.49
   -2.34   17.36   23.80   12.12    1.81   -4.16
  -22.99   -8.51    3.06    4.43    1.56   -4.02
  -21.39  -14.68   -6.83    3.27    9.19    1.89
  -15.35  -12.28   -6.99   -5.14    1.84   -1.19
