Mean monthly rainfall - Model Simulations
NaN indicates insufficient data is available
Refer to Accompanying Documentation
GRIDBOX LONGITUDES
           4
    8.75   11.25   13.75   16.25
GRIDBOX LATITUDES
           6
   13.75   11.25    8.75    6.25    3.75    1.25
MODEL CLIMATOLOGY 1970-1999 (mm)
    0.00    0.00    0.00    0.01
    0.01    0.01    0.01    0.01
    0.08    0.07    0.07    0.08
    7.05    7.59    4.02    3.13
   44.65   51.38   31.63   25.92
  120.85  151.09  110.61   93.50
Mean Anomalies over 10-year time slices (mm)
2000 2009
    0.00    0.00    0.00    0.00
   -0.00    0.00    0.03    0.04
    0.11    0.08    0.11    0.12
   -0.63    0.07    0.10    0.13
   -4.34   -1.32   -0.29    0.15
   -9.02   -4.96   -1.56    0.07
2010 2019
    0.00    0.00   -0.00   -0.00
    0.00   -0.00   -0.00    0.00
    0.17    0.08    0.08    0.05
   -0.68   -1.29   -0.37   -0.28
   -5.25   -5.13   -2.00   -2.01
   -9.79   -5.32   -2.67   -4.19
2020 2029
    0.00    0.00    0.00    0.00
   -0.00   -0.00   -0.00    0.00
    0.09   -0.01    0.00    0.06
    0.02   -1.14   -0.37    0.28
   -0.89   -4.45   -2.12    0.03
   -1.25   -6.34   -5.54   -3.20
2030 2039
    0.00    0.00    0.00    0.01
   -0.00    0.00    0.02    0.17
    0.25    0.21    0.36    0.87
    1.26    2.48    2.38    3.05
   -0.07    6.64    7.48    8.26
   -9.57    3.69   11.22   14.02
2040 2049
    0.01    0.00    0.01    0.01
    0.00    0.00    0.00    0.00
    0.08    0.09    0.11    0.21
   -1.17   -0.51    0.91    2.22
   -6.94   -3.70    1.53    5.47
  -13.97   -7.57   -1.18    2.37
2050 2059
    0.00    0.00    0.00    0.00
    0.01    0.03    0.02    0.01
    0.06    0.05    0.07    0.10
   -1.40   -1.52   -0.83   -0.71
   -8.72   -7.67   -3.97   -3.34
  -24.45  -19.18   -8.94   -5.91
2060 2069
    0.00    0.00    0.00    0.00
   -0.00   -0.00    0.00    0.00
    0.11   -0.03    0.01    0.06
    0.11   -0.31    0.29    0.55
   -3.26   -2.41    0.52    1.56
  -12.65   -7.62   -1.17    1.32
2070 2079
    0.02    0.01    0.01    0.00
    0.02    0.01    0.00    0.00
    0.03   -0.03   -0.04   -0.03
   -1.11   -0.55    0.45    1.06
   -5.98   -1.51    3.63    6.13
  -13.32   -2.66    7.94   12.08
2080 2089
    0.00    0.00    0.00    0.00
    0.01    0.00    0.00    0.01
    0.20    0.45    0.56    0.56
    0.22    1.37    2.01    2.12
   -2.89    1.50    4.77    6.59
  -13.17   -1.76    8.66   15.56
2090 2099
    0.00    0.00    0.00    0.00
    0.00    0.00    0.01    0.01
    0.20    0.14    0.18    0.09
   -2.31   -2.41   -0.76   -0.42
  -13.18  -12.90   -6.25   -3.46
  -29.56  -26.59  -15.25   -8.90
