Mean temperature - Model Simulations
NaN indicates insufficient data is available
Refer to Accompanying Documentation
GRIDBOX LONGITUDES
           7
   33.75   36.25   38.75   41.25   43.75   46.25   48.75
GRIDBOX LATITUDES
           5
   13.75   11.25    8.75    6.25    3.75
MODEL CLIMATOLOGY 1970-1999
  301.21  300.44  301.21  302.40  302.35  301.64  301.00
  298.56  296.67  296.87  298.98  300.75  301.37  300.93
  296.39  294.12  293.44  295.48  298.45  300.25  300.36
  295.78  293.92  293.60  295.62  298.55  300.01  299.75
  295.04  294.72  295.81  298.01  299.69  299.92  299.29
Mean Anomalies over 10-year time slices
2000 2009
    0.18    0.30    0.33    0.34    0.33    0.31    0.29
    0.16    0.27    0.31    0.31    0.30    0.29    0.27
    0.26    0.32    0.34    0.36    0.34    0.31    0.28
    0.34    0.43    0.41    0.42    0.37    0.30    0.27
    0.42    0.58    0.49    0.36    0.27    0.24    0.24
2010 2019
    0.44    0.38    0.36    0.39    0.40    0.38    0.36
    0.41    0.36    0.35    0.37    0.40    0.40    0.36
    0.40    0.39    0.40    0.40    0.41    0.40    0.37
    0.41    0.39    0.41    0.44    0.41    0.37    0.36
    0.41    0.40    0.41    0.43    0.39    0.35    0.35
2020 2029
    0.60    0.61    0.70    0.73    0.74    0.71    0.63
    0.54    0.55    0.62    0.62    0.62    0.62    0.59
    0.54    0.53    0.52    0.49    0.51    0.56    0.59
    0.55    0.54    0.53    0.46    0.45    0.51    0.55
    0.55    0.55    0.53    0.46    0.46    0.49    0.50
2030 2039
    0.97    1.02    1.07    1.06    1.05    1.05    0.99
    0.94    0.98    1.03    1.02    1.02    1.02    0.95
    0.92    0.90    0.93    0.94    0.96    0.97    0.93
    0.93    0.86    0.88    0.87    0.85    0.86    0.86
    0.92    0.87    0.89    0.87    0.80    0.77    0.78
2040 2049
    1.43    1.51    1.70    1.72    1.68    1.58    1.43
    1.32    1.39    1.54    1.53    1.50    1.46    1.38
    1.28    1.31    1.33    1.29    1.29    1.34    1.34
    1.29    1.29    1.29    1.20    1.12    1.17    1.24
    1.29    1.29    1.30    1.21    1.11    1.10    1.15
2050 2059
    1.88    1.90    1.95    1.86    1.81    1.75    1.60
    1.74    1.75    1.80    1.71    1.67    1.67    1.58
    1.54    1.53    1.53    1.47    1.49    1.57    1.59
    1.49    1.45    1.45    1.36    1.31    1.40    1.50
    1.51    1.42    1.44    1.38    1.31    1.33    1.42
2060 2069
    2.38    2.38    2.32    2.14    2.03    1.98    1.85
    2.14    2.16    2.17    2.06    1.96    1.90    1.79
    1.90    1.88    1.90    1.90    1.88    1.86    1.79
    1.82    1.78    1.78    1.73    1.67    1.69    1.69
    1.82    1.80    1.79    1.68    1.57    1.56    1.59
2070 2079
    2.51    2.60    2.66    2.56    2.45    2.32    2.11
    2.29    2.38    2.49    2.44    2.36    2.24    2.05
    2.16    2.15    2.22    2.24    2.23    2.19    2.07
    2.12    2.04    2.07    2.02    1.95    1.96    1.96
    2.06    1.94    2.00    1.94    1.83    1.80    1.84
2080 2089
    2.95    3.03    3.04    2.90    2.81    2.71    2.46
    2.70    2.76    2.81    2.75    2.68    2.59    2.41
    2.42    2.36    2.41    2.43    2.46    2.49    2.42
    2.33    2.17    2.20    2.16    2.14    2.22    2.26
    2.27    2.04    2.10    2.11    2.07    2.06    2.10
2090 2099
    2.81    2.90    2.85    2.68    2.58    2.48    2.30
    2.68    2.78    2.77    2.65    2.53    2.41    2.23
    2.51    2.45    2.46    2.51    2.48    2.39    2.24
    2.42    2.28    2.29    2.36    2.32    2.22    2.12
    2.34    2.22    2.31    2.35    2.19    2.01    1.94
