Mean temperature - Model Simulations
NaN indicates insufficient data is available
Refer to Accompanying Documentation
GRIDBOX LONGITUDES
           7
   33.75   36.25   38.75   41.25   43.75   46.25   48.75
GRIDBOX LATITUDES
           5
   13.75   11.25    8.75    6.25    3.75
MODEL CLIMATOLOGY 1970-1999
  304.00  299.33  297.03  302.12  301.71  299.56  299.93
  302.05  295.81  292.96  299.59  302.07  300.83  300.74
  300.21  293.39  290.62  296.38  299.50  299.48  300.01
  300.77  295.90  293.08  296.97  300.42  300.90  300.72
  299.54  299.55  298.72  300.44  302.09  301.48  300.39
Mean Anomalies over 10-year time slices
2000 2009
    0.62    0.84    0.84    0.67    0.67    0.58    0.41
    0.63    0.72    0.77    0.68    0.57    0.54    0.46
    0.54    0.52    0.61    0.62    0.60    0.55    0.45
    0.38    0.46    0.58    0.58    0.49    0.37    0.30
    0.38    0.39    0.48    0.51    0.40    0.30    0.30
2010 2019
    0.50    0.52    0.49    0.47    0.54    0.52    0.45
    0.47    0.45    0.41    0.42    0.44    0.43    0.43
    0.42    0.42    0.40    0.38    0.46    0.46    0.42
    0.39    0.40    0.36    0.34    0.41    0.40    0.35
    0.40    0.42    0.37    0.32    0.35    0.33    0.30
2020 2029
    0.87    0.89    1.01    1.05    1.09    1.05    0.87
    0.77    0.87    1.00    1.17    1.12    1.04    0.93
    0.67    0.80    0.90    1.08    1.15    1.08    0.95
    0.63    0.70    0.79    0.95    1.02    0.94    0.84
    0.68    0.76    0.85    0.91    0.92    0.80    0.75
2030 2039
    1.39    1.31    1.30    1.28    1.38    1.38    1.22
    1.39    1.35    1.36    1.38    1.29    1.26    1.21
    1.41    1.41    1.43    1.38    1.30    1.25    1.21
    1.36    1.37    1.35    1.36    1.30    1.20    1.13
    1.38    1.33    1.32    1.31    1.26    1.12    1.04
2040 2049
    1.78    1.71    1.69    1.63    1.68    1.66    1.48
    1.86    1.70    1.74    1.81    1.60    1.51    1.46
    1.81    1.62    1.64    1.69    1.56    1.52    1.48
    1.71    1.53    1.47    1.47    1.41    1.37    1.32
    1.71    1.60    1.42    1.37    1.39    1.30    1.23
2050 2059
    2.11    1.97    2.09    2.05    2.12    2.11    1.89
    2.09    2.03    2.14    2.23    2.05    2.01    1.98
    2.01    2.05    2.19    2.24    2.16    2.13    2.08
    1.95    2.00    2.11    2.11    2.02    1.91    1.81
    2.03    2.09    2.05    1.92    1.87    1.73    1.68
2060 2069
    2.92    2.95    2.96    2.79    2.87    2.81    2.53
    2.71    2.84    3.00    3.00    2.74    2.70    2.64
    2.48    2.73    2.91    2.90    2.75    2.71    2.66
    2.44    2.60    2.74    2.75    2.66    2.51    2.38
    2.62    2.70    2.70    2.65    2.56    2.35    2.23
2070 2079
    3.62    3.61    3.66    3.42    3.49    3.42    3.01
    3.47    3.57    3.75    3.74    3.33    3.20    3.09
    3.12    3.45    3.72    3.73    3.47    3.32    3.13
    3.02    3.33    3.54    3.51    3.29    3.04    2.82
    3.28    3.41    3.32    3.19    3.06    2.78    2.62
2080 2089
    4.59    4.71    4.64    4.25    4.37    4.15    3.53
    4.40    4.51    4.65    4.59    4.11    3.88    3.65
    4.11    4.24    4.51    4.49    4.21    4.00    3.72
    3.96    4.14    4.24    4.10    3.87    3.61    3.34
    4.08    4.12    3.86    3.65    3.53    3.29    3.13
2090 2099
    4.98    5.18    5.25    4.73    4.82    4.59    3.85
    4.77    5.01    5.35    5.20    4.59    4.34    4.03
    4.41    4.71    5.16    5.16    4.80    4.51    4.13
    4.26    4.56    4.79    4.63    4.28    3.96    3.70
    4.46    4.51    4.26    4.02    3.85    3.62    3.54
