Mean temperature - Model Simulations
NaN indicates insufficient data is available
Refer to Accompanying Documentation
GRIDBOX LONGITUDES
           7
   33.75   36.25   38.75   41.25   43.75   46.25   48.75
GRIDBOX LATITUDES
           5
   13.75   11.25    8.75    6.25    3.75
MODEL CLIMATOLOGY 1970-1999
  299.70  294.52  293.59  297.98  298.18  296.88  296.56
  298.60  291.35  289.88  296.59  298.21  297.86  297.78
  297.06  289.81  288.19  291.82  293.90  294.72  296.23
  296.22  292.31  291.47  292.76  294.50  295.93  297.43
  294.78  294.93  294.81  296.41  297.84  298.75  299.07
Mean Anomalies over 10-year time slices
2000 2009
    0.55    0.49    0.64    0.60    0.55    0.51    0.46
    0.39    0.34    0.41    0.59    0.57    0.57    0.57
    0.35    0.30    0.31    0.56    0.72    0.74    0.63
    0.41    0.46    0.37    0.32    0.40    0.50    0.46
    0.41    0.46    0.47    0.58    0.63    0.55    0.41
2010 2019
    0.62    0.51    0.60    0.63    0.64    0.59    0.56
    0.40    0.58    0.64    0.67    0.67    0.69    0.69
    0.43    0.60    0.59    0.66    0.87    0.84    0.75
    0.63    0.73    0.70    0.80    0.95    0.90    0.65
    0.64    0.69    0.78    0.82    0.81    0.84    0.64
2020 2029
    1.55    1.50    1.28    1.15    1.11    0.98    0.88
    1.26    1.36    1.25    1.11    0.99    0.94    0.95
    1.23    1.23    1.27    1.45    1.27    1.21    1.08
    1.28    1.41    1.41    1.46    1.49    1.51    1.13
    1.46    1.68    1.69    1.69    1.61    1.35    0.97
2030 2039
    1.30    1.16    1.08    1.05    1.11    1.16    1.18
    1.09    1.30    1.29    1.13    1.22    1.32    1.38
    1.17    1.26    1.41    1.43    1.50    1.57    1.50
    1.25    1.21    1.41    1.51    1.58    1.65    1.36
    1.14    1.22    1.48    1.60    1.69    1.47    1.14
2040 2049
    2.63    2.72    2.74    2.54    2.42    2.16    1.94
    2.27    2.27    2.48    2.71    2.39    2.14    2.01
    1.92    1.77    2.05    2.46    2.44    2.22    1.85
    1.99    1.81    1.82    1.85    1.72    1.72    1.55
    1.80    1.71    1.64    1.58    1.53    1.59    1.50
2050 2059
    2.75    2.94    2.76    2.47    2.40    2.23    2.03
    2.52    2.62    2.54    2.39    2.12    2.04    2.02
    2.49    2.34    2.37    2.33    2.23    2.21    2.06
    2.49    2.27    2.32    2.15    2.08    2.06    1.91
    2.29    2.23    2.33    2.36    2.29    1.99    1.80
2060 2069
    2.86    3.10    3.13    2.86    2.78    2.57    2.46
    2.70    3.08    3.18    3.17    2.80    2.57    2.51
    2.18    2.74    3.01    3.19    3.13    2.88    2.51
    2.00    2.55    2.80    2.83    2.90    2.71    2.30
    2.06    2.54    2.69    2.57    2.45    2.26    2.13
2070 2079
    3.50    3.43    3.43    3.29    3.23    2.96    2.75
    2.68    2.84    3.06    3.15    2.92    2.72    2.67
    2.29    2.55    2.65    2.72    2.80    2.73    2.67
    2.29    2.51    2.47    2.51    2.63    2.56    2.41
    2.18    2.36    2.52    2.54    2.49    2.41    2.26
2080 2089
    3.42    3.57    3.67    3.50    3.40    3.13    2.93
    3.09    3.23    3.41    3.52    3.18    3.03    3.01
    2.80    3.08    3.25    3.25    3.09    3.06    2.92
    2.89    3.05    3.10    2.93    2.75    2.67    2.55
    2.69    2.92    2.90    2.71    2.46    2.39    2.45
2090 2099
    3.36    3.69    3.82    3.65    3.56    3.31    3.06
    2.91    3.29    3.52    3.62    3.20    3.02    3.03
    2.58    2.94    3.12    3.19    3.19    3.12    3.03
    2.67    2.75    2.83    2.81    2.94    2.94    2.81
    2.38    2.67    2.86    2.84    2.90    2.73    2.68
