Mean temperature - Model Simulations
NaN indicates insufficient data is available
Refer to Accompanying Documentation
GRIDBOX LONGITUDES
           7
   33.75   36.25   38.75   41.25   43.75   46.25   48.75
GRIDBOX LATITUDES
           5
   13.75   11.25    8.75    6.25    3.75
MODEL CLIMATOLOGY 1970-1999
  298.43  295.67  293.73  297.19  295.71  296.01  296.65
  296.71  292.61  290.16  294.07  296.53  298.24  297.10
  294.92  290.43  288.42  291.38  293.46  295.02  296.16
  294.37  291.27  289.71  292.08  294.51  296.57  298.16
  293.51  293.63  294.01  295.94  297.53  298.83  299.23
Mean Anomalies over 10-year time slices
2000 2009
    0.44    0.41    0.44    0.47    0.44    0.40    0.42
    0.39    0.41    0.52    0.51    0.47    0.44    0.47
    0.43    0.43    0.59    0.59    0.52    0.49    0.52
    0.40    0.42    0.54    0.58    0.56    0.59    0.55
    0.30    0.28    0.42    0.52    0.52    0.53    0.51
2010 2019
    0.87    0.68    0.48    0.52    0.70    0.80    0.82
    0.89    0.68    0.47    0.43    0.66    0.82    0.90
    0.97    0.85    0.66    0.53    0.65    0.88    1.00
    1.02    0.87    0.72    0.58    0.60    0.81    0.92
    0.80    0.75    0.68    0.53    0.48    0.60    0.76
2020 2029
    0.89    0.67    0.76    1.01    1.11    1.08    1.05
    0.82    0.58    0.57    0.89    1.03    1.05    1.11
    0.91    0.79    0.70    0.75    0.79    0.78    0.92
    0.83    0.74    0.75    0.84    0.81    0.74    0.86
    0.76    0.68    0.78    0.83    0.78    0.81    0.92
2030 2039
    1.78    1.61    1.60    1.67    1.68    1.54    1.44
    1.60    1.36    1.45    1.65    1.59    1.48    1.47
    1.51    1.23    1.23    1.36    1.45    1.49    1.47
    1.34    1.17    1.20    1.30    1.42    1.47    1.34
    1.12    1.04    1.17    1.31    1.43    1.38    1.29
2040 2049
    2.16    2.02    2.13    2.29    2.26    2.03    1.80
    1.68    1.50    1.69    2.21    2.14    1.94    1.88
    1.64    1.51    1.48    1.68    1.80    1.84    1.86
    1.58    1.55    1.62    1.66    1.62    1.53    1.50
    1.46    1.50    1.72    1.78    1.68    1.46    1.37
2050 2059
    2.77    2.57    2.62    2.71    2.67    2.49    2.41
    2.48    2.24    2.43    2.69    2.52    2.34    2.39
    2.20    1.92    2.20    2.51    2.41    2.29    2.31
    1.93    1.78    1.96    2.16    2.13    1.99    1.97
    1.73    1.50    1.61    1.81    1.77    1.68    1.78
2060 2069
    3.31    3.01    2.83    2.85    2.81    2.58    2.42
    2.98    2.57    2.70    3.03    2.80    2.50    2.43
    2.70    2.24    2.39    2.68    2.62    2.45    2.34
    2.43    2.08    2.12    2.29    2.33    2.22    2.06
    1.98    1.71    1.87    2.19    2.23    2.04    1.90
2070 2079
    3.42    3.14    3.14    3.25    3.38    3.23    3.06
    2.93    2.73    2.97    3.40    3.36    3.20    3.18
    2.61    2.45    2.65    2.96    3.06    3.04    3.07
    2.47    2.24    2.33    2.56    2.65    2.58    2.57
    2.26    1.97    2.12    2.45    2.55    2.39    2.39
2080 2089
    3.89    3.81    3.90    3.94    3.91    3.67    3.46
    3.32    3.14    3.46    3.93    3.79    3.59    3.55
    3.12    2.85    3.08    3.41    3.42    3.38    3.38
    3.00    2.73    2.73    2.89    2.90    2.87    2.87
    2.71    2.36    2.51    2.84    2.91    2.75    2.70
2090 2099
    4.76    4.63    4.46    4.17    4.04    3.72    3.45
    4.38    4.03    4.17    4.36    3.99    3.60    3.47
    4.00    3.53    3.73    4.08    4.04    3.86    3.57
    3.72    3.33    3.28    3.46    3.58    3.52    3.15
    3.31    3.15    3.14    3.19    3.15    2.88    2.72
