Mean temperature - Model Simulations
NaN indicates insufficient data is available
Refer to Accompanying Documentation
GRIDBOX LONGITUDES
           7
   33.75   36.25   38.75   41.25   43.75   46.25   48.75
GRIDBOX LATITUDES
           5
   13.75   11.25    8.75    6.25    3.75
MODEL CLIMATOLOGY 1970-1999
  299.19  298.61  299.18  299.92  299.37  298.37  297.95
  298.78  296.59  296.24  297.97  299.12  299.18  298.79
  297.51  294.82  293.76  295.98  298.43  299.30  299.11
  296.74  294.72  294.35  297.00  299.72  300.22  299.41
  295.96  295.96  297.09  299.74  301.20  300.66  299.50
Mean Anomalies over 10-year time slices
2000 2009
    0.13    0.23    0.24    0.28    0.27    0.22    0.17
    0.22    0.23    0.18    0.21    0.24    0.22    0.18
    0.25    0.26    0.19    0.23    0.27    0.25    0.20
    0.30    0.43    0.36    0.29    0.24    0.20    0.16
    0.45    0.71    0.56    0.24    0.09    0.08    0.06
2010 2019
    0.24    0.18    0.13    0.22    0.29    0.31    0.30
    0.30    0.21    0.13    0.18    0.28    0.33    0.32
    0.32    0.29    0.26    0.23    0.30    0.36    0.36
    0.34    0.30    0.33    0.37    0.39    0.40    0.40
    0.36    0.32    0.37    0.45    0.44    0.41    0.40
2020 2029
    0.78    0.81    0.86    0.84    0.83    0.81    0.76
    0.74    0.71    0.72    0.69    0.73    0.79    0.77
    0.64    0.61    0.56    0.51    0.60    0.75    0.80
    0.56    0.61    0.58    0.46    0.48    0.63    0.72
    0.53    0.67    0.64    0.46    0.48    0.58    0.62
2030 2039
    0.67    0.64    0.67    0.75    0.80    0.85    0.91
    0.69    0.67    0.66    0.64    0.74    0.86    0.91
    0.70    0.71    0.67    0.53    0.61    0.80    0.91
    0.72    0.63    0.63    0.50    0.53    0.74    0.91
    0.68    0.46    0.51    0.50    0.61    0.79    0.90
2040 2049
    1.32    1.46    1.56    1.58    1.57    1.53    1.45
    1.30    1.40    1.44    1.43    1.46    1.49    1.44
    1.22    1.29    1.26    1.20    1.29    1.41    1.43
    1.20    1.23    1.21    1.04    1.03    1.18    1.28
    1.19    1.14    1.19    1.03    0.98    1.08    1.18
2050 2059
    1.57    1.60    1.61    1.57    1.59    1.60    1.56
    1.56    1.59    1.58    1.51    1.58    1.67    1.65
    1.48    1.46    1.40    1.27    1.41    1.65    1.71
    1.43    1.31    1.28    1.07    1.16    1.48    1.64
    1.37    1.16    1.18    1.08    1.17    1.41    1.54
2060 2069
    2.37    2.33    2.06    1.79    1.69    1.71    1.73
    2.12    2.13    1.98    1.79    1.70    1.69    1.67
    1.84    1.86    1.79    1.74    1.71    1.71    1.68
    1.78    1.78    1.72    1.61    1.57    1.62    1.64
    1.77    1.86    1.84    1.60    1.49    1.54    1.57
2070 2079
    2.39    2.40    2.35    2.29    2.22    2.12    2.00
    2.29    2.24    2.22    2.17    2.16    2.12    2.01
    2.18    2.07    2.05    1.99    2.06    2.16    2.11
    2.03    1.82    1.89    1.76    1.82    2.03    2.09
    1.83    1.50    1.70    1.71    1.76    1.91    1.98
2080 2089
    2.52    2.64    2.71    2.63    2.56    2.50    2.38
    2.43    2.51    2.57    2.52    2.54    2.54    2.42
    2.37    2.25    2.25    2.21    2.37    2.57    2.53
    2.23    1.92    1.99    1.89    2.04    2.36    2.44
    1.98    1.58    1.74    1.85    2.00    2.20    2.27
2090 2099
    2.64    2.71    2.60    2.40    2.34    2.36    2.29
    2.65    2.72    2.58    2.35    2.30    2.34    2.28
    2.56    2.49    2.34    2.18    2.23    2.35    2.34
    2.44    2.24    2.17    2.07    2.08    2.20    2.29
    2.28    2.06    2.16    2.18    2.14    2.16    2.24
