Mean monthly rainfall - Model Simulations
NaN indicates insufficient data is available
Refer to Accompanying Documentation
GRIDBOX LONGITUDES
           7
   33.75   36.25   38.75   41.25   43.75   46.25   48.75
GRIDBOX LATITUDES
           5
   13.75   11.25    8.75    6.25    3.75
MODEL CLIMATOLOGY 1970-1999 (mm)
   11.59   11.82    9.13    5.98   14.04   17.70   17.14
   45.22   55.22   44.68   19.39   24.00   30.17   36.30
   86.44  111.02   93.17   40.83   38.24   48.80   67.71
  112.86  147.25  129.73   64.76   53.78   73.79  115.61
  123.55  122.61  100.31   58.95   60.45   99.25  165.71
Mean Anomalies over 10-year time slices (mm)
2000 2009
    4.06    2.65    2.15    3.10    5.08    5.02    3.39
   12.02   16.67   15.26    8.38    7.36    5.56    2.49
   17.55   25.70   24.87   14.99   11.53    7.85    3.04
   11.48    6.96   10.65   20.13   16.86   12.87   10.15
   15.51   11.03   10.96   15.52   16.14   16.78   17.77
2010 2019
    1.64    1.85    1.75    1.72    3.87    5.68    6.46
    3.09    9.33    9.46    4.00    5.49    7.91    9.64
    4.77   18.68   19.87    8.60    8.36   10.58   12.92
    7.56   24.96   28.20   16.57   14.02   15.48   18.66
    9.06   17.81   18.24   10.40    9.42    8.56    6.43
2020 2029
    0.22    0.94    1.17    1.15    3.44    4.92    5.17
    3.60    7.88    7.98    4.57    7.73   11.34   14.89
    8.43   17.31   17.49    9.91   12.45   18.28   26.83
   13.92   24.94   25.09   15.09   14.21   21.21   35.00
   20.08   25.46   22.61   11.68    8.96   15.40   28.20
2030 2039
   -0.24    1.88    2.66    2.31    4.48    5.76    6.06
    1.55   11.26   12.71    6.19    6.86    9.01   10.78
    4.24   19.67   21.35    9.71    8.78   12.40   17.20
    8.29   15.85   15.69    8.65    7.65   11.10   17.53
   20.27   20.61   14.65    4.78    2.12    0.39    0.03
2040 2049
   -2.43   -1.66   -0.47    0.49   -1.20   -0.59    2.13
   -1.34   -3.26   -3.40   -2.06   -2.32   -1.52   -0.13
    3.31    0.32   -1.34   -1.47   -0.77    0.30    0.75
   15.34   19.91   18.60   12.02   11.31   13.74   17.44
   18.66   22.01   18.28    9.70    9.55    9.57    9.57
2050 2059
    0.99    1.75    1.59    1.22    5.36   11.22   17.40
    4.52    9.47    8.22    1.84    5.30   11.74   18.80
    8.41   19.05   17.68    5.37    6.92   12.47   19.03
   10.93   25.74   27.26   15.72   13.96   17.83   24.82
   11.29   18.47   18.88   12.65   12.23   18.23   27.92
2060 2069
    1.47    4.00    4.48    3.19    4.21    6.11    9.11
    2.07   10.71   13.37    9.65    9.33   11.53   16.17
    5.16   20.75   25.71   18.52   14.96   16.30   22.35
   16.63   32.65   36.42   25.88   16.72   16.38   25.46
   27.57   31.28   28.55   19.22   15.83   20.28   31.84
2070 2079
    0.68    3.50    4.99    5.67   11.20   16.31   19.95
   -0.89   11.69   16.21   12.37   17.73   22.22   24.12
    0.14   23.34   31.10   22.01   25.36   27.97   27.77
   12.12   35.70   43.14   31.97   25.29   23.65   26.14
   34.72   39.57   36.47   24.27   17.54   18.45   26.50
2080 2089
   -0.30    4.05    5.53    4.15    6.35    9.12   12.02
   -1.25   11.57   15.56    9.45    8.74   10.79   14.68
    0.55   22.73   29.33   17.55   11.86   11.83   16.30
   12.07   36.47   42.25   26.56   14.69   11.73   17.13
   33.32   41.87   36.07   16.76    6.55    5.45   12.03
2090 2099
   -1.08    3.53    5.61    5.57   11.14   13.73   13.19
   -1.34   12.12   16.68   11.70   14.56   16.36   16.24
    2.11   24.45   30.67   19.04   18.04   19.05   20.56
   16.18   38.37   40.70   22.22   19.10   20.38   25.13
   34.94   40.42   33.03   14.22   11.73   14.67   22.20
