Mean temperature - Model Simulations
NaN indicates insufficient data is available
Refer to Accompanying Documentation
GRIDBOX LONGITUDES
           7
   33.75   36.25   38.75   41.25   43.75   46.25   48.75
GRIDBOX LATITUDES
           5
   13.75   11.25    8.75    6.25    3.75
MODEL CLIMATOLOGY 1970-1999
  300.58  300.17  299.68  299.28  298.91  298.72  298.74
  299.50  297.82  297.40  298.27  298.72  299.11  299.48
  298.76  296.50  295.78  296.80  298.38  299.55  300.07
  298.77  296.96  296.45  297.44  299.00  299.89  299.96
  298.21  298.10  298.56  299.53  300.34  300.40  299.84
Mean Anomalies over 10-year time slices
2000 2009
    0.79    0.76    0.66    0.52    0.51    0.51    0.51
    0.72    0.69    0.67    0.65    0.58    0.55    0.57
    0.74    0.71    0.68    0.66    0.66    0.65    0.62
    0.71    0.71    0.71    0.69    0.67    0.61    0.50
    0.68    0.71    0.72    0.71    0.66    0.58    0.49
2010 2019
    0.70    0.72    0.78    0.89    1.08    1.02    0.73
    0.81    0.84    0.83    0.79    0.84    0.82    0.72
    0.74    0.76    0.77    0.77    0.83    0.84    0.79
    0.70    0.68    0.70    0.75    0.79    0.76    0.68
    0.59    0.49    0.51    0.65    0.71    0.70    0.63
2020 2029
    1.13    1.12    1.07    0.98    0.91    0.86    0.84
    1.18    1.22    1.17    1.04    0.93    0.89    0.93
    1.17    1.18    1.17    1.14    1.13    1.11    1.06
    1.15    1.14    1.13    1.12    1.14    1.10    0.99
    1.05    1.03    1.04    1.09    1.11    1.04    0.90
2030 2039
    1.60    1.56    1.55    1.60    1.75    1.67    1.37
    1.58    1.50    1.49    1.54    1.49    1.42    1.35
    1.50    1.48    1.46    1.43    1.43    1.43    1.41
    1.43    1.43    1.42    1.40    1.41    1.37    1.27
    1.31    1.23    1.24    1.32    1.35    1.29    1.17
2040 2049
    1.95    1.98    1.96    1.92    2.18    2.14    1.77
    1.88    1.92    1.95    1.96    1.96    1.87    1.70
    1.83    1.89    1.88    1.82    1.88    1.86    1.75
    1.76    1.76    1.75    1.72    1.71    1.65    1.54
    1.62    1.49    1.51    1.67    1.72    1.62    1.44
2050 2059
    2.66    2.67    2.66    2.63    2.51    2.33    2.10
    2.62    2.64    2.62    2.53    2.32    2.18    2.10
    2.43    2.48    2.47    2.38    2.42    2.40    2.26
    2.36    2.38    2.38    2.35    2.32    2.22    2.04
    2.32    2.26    2.23    2.22    2.18    2.05    1.86
2060 2069
    3.00    3.13    3.14    3.07    3.21    2.98    2.42
    3.00    3.05    3.02    2.91    2.77    2.61    2.43
    2.83    2.87    2.87    2.80    2.80    2.73    2.56
    2.69    2.69    2.69    2.68    2.65    2.51    2.29
    2.50    2.39    2.42    2.54    2.51    2.35    2.12
2070 2079
    3.62    3.81    3.73    3.44    3.55    3.35    2.83
    3.62    3.68    3.61    3.40    3.20    3.03    2.88
    3.36    3.41    3.39    3.29    3.37    3.30    3.05
    3.13    3.12    3.13    3.13    3.09    2.93    2.66
    2.88    2.69    2.70    2.88    2.87    2.69    2.44
2080 2089
    4.12    4.29    4.29    4.12    3.98    3.66    3.19
    4.06    4.16    4.12    3.94    3.63    3.38    3.21
    3.87    3.93    3.92    3.82    3.76    3.63    3.39
    3.70    3.69    3.68    3.64    3.54    3.34    3.09
    3.50    3.32    3.30    3.42    3.39    3.20    2.90
2090 2099
    4.51    4.70    4.50    3.99    4.03    3.83    3.37
    4.57    4.69    4.60    4.28    3.88    3.61    3.46
    4.28    4.35    4.36    4.25    4.13    3.96    3.70
    4.06    4.03    4.02    4.00    3.90    3.69    3.39
    3.83    3.63    3.61    3.75    3.73    3.52    3.20
