Mean monthly rainfall - Model Simulations
NaN indicates insufficient data is available
Refer to Accompanying Documentation
GRIDBOX LONGITUDES
           7
   33.75   36.25   38.75   41.25   43.75   46.25   48.75
GRIDBOX LATITUDES
           5
   13.75   11.25    8.75    6.25    3.75
MODEL CLIMATOLOGY 1970-1999 (mm)
    5.39   10.21   18.70    8.08    1.63    2.33    2.86
   21.80   42.38   41.88   16.77    5.00    4.39    5.24
   40.72   82.03   63.01   23.93   11.52   10.25   10.01
   43.25   79.69   56.69   24.84   17.32   16.60   26.27
   46.99   40.09   31.77   27.63   22.74   27.37   62.70
Mean Anomalies over 10-year time slices (mm)
2000 2009
   -1.49   -1.09   -2.43   -1.37    0.14    0.68    0.73
    2.36    5.56   -2.89   -2.34    2.17    4.47    5.56
    8.14   15.62   -1.24   -2.72    3.94    8.42   11.54
   10.03   18.27    3.42   -0.67    3.36    8.69   15.70
    9.46   14.15    8.14    4.18    5.73   11.41   22.29
2010 2019
   -2.81   -3.56   -3.81   -1.54   -0.57   -0.92   -1.03
   -1.75   -1.75   -1.33    0.04    2.07    2.46    1.53
    3.52    6.45    4.67    3.39    5.54    5.80    3.63
    7.58   13.33   10.51    6.56    6.12    5.99    3.89
    5.79   11.09    8.47    4.47    2.27    2.62    2.64
2020 2029
   -3.57   -4.16   -0.68    0.00   -0.17    0.23    1.24
   -8.71  -10.60   -1.22    1.51    2.45    4.16    5.42
  -10.81  -12.46   -1.88    1.99    3.50    6.31    8.07
   -7.28   -7.06   -1.53   -0.11    0.12    3.14    4.59
   -5.71   -5.70   -3.96   -3.66   -2.39    1.84    2.68
2030 2039
   -2.59   -4.21   -6.52   -2.10    0.05   -0.54   -0.42
   -6.13  -11.55  -13.01   -3.79    0.67    0.43    1.04
   -9.01  -15.55  -14.66   -4.64    0.28    0.79    1.56
   -8.40   -8.21   -5.70   -2.12    1.09    3.54    4.96
   -8.89    1.18    3.04    1.65    6.36   12.91   18.36
2040 2049
   -2.85   -4.30   -4.12   -1.15    1.35    2.35    2.66
   -6.37   -9.65   -9.75   -2.29    3.23    3.87    3.52
   -5.74  -11.39   -9.95   -0.84    6.75    8.25    6.66
   -0.44   -5.61   -2.37    3.58    9.99   11.93   10.12
    0.20    1.46    6.23    8.72   11.06   12.52   17.00
2050 2059
   -1.20   -1.87   -4.10   -1.89    0.18    0.14   -0.53
   -2.93   -2.72   -4.56   -1.65    1.98    3.34    2.97
   -2.02    0.09   -1.28    0.30    4.43    7.21    8.28
    1.19    4.15    3.51    2.41    5.44    9.21   12.95
    0.90    4.47    5.52    2.59    3.82    9.56   17.57
2060 2069
   -2.04   -1.92   -3.82   -1.40    0.80    1.12    0.78
   -4.71   -8.12   -9.28   -2.72    3.12    4.79    5.34
   -4.66   -5.75   -6.33   -1.33    5.45    9.08   10.21
   -0.09    5.76    5.63    4.08    7.58   13.37   15.95
    2.59    8.04   10.45    9.35   13.16   22.27   30.69
2070 2079
   -3.23   -4.50   -7.54   -3.05    0.63    0.81    0.11
   -0.19   -3.45  -13.35   -6.29    2.16    4.09    3.46
    6.83    5.16  -12.97   -6.60    5.79    9.80    9.76
   11.85   12.83   -2.10    0.93   10.12   14.37   17.76
   16.17   11.75   10.03   12.30   13.85   17.89   28.75
2080 2089
   -1.92   -2.39  -11.80   -5.76   -0.36   -0.47   -0.29
   -3.46   -4.81  -19.62   -8.83    5.04    8.65    8.90
   -1.13    0.15  -19.01   -7.48   10.61   15.78   15.30
    4.47   12.23   -2.95    2.06   12.14   15.01   17.92
    6.85   12.99   13.57   15.65   17.66   22.32   37.27
2090 2099
   -1.29   -3.00  -10.69   -5.04   -0.62   -0.82   -1.04
   -0.44   -4.84  -16.12   -8.38    0.11    2.44    3.18
    1.81    0.75  -13.83   -8.46    0.77    5.10    8.66
    5.55   11.16   -2.25   -2.82    2.91    8.38   15.45
    8.52    9.18    2.60    1.51    7.06   16.93   28.70
