Mean temperature - Model Simulations
NaN indicates insufficient data is available
Refer to Accompanying Documentation
GRIDBOX LONGITUDES
           7
   33.75   36.25   38.75   41.25   43.75   46.25   48.75
GRIDBOX LATITUDES
           5
   13.75   11.25    8.75    6.25    3.75
MODEL CLIMATOLOGY 1970-1999
  301.35  298.93  294.97  296.20  296.35  294.66  294.99
  302.41  298.05  293.22  294.28  296.31  295.81  295.73
  301.33  296.03  292.74  294.00  296.62  297.07  297.12
  300.76  297.13  295.18  296.89  299.59  300.05  299.22
  299.02  298.55  298.17  300.23  302.12  301.08  299.85
Mean Anomalies over 10-year time slices
2000 2009
    0.40    0.71    0.67    0.51    0.61    0.64    0.56
    0.51    0.84    0.88    0.68    0.56    0.51    0.52
    0.55    0.62    0.68    0.72    0.63    0.61    0.59
    0.29    0.29    0.39    0.48    0.54    0.60    0.57
    0.11    0.11    0.29    0.24    0.47    0.55    0.52
2010 2019
    0.66    0.91    0.93    0.98    1.08    1.05    0.95
    0.76    1.03    1.03    1.05    0.98    0.92    0.92
    0.89    0.95    1.07    1.13    1.08    1.07    1.01
    0.86    0.83    0.90    0.98    1.01    1.04    0.94
    0.65    0.72    0.81    0.80    0.92    0.95    0.88
2020 2029
    1.01    1.33    1.37    1.21    1.34    1.33    1.16
    1.11    1.34    1.54    1.48    1.31    1.26    1.24
    1.05    1.01    1.35    1.57    1.53    1.51    1.36
    0.69    0.82    1.19    1.26    1.28    1.31    1.15
    0.58    0.89    1.04    0.91    1.03    1.07    1.05
2030 2039
    1.92    1.91    1.80    1.68    1.64    1.65    1.56
    1.76    1.73    1.59    1.72    1.56    1.53    1.54
    1.59    1.52    1.51    1.66    1.72    1.82    1.72
    1.14    1.30    1.42    1.53    1.56    1.63    1.46
    0.88    1.27    1.45    1.55    1.47    1.31    1.27
2040 2049
    2.31    2.32    2.33    2.19    2.25    2.27    2.12
    1.96    2.07    2.20    2.34    2.14    2.10    2.16
    1.64    1.64    1.98    2.30    2.39    2.51    2.40
    1.20    1.36    1.58    1.82    2.14    2.40    2.10
    1.17    1.45    1.13    1.10    1.84    1.99    1.82
2050 2059
    2.61    2.57    2.44    2.36    2.41    2.38    2.23
    2.40    2.43    2.46    2.50    2.26    2.17    2.23
    1.83    1.97    2.30    2.57    2.56    2.59    2.43
    1.25    1.61    1.98    2.26    2.40    2.43    2.10
    1.29    1.75    1.80    1.74    2.07    2.02    1.84
2060 2069
    2.89    2.88    2.85    2.76    2.86    2.79    2.53
    2.80    2.60    2.83    3.01    2.68    2.51    2.50
    2.53    2.19    2.55    3.00    3.07    3.09    2.81
    1.99    1.72    1.95    2.48    2.75    2.76    2.39
    1.71    1.53    1.53    1.70    2.28    2.24    2.06
2070 2079
    3.09    3.07    2.97    2.65    2.65    2.60    2.42
    3.03    2.89    2.90    2.94    2.56    2.41    2.43
    2.49    2.30    2.56    2.87    2.86    2.93    2.71
    1.94    2.01    2.25    2.47    2.61    2.74    2.40
    1.66    1.99    2.12    2.02    2.38    2.37    2.15
2080 2089
    3.01    3.10    3.09    2.99    3.10    3.02    2.74
    2.99    2.92    3.09    3.32    2.97    2.82    2.84
    2.62    2.32    2.72    3.32    3.31    3.38    3.17
    2.07    1.87    2.11    2.60    2.93    3.08    2.74
    1.91    1.84    1.81    1.76    2.49    2.63    2.42
2090 2099
    2.98    3.04    3.11    3.02    3.07    2.98    2.73
    3.07    3.01    3.25    3.50    3.04    2.84    2.83
    3.00    2.61    2.94    3.31    3.21    3.34    3.14
    2.74    2.54    2.68    2.79    2.72    2.99    2.71
    2.38    2.48    2.65    2.50    2.43    2.59    2.43
