Mean monthly rainfall - Model Simulations
NaN indicates insufficient data is available
Refer to Accompanying Documentation
GRIDBOX LONGITUDES
           4
    6.25    8.75   11.25   13.75
GRIDBOX LATITUDES
           4
    6.25    3.75    1.25   -1.25
MODEL CLIMATOLOGY 1970-1999 (mm)
  302.86  313.05  327.48  293.09
  255.03  334.25  290.57  201.55
  108.34  193.72  207.12  199.66
   23.90   41.77   77.85  150.40
Mean Anomalies over 10-year time slices (mm)
2000 2009
   24.39   21.21   32.82   23.73
   17.69   13.20    9.24    9.12
   -3.21    2.56   14.92   19.17
   -3.35   -7.42    1.25   18.63
2010 2019
   38.06   19.69   17.69    6.71
   25.55   23.31   10.81    3.28
    1.95    3.08    8.55    8.19
   -1.17   -5.08   -3.70   -5.17
2020 2029
   12.60   -4.77    1.22    8.77
   33.74   27.57   10.28    7.07
   26.49   41.03   23.42    3.25
    3.70    9.95   18.40   12.27
2030 2039
   10.75   -6.15   -9.68   -1.19
   36.20   26.38   -6.38   -3.32
   21.56   27.56   14.10    4.90
    0.97    6.42   12.17    8.72
2040 2049
   18.52   11.14    8.84   10.30
   17.94   14.73   -6.06   -0.07
   14.42   24.02   14.95    7.79
   -0.74    3.25   11.28    6.68
2050 2059
   18.75    1.18    2.22    9.09
   24.21   10.66  -12.99  -10.62
   11.14   18.01   11.20   -2.44
   -0.74    0.06    4.15   -3.24
2060 2069
   21.89   -1.28    4.26   16.08
   49.55   26.33   -7.12   -1.84
   30.64   40.60   12.55   -8.20
    1.13    7.25   13.96   -1.98
2070 2079
   37.62    7.89   -2.06    7.12
   37.83   17.38  -15.96  -12.99
   20.50   22.35    2.42   -8.10
    1.02    3.11   -3.67  -16.82
2080 2089
   14.01   -3.13    6.41   15.62
   43.01   20.84   -4.58    4.12
   26.57   31.30   12.03    7.42
   -0.67    0.40    4.70    0.94
2090 2099
   19.00   -7.15  -18.45  -11.10
   31.53   18.47  -19.58  -18.26
   36.90   41.61   13.57    2.81
   10.69   21.29   20.93    2.88
