Mean monthly rainfall - Model Simulations
NaN indicates insufficient data is available
Refer to Accompanying Documentation
GRIDBOX LONGITUDES
           4
    6.25    8.75   11.25   13.75
GRIDBOX LATITUDES
           4
    6.25    3.75    1.25   -1.25
MODEL CLIMATOLOGY 1970-1999 (mm)
  164.78  135.03  133.17  175.07
  203.65  161.75  120.84  167.63
  250.57  198.78   89.66  174.40
  289.26  237.72   95.86  153.27
Mean Anomalies over 10-year time slices (mm)
2000 2009
   -3.57   -2.78    2.60    3.68
    3.43   -0.66    0.08    0.04
   13.30    3.69   -6.56   -3.38
   15.06    6.63   -6.58  -10.45
2010 2019
    2.65    2.27  -10.76   -2.52
   19.62    9.35   -7.86   -5.15
    5.66    7.85   -8.49  -15.80
    6.18    9.30  -11.42  -22.45
2020 2029
  -17.48   -7.57   -4.49    3.02
   -6.89   -6.09   -4.11   15.04
    3.82   -3.87  -10.75    4.08
    5.65   -0.96   -2.40  -13.45
2030 2039
  -15.33   -9.55   -8.09    2.03
   -7.27  -11.14  -14.66   -1.27
    7.29   -7.48  -24.10   -5.72
    9.73    1.70  -10.88  -16.11
2040 2049
  -10.83   -2.33   -4.03   -3.13
  -19.70   -7.35   -6.27    4.23
  -14.12  -11.54  -11.37   -2.10
   -6.73   -2.71  -11.37   -3.81
2050 2059
  -10.00   -0.76   -2.37   -1.34
  -13.90   -9.52   -4.64   13.31
   -6.77  -16.28  -19.63    8.18
    5.50   -2.03  -13.84   -6.92
2060 2069
  -16.71   -8.33   -4.21   -3.03
   -5.62   -7.99   -7.52   14.14
  -18.32  -20.73  -12.80   15.61
  -18.81  -17.45   -6.47   -6.07
2070 2079
  -10.31    2.71   -6.88   -6.21
   -2.57    1.86   -5.23    4.34
  -15.62  -13.87  -18.00    0.95
  -29.04  -14.57   -7.92  -13.97
2080 2089
   -7.62    0.87    0.89    6.91
   -6.81   -4.11   -1.44   15.75
  -27.86  -27.45   -7.14   19.67
  -41.90  -38.15   -2.46    1.72
2090 2099
  -11.79   -3.04   -6.36   -0.40
   -7.97  -15.13  -10.93   15.91
  -30.84  -39.12  -16.25   27.36
  -51.18  -44.96  -11.28    4.79
