Mean monthly rainfall - Model Simulations
NaN indicates insufficient data is available
Refer to Accompanying Documentation
GRIDBOX LONGITUDES
           4
    6.25    8.75   11.25   13.75
GRIDBOX LATITUDES
           4
    6.25    3.75    1.25   -1.25
MODEL CLIMATOLOGY 1970-1999 (mm)
  207.00  206.07  231.58  217.12
  298.60  236.11  201.40  169.50
  277.73  260.19  172.70  151.16
  255.89  255.50  144.38  128.26
Mean Anomalies over 10-year time slices (mm)
2000 2009
   -4.20  -12.91  -16.56  -10.06
   -6.67   -6.56  -15.15  -10.56
    2.93    3.20   -2.20   -0.41
   24.76   26.17    8.46    5.35
2010 2019
    2.67    6.90   15.42    8.83
    1.20    0.24    3.19    3.33
    0.32   -5.37   -0.40    3.78
  -12.95  -10.58   -5.12    2.88
2020 2029
    5.29   14.24   18.42   10.16
    6.27   13.81   13.98    6.86
    7.32    4.32    4.44    4.32
  -28.19  -23.03  -10.04    1.77
2030 2039
    4.88    3.02    7.02    8.58
    2.83    1.57    4.21    4.00
    8.69    1.42    0.41    3.26
    6.25    3.60   -3.71    0.48
2040 2049
    3.52    1.49    7.80    7.46
    8.29    9.20    6.94    3.56
    5.00    4.42   -3.31   -4.16
  -24.48  -15.36  -14.40  -10.80
2050 2059
    0.90    6.39   15.95   25.04
  -10.53   -2.22    9.14   13.08
  -16.69  -16.74  -11.89   -5.55
  -25.36  -21.68  -19.92  -10.02
2060 2069
   24.24   35.48   43.32   46.53
   -1.36   13.75   16.53   16.33
  -10.71  -18.25  -16.96  -13.68
  -42.74  -45.74  -34.04  -29.74
2070 2079
   16.09   17.56   20.34   25.91
   15.82   21.07   13.35    8.05
    4.41   -5.90   -3.39   -7.94
  -28.86  -32.47  -22.81  -21.78
2080 2089
   30.00   30.95   43.02   38.68
   34.53   27.49   26.10   18.80
   11.85   -5.41   -9.39   -4.66
  -76.12  -66.66  -39.91  -26.13
2090 2099
   12.87   35.90   59.09   52.32
   -9.25   17.18   32.46   23.54
  -30.21  -29.88  -12.65   -5.29
  -83.30  -73.60  -41.31  -26.49
