Mean monthly rainfall - Model Simulations
NaN indicates insufficient data is available
Refer to Accompanying Documentation
GRIDBOX LONGITUDES
           4
    6.25    8.75   11.25   13.75
GRIDBOX LATITUDES
           4
    6.25    3.75    1.25   -1.25
MODEL CLIMATOLOGY 1970-1999 (mm)
  208.32  216.57  234.24  219.28
  277.56  239.31  213.55  193.62
  280.49  269.39  197.74  184.41
  273.63  289.11  190.11  175.48
Mean Anomalies over 10-year time slices (mm)
2000 2009
    1.91   -6.74  -11.76   -4.19
    9.33    8.52   -5.23   -4.99
   16.55   18.97    6.14    4.59
   33.36   39.20   13.18    5.67
2010 2019
   12.95   13.16   14.26    9.48
   19.09   14.33    8.95    6.62
   17.43   13.93    6.73    8.01
    2.38    5.77   -2.79    5.43
2020 2029
    5.06    5.60    9.25    8.58
   12.65   15.95   13.05    6.40
   19.04   17.87    7.92    6.84
   -9.94   -3.44   -3.51    4.29
2030 2039
    5.69   -1.05    4.88   11.36
   15.74   14.22   10.32   10.92
   22.11   21.46   11.09    7.59
   12.65   18.57    2.39   -3.23
2040 2049
    4.44    1.34   10.88   11.14
   22.92   17.04   18.33   11.50
   28.19   24.38   13.52    8.89
   -8.68    2.38   -3.01    2.13
2050 2059
    2.54    7.95   19.82   30.85
   -5.70    4.80   17.67   20.26
   -1.97   -0.84   -0.08    1.28
   -1.95    1.15  -11.01   -9.30
2060 2069
   20.64   33.68   51.41   57.47
    2.41   20.34   32.70   32.04
    3.96   -0.47    1.19    4.40
  -26.45  -25.21  -14.75  -10.08
2070 2079
   14.28   19.72   31.03   37.91
   11.06   15.88   24.04   21.51
    6.48   -2.24    7.59    4.49
  -33.11  -23.80  -12.08   -8.66
2080 2089
   40.78   42.03   52.92   48.81
   47.38   39.11   39.27   35.49
   31.47   17.39    9.82   21.05
  -47.49  -28.49  -19.00   -0.39
2090 2099
   22.21   36.00   61.26   62.81
   15.76   22.12   32.64   32.75
    8.59    0.65   -1.04   13.34
  -41.80  -24.94  -20.66   -1.44
