Mean monthly rainfall - Model Simulations
NaN indicates insufficient data is available
Refer to Accompanying Documentation
GRIDBOX LONGITUDES
           4
    6.25    8.75   11.25   13.75
GRIDBOX LATITUDES
           4
    6.25    3.75    1.25   -1.25
MODEL CLIMATOLOGY 1970-1999 (mm)
  122.85   94.04   94.23   96.73
  143.30  121.68  124.61  126.74
  148.14  135.56  132.12  134.83
  139.88  116.66   89.01   98.78
Mean Anomalies over 10-year time slices (mm)
2000 2009
  -10.79  -11.79  -14.20  -17.50
   -7.58   -8.93  -12.83  -16.28
   -3.03   -4.42   -8.02  -10.79
    1.01    1.03   -0.39   -4.84
2010 2019
   -8.07   -6.51   -6.62   -9.98
   -3.68   -3.80   -4.75   -8.36
    0.68   -1.51   -3.23   -6.85
    1.06    0.45   -1.15   -7.61
2020 2029
  -10.30  -10.43  -11.99   -7.54
   -4.13   -5.52   -9.12   -6.68
    0.14   -1.91   -6.41   -5.95
   -0.17   -0.12   -3.33   -0.67
2030 2039
    7.03    5.79    3.12    1.48
    6.47    2.99   -1.99   -1.09
    5.28   -0.38   -7.11   -4.59
    6.00    2.38   -3.25   -3.95
2040 2049
   -1.44   -3.60   -6.41   -8.13
   -0.17   -4.10  -10.52  -12.15
    2.43   -2.15  -11.39  -12.35
    5.47    4.04   -1.94   -3.94
2050 2059
   -1.21   -5.36  -10.01  -15.39
   -0.31   -4.70   -9.35  -13.27
   -0.07   -4.45   -9.63  -12.39
    2.59   -1.36   -8.47  -14.85
2060 2069
   -6.47  -11.66  -17.10  -21.33
   -3.90  -10.36  -19.19  -25.25
   -0.74   -7.04  -17.28  -25.26
   -1.36   -2.85   -7.02  -17.27
2070 2079
   -5.83  -13.00  -21.75  -22.80
   -1.16   -8.91  -21.83  -24.76
    2.93   -2.89  -16.89  -22.66
    1.47   -0.23   -8.81  -20.54
2080 2089
   12.06   -2.39  -17.27  -23.43
   15.56    1.76  -14.29  -22.68
   13.93    3.53  -10.59  -19.81
   12.33    4.94   -8.75  -17.98
2090 2099
   -1.85  -11.87  -28.06  -30.12
    2.05   -9.33  -27.44  -29.43
    2.89   -7.96  -23.68  -27.01
    3.71   -2.49  -13.87  -22.37
