Mean monthly rainfall - Model Simulations
NaN indicates insufficient data is available
Refer to Accompanying Documentation
GRIDBOX LONGITUDES
           4
    6.25    8.75   11.25   13.75
GRIDBOX LATITUDES
           4
    6.25    3.75    1.25   -1.25
MODEL CLIMATOLOGY 1970-1999 (mm)
  193.06  167.00  194.70  181.62
  352.52  238.06  178.59  141.25
  325.83  296.52  167.93  130.41
  283.11  268.42  148.73  118.84
Mean Anomalies over 10-year time slices (mm)
2000 2009
   -2.59   -4.29   -6.30   -7.46
   -7.23   -5.90   -4.07   -0.12
   -5.91   -8.84   -5.04   -2.85
   20.30   10.13    2.11    1.97
2010 2019
    0.65    2.37    6.19    0.23
   -7.47   -3.08    7.59    5.43
   -6.69  -12.80    2.69    3.24
    1.14   -7.68   -4.06   -2.53
2020 2029
    4.34   15.12   12.43    2.32
   -3.58   16.07   19.24   15.95
  -10.89  -10.97    6.86   11.51
  -12.53  -16.60   -0.18    0.84
2030 2039
   -1.02    3.06    5.99    8.14
    8.33    5.52    7.86   10.60
   11.66    1.22    0.79    6.54
   14.70    7.48    0.99    4.76
2040 2049
   -3.99    0.60    4.53    6.67
   -9.59    2.51    0.85    2.04
  -11.16   -5.21   -2.64   -5.20
   -3.94   -3.90   -1.40   -8.26
2050 2059
    5.60   14.86   15.88   14.75
    7.36   12.29   15.19   11.55
    4.79    0.60    4.17    1.90
    6.31    4.57   -2.94   -4.06
2060 2069
   15.94   25.53   30.03   27.95
   -5.94   12.12   26.17   25.59
  -18.63  -17.19    6.97    9.24
   -9.19  -21.52    1.08    1.05
2070 2079
   11.08   10.67   13.64   16.93
   25.69   29.55   23.96   18.30
   30.91   18.68   20.78   11.83
   25.54    7.16    3.77   -1.22
2080 2089
   11.50   15.44   39.36   42.62
   13.85   25.89   39.61   32.68
   12.04    5.48   18.35   13.91
   -0.90  -13.86   -2.87   -3.50
2090 2099
    3.79   13.31   45.08   45.01
    6.24   14.82   37.94   31.90
    9.70   -8.53   15.17   15.82
    1.00  -17.24    0.44    0.42
