Mean monthly rainfall - Model Simulations
NaN indicates insufficient data is available
Refer to Accompanying Documentation
GRIDBOX LONGITUDES
           4
    6.25    8.75   11.25   13.75
GRIDBOX LATITUDES
           4
    6.25    3.75    1.25   -1.25
MODEL CLIMATOLOGY 1970-1999 (mm)
  146.28  123.52  108.11  100.06
  172.40  148.29  132.10  123.83
  110.68  120.95  129.56  136.49
   60.91   83.04  101.34  115.80
Mean Anomalies over 10-year time slices (mm)
2000 2009
   -5.69   -6.20   -5.68   -4.11
  -11.08  -11.61  -10.32   -7.23
   -5.85   -4.55   -4.73   -6.39
   -2.46   -0.70   -1.88   -5.99
2010 2019
    4.94    4.25    4.50    5.67
    4.48    3.62    3.89    5.28
    0.84    0.91    2.01    4.11
   -0.79    0.20    2.01    4.65
2020 2029
    3.46    2.94    2.75    2.90
    3.73    2.81    2.32    2.26
    1.43    2.21    2.76    3.08
    0.85    2.71    3.93    4.52
2030 2039
   -0.99   -1.55   -1.57   -1.06
   -2.13   -4.94   -5.33   -3.28
   -1.66   -3.33   -2.94   -0.47
   -0.89   -1.53   -1.07    0.52
2040 2049
   -2.06   -3.47   -4.00   -3.65
   -3.21   -5.55   -6.69   -6.63
   -1.01   -2.54   -3.84   -4.92
   -0.08   -0.55   -1.46   -2.81
2050 2059
   -6.72   -7.84   -6.70   -3.31
   -4.44  -11.21  -12.70   -8.91
   -1.50   -4.27   -5.88   -6.32
   -0.84   -0.25   -1.00   -3.07
2060 2069
   -4.99   -6.23   -6.00   -4.32
   -7.19  -11.74  -13.33  -11.94
   -5.26   -8.24   -9.93  -10.33
   -3.12   -3.66   -5.05   -7.28
2070 2079
   -2.73   -4.43   -4.46   -2.82
   -2.45   -9.06  -11.74  -10.48
   -1.20   -3.55   -6.33   -9.53
   -0.91    0.12   -1.79   -6.63
2080 2089
   -2.79   -3.97   -3.44   -1.19
   -2.62   -8.21  -10.47   -9.43
    2.03    0.36   -2.64   -6.97
    1.91    2.96    0.96   -4.11
2090 2099
    0.50   -5.17   -6.86   -4.59
    3.27   -8.03  -13.30  -12.54
   -2.91   -7.62  -10.23  -10.74
   -6.79   -6.71   -7.24   -8.36
