Mean monthly rainfall - Model Simulations
NaN indicates insufficient data is available
Refer to Accompanying Documentation
GRIDBOX LONGITUDES
           4
    6.25    8.75   11.25   13.75
GRIDBOX LATITUDES
           4
    6.25    3.75    1.25   -1.25
MODEL CLIMATOLOGY 1970-1999 (mm)
  156.16  165.47  164.70  151.50
  201.42  211.51  211.76  164.72
  212.85  216.49  235.88  192.46
  176.64  192.03  221.70  206.61
Mean Anomalies over 10-year time slices (mm)
2000 2009
    7.33    9.51    6.55    1.27
    1.22    2.43   -0.26   -4.12
   -5.93   -9.71   -9.46   -8.34
   -5.28  -10.59  -11.18  -10.06
2010 2019
   12.76   13.05    8.75    5.27
    2.64    3.85    2.41    0.44
   -8.27   -9.29   -7.72   -6.65
  -15.01  -14.27  -14.41  -14.11
2020 2029
    0.84    0.75   -1.55   -3.72
   -6.20   -6.44   -7.26   -5.51
   -8.39  -10.95   -8.76   -3.19
   -5.05   -9.23   -9.05   -5.73
2030 2039
    8.45    8.96    5.90    3.71
    2.80    2.73    4.79    3.99
   -5.97   -6.91   -1.91   -1.16
   -8.86  -12.63  -12.13  -12.57
2040 2049
   11.02   10.38    4.89    2.09
    3.55    2.87    0.02   -2.23
   -5.21   -6.50   -3.54   -4.60
   -6.95  -11.18  -10.72  -10.83
2050 2059
    9.65    6.78   -0.55   -3.58
    4.75    1.43   -6.66   -7.63
   -0.82   -6.36  -11.32   -8.56
   -8.46  -13.08  -16.66  -12.85
2060 2069
    9.69    9.60    6.41    7.44
    0.81   -2.82   -7.94   -5.79
  -10.41  -14.94  -15.98  -11.21
  -12.03  -15.64  -15.65  -11.08
2070 2079
   14.94   13.55    8.52    6.85
    6.45    5.41    0.28   -0.02
   -6.33   -7.24   -8.47   -5.56
   -9.42  -12.15  -14.37  -12.69
2080 2089
   17.41   15.60    9.08    6.93
    7.08    4.45   -2.37   -0.67
  -11.18  -12.37  -13.29   -8.99
  -15.95  -17.36  -16.43  -13.11
2090 2099
   18.73   14.48    5.96    2.56
    6.55    0.50   -7.31   -5.72
  -10.00  -15.78  -19.63  -14.58
  -12.24  -16.93  -20.80  -18.45
