Mean monthly rainfall - Model Simulations
NaN indicates insufficient data is available
Refer to Accompanying Documentation
GRIDBOX LONGITUDES
           4
    6.25    8.75   11.25   13.75
GRIDBOX LATITUDES
           4
    6.25    3.75    1.25   -1.25
MODEL CLIMATOLOGY 1970-1999 (mm)
   48.72   62.73   61.10   54.58
   55.11  106.19   99.71   93.93
   48.26   98.86  141.55  148.04
   50.26   76.54  146.38  173.46
Mean Anomalies over 10-year time slices (mm)
2000 2009
   -3.80   -1.31   -0.46   -2.80
   -4.06   -6.89   -8.00   -3.80
    0.33   -4.36   -7.30   -1.68
    1.99    0.52   -6.71   -7.03
2010 2019
  -12.19  -18.52  -18.24  -17.12
   -4.15  -13.88  -14.50  -12.50
    0.78   -7.35   -9.88   -6.03
    0.94   -2.05   -8.69   -5.21
2020 2029
   -3.52   -5.06   -5.60   -5.85
    4.97    3.31   -0.24   -3.59
    4.36    2.66    0.45    1.55
    0.13    1.71   -0.55   -0.42
2030 2039
   -5.09   -2.69   -2.38   -5.30
    1.51    1.87    2.55    1.27
    5.25   -0.27   -0.01    3.15
    4.15    1.99   -0.94    1.70
2040 2049
  -13.92  -13.06   -9.04   -6.38
   -6.48  -13.50  -13.88   -5.65
   -2.15  -12.52  -14.09   -3.46
   -2.87   -8.91  -18.17  -10.50
2050 2059
   -3.51   -0.76   -1.46   -5.83
    2.04    1.32    1.89   -0.87
    3.54   -2.57   -0.50    7.48
    3.40   -0.08   -2.71    4.50
2060 2069
   -4.50    0.51    2.92    1.09
   -1.16   -2.85   -0.48    3.40
    2.67   -3.47   -4.92    2.46
    5.89    0.91   -7.11   -4.79
2070 2079
  -10.59   -8.91   -5.76   -7.15
   -1.70   -3.41    0.17    0.48
    1.19   -3.61  -10.47   -4.45
   -0.34   -3.20  -16.76  -12.23
2080 2089
  -13.55  -13.88  -10.96  -11.92
   -0.52   -6.53   -5.65   -2.83
    2.41   -1.94   -7.85   -3.80
    3.88    4.45   -5.35   -7.31
2090 2099
  -10.91   -8.28   -4.50   -6.03
   -1.11   -1.32    1.20    0.12
    2.10    0.40   -3.33    0.22
   -1.48   -0.65   -4.04    0.78
