Mean monthly rainfall - Model Simulations
NaN indicates insufficient data is available
Refer to Accompanying Documentation
GRIDBOX LONGITUDES
           4
   31.25   33.75   36.25   38.75
GRIDBOX LATITUDES
           4
   -8.75  -11.25  -13.75  -16.25
MODEL CLIMATOLOGY 1970-1999 (mm)
    1.95    4.97   11.62   18.91
    2.68    6.16   11.42   17.42
    2.74    5.51   10.01   14.78
    2.88    5.77   12.08   16.32
Mean Anomalies over 10-year time slices (mm)
2000 2009
    0.05    0.25   -0.18    0.41
    0.35    0.29   -0.17   -0.60
    0.70    0.98    0.80    0.57
    0.11    0.27    0.67    1.02
2010 2019
   -0.43   -0.43    0.07    0.83
   -0.07   -0.12   -0.31   -0.75
    0.07   -0.13   -0.96   -1.86
   -0.25   -0.83   -1.12   -1.13
2020 2029
    0.34    0.65    1.55    3.18
    0.46    0.89    1.40    2.27
    0.18    0.23    0.28    0.63
    0.06   -0.25   -0.47   -0.04
2030 2039
   -0.20   -0.11    0.29    0.06
    0.08    0.18    0.25   -0.66
    0.58    0.67    0.63    0.03
    1.35    1.31    2.72    2.99
2040 2049
   -0.54   -1.06   -2.17   -2.94
   -0.44   -0.69   -1.38   -3.01
   -0.09   -0.06   -0.58   -1.60
   -0.19   -0.25    0.05   -0.18
2050 2059
   -0.39   -0.77   -1.29   -1.19
   -0.05    0.07   -0.04   -0.11
    0.45    0.67    0.08    0.60
    0.74    0.92    0.12    0.35
2060 2069
   -0.03   -0.01    0.48    2.25
    0.44    0.91    1.30    1.08
    0.82    1.55    1.48    0.86
    0.93    1.62    1.66    1.69
2070 2079
    0.04    0.75    2.48    3.44
    0.43    1.27    2.19    2.33
    0.51    1.10    1.21    0.71
    0.36    0.51    1.66    1.66
2080 2089
   -0.19   -0.82   -1.62   -1.68
    0.26    0.36    0.82    2.07
    0.30    0.40    1.05    2.06
    0.08    0.11   -0.55   -0.45
2090 2099
   -0.62   -1.27   -2.39   -1.84
   -0.68   -1.17   -1.94   -1.99
   -0.54   -1.13   -1.96   -1.68
   -0.43   -0.94   -1.78   -1.10
