Mean monthly rainfall - Model Simulations
NaN indicates insufficient data is available
Refer to Accompanying Documentation
GRIDBOX LONGITUDES
           4
   31.25   33.75   36.25   38.75
GRIDBOX LATITUDES
           4
   -8.75  -11.25  -13.75  -16.25
MODEL CLIMATOLOGY 1970-1999 (mm)
   68.83   74.42   77.79  104.35
   61.19   68.44   73.26   99.50
   58.42   65.81   72.65   94.33
   59.63   67.95   78.37   91.97
Mean Anomalies over 10-year time slices (mm)
2000 2009
   -7.98   -9.65   -8.77   -8.87
   -5.41   -7.13   -8.75  -10.43
   -0.29   -2.15   -7.05  -11.17
    6.91    3.81   -5.15  -10.31
2010 2019
  -10.55   -8.57   -7.06    1.57
  -12.34  -11.20  -10.49   -3.51
  -10.86  -11.50  -11.84   -7.23
  -10.23  -12.75  -14.04  -10.23
2020 2029
    5.52    6.26    5.85   13.42
    6.03    8.45    8.84   16.00
    7.13    8.76    9.34   14.39
    8.19    7.53    8.06    9.47
2030 2039
   -8.98   -6.76   -3.51   -0.70
   -8.88   -6.54   -5.04   -0.39
   -6.89   -5.92   -6.06   -1.21
   -6.81  -10.22  -10.66   -6.11
2040 2049
    1.08    0.02    0.33    2.10
   -4.18   -5.92   -6.79   -4.96
   -7.09   -9.00  -10.78  -10.74
   -5.83   -7.93  -11.55  -13.63
2050 2059
   -1.92   -3.23    0.14    4.57
    0.59   -0.75    0.39    1.58
    5.97    5.86    4.58    1.82
   10.63   11.51    6.68    2.78
2060 2069
   -3.21    0.76   -1.56   -1.97
   -4.95   -4.64   -7.03   -7.14
   -2.75   -6.83  -10.69  -11.95
    0.85   -6.59  -15.93  -17.91
2070 2079
   15.67   13.35    8.95    8.66
   11.93    8.22    2.02   -1.56
    8.83    4.52   -2.04   -7.65
    7.26    2.66   -5.08   -7.90
2080 2089
    4.54    1.73    0.92   -0.67
    1.07   -3.45   -7.68  -16.17
   -0.54   -6.86  -15.12  -27.64
   -1.03  -11.32  -24.69  -33.93
2090 2099
    8.11    5.28    6.48    4.48
    5.40    3.95    5.16    2.83
    2.92    3.67    4.39    1.82
    0.76    1.92   -0.14   -2.17
