Mean monthly rainfall - Model Simulations
NaN indicates insufficient data is available
Refer to Accompanying Documentation
GRIDBOX LONGITUDES
           4
   31.25   33.75   36.25   38.75
GRIDBOX LATITUDES
           4
   -8.75  -11.25  -13.75  -16.25
MODEL CLIMATOLOGY 1970-1999 (mm)
   74.94   55.04   44.23   39.13
   71.76   50.69   39.93   37.06
   71.45   59.22   48.88   44.60
   92.01   82.57   62.04   55.01
Mean Anomalies over 10-year time slices (mm)
2000 2009
   -1.39   -9.23  -11.35   -9.47
   -5.85  -12.28  -12.81   -9.75
   -7.99  -15.19  -15.91  -10.54
   -4.59  -16.44  -19.36  -14.28
2010 2019
    4.98    0.58   -2.03   -2.77
    9.38    2.61   -2.43   -6.13
   14.34    3.64   -4.23  -11.37
   21.02    5.83   -5.11  -14.54
2020 2029
   13.57    8.23    4.34    5.15
   13.12    9.52    6.34    4.89
   10.25    9.94    9.93    7.61
   11.06   12.12   12.73   10.11
2030 2039
  -13.39  -21.53  -19.76  -14.58
  -17.70  -23.20  -20.02  -15.49
  -17.87  -24.52  -19.90  -14.76
  -11.17  -23.76  -20.26  -14.54
2040 2049
    6.69  -12.85  -19.00  -16.95
    8.50   -8.90  -15.82  -15.94
    7.34   -4.31  -10.58  -14.02
    3.60   -4.29   -6.36  -12.73
2050 2059
   -5.79   -8.85  -12.46  -14.16
  -11.44   -9.27   -8.93  -12.79
  -16.83  -14.39  -10.77  -12.22
  -20.64  -21.32  -15.50  -13.60
2060 2069
   -0.12   -0.92   -2.23   -4.81
   -4.17   -2.61    1.53    1.33
  -11.34   -7.37    0.49    4.67
  -19.50  -12.37   -1.56    6.27
2070 2079
    9.74    2.06   -5.20   -6.82
    0.01   -3.24   -4.10   -6.24
  -13.03  -15.25   -9.95   -8.07
  -16.81  -21.61  -14.33   -9.03
2080 2089
    4.70   -1.67   -7.86   -9.75
   -1.08   -1.50   -6.06   -9.99
   -9.32  -10.41   -9.31  -10.23
  -17.41  -23.50  -16.26  -11.23
2090 2099
   -5.02  -11.42  -15.60  -16.01
   -4.44   -9.41  -14.17  -17.95
   -5.49  -11.05  -14.33  -17.91
   -8.46  -15.07  -14.14  -16.01
