Mean monthly rainfall - Model Simulations
NaN indicates insufficient data is available
Refer to Accompanying Documentation
GRIDBOX LONGITUDES
           4
   31.25   33.75   36.25   38.75
GRIDBOX LATITUDES
           4
   -8.75  -11.25  -13.75  -16.25
MODEL CLIMATOLOGY 1970-1999 (mm)
  102.58  100.95   80.50   97.42
   76.29   86.23   72.08   93.85
   46.16   63.14   60.71   86.67
   31.86   48.93   54.18   80.66
Mean Anomalies over 10-year time slices (mm)
2000 2009
   10.61   21.23   23.19   22.40
    1.83    9.40   14.80   17.72
   -1.08    1.66    7.95   11.33
    2.75    3.11    6.68    5.53
2010 2019
   28.02   24.86   27.38   32.30
   14.67   12.55   15.79   20.17
    4.27    3.77    5.67    8.09
    6.51    4.94    4.56    8.27
2020 2029
   50.05   56.93   40.60   25.94
   28.53   33.13   28.10   25.15
    5.16    6.02   12.37   20.50
    2.78    3.57    8.75   14.67
2030 2039
   17.85   15.41   21.76   23.05
    7.54    7.19   13.62   19.61
    0.96    1.39    5.08   12.50
   -1.64   -2.42   -0.30    3.24
2040 2049
   38.76   27.14   28.12   29.30
   19.75   14.86   18.28   23.60
    6.53    6.79    8.51   13.48
    6.21    4.74    3.93    5.82
2050 2059
   33.87   36.02   19.23    9.89
   22.71   24.03   12.91   10.47
   14.22   12.87    6.95   10.11
   11.17   10.85    6.68    9.57
2060 2069
   31.80   33.59   32.56   35.94
   16.36   18.09   19.21   30.57
    4.26    4.48    6.58   22.79
   -0.97   -1.49    4.70   19.86
2070 2079
   29.78   34.31   27.89   20.05
   14.64   17.82   13.52    9.36
    3.18    3.44    0.27   -0.58
    1.27   -2.41   -4.07   -2.12
2080 2089
   21.89   29.95   31.12   27.68
    5.39   10.04   13.35   16.52
   -3.34   -3.72    0.50    8.58
   -1.42   -2.27    4.32   14.42
2090 2099
   31.51   39.23   32.04   21.67
    9.83   18.01   21.84   20.10
   -3.86    0.98   10.86   15.31
   -0.51   -1.11    2.55    5.73
