Mean monthly rainfall - Model Simulations
NaN indicates insufficient data is available
Refer to Accompanying Documentation
GRIDBOX LONGITUDES
           4
   31.25   33.75   36.25   38.75
GRIDBOX LATITUDES
           4
   -8.75  -11.25  -13.75  -16.25
MODEL CLIMATOLOGY 1970-1999 (mm)
  116.06  106.67  106.23  122.51
  100.34   95.91   98.50  122.30
   66.33   66.29   72.22  103.61
   38.53   42.76   61.44   97.56
Mean Anomalies over 10-year time slices (mm)
2000 2009
   -5.16   -9.34   -9.68  -10.49
  -10.94   -9.08  -12.12  -15.35
   -4.23   -6.36   -6.86   -7.81
   -2.40   -3.19   -3.85   -4.91
2010 2019
    9.63    6.29   10.76   14.39
   -6.16   -0.26    6.25   11.25
  -10.15   -2.21    9.05   15.89
  -10.13   -6.14    0.98   11.50
2020 2029
   11.19    8.62    9.96   12.94
   -2.23   -0.20   -2.05    1.41
   -3.12   -2.05   -3.73    1.37
   -1.95   -0.13    0.98    8.67
2030 2039
   13.74   15.96   15.65   12.78
   -3.09   -0.06   -1.30   -0.62
   -6.51   -5.62   -4.09    0.03
   -1.70   -0.85    1.51    2.72
2040 2049
    9.63   10.72   12.18   13.36
    0.86    7.47    3.82    4.60
   -4.49   -0.09    4.34   12.48
   -0.02    1.96    6.13   15.26
2050 2059
   24.61   21.33   16.56    9.13
   13.44   20.45   12.31    5.68
    3.64    7.77    5.45   10.84
   -0.35    2.24    5.44   15.25
2060 2069
   21.31   21.50   22.60   21.55
    3.62   12.81   17.23   21.71
    2.23    8.44   10.55   21.82
    0.30   -0.10    5.77   24.99
2070 2079
   20.57   25.16   25.71   22.60
    8.69   21.48   21.58   22.32
   -3.12    6.97   15.92   25.39
   -9.71   -3.84    3.63   16.83
2080 2089
   41.59   37.52   27.13   21.97
   28.19   30.22   25.38   21.73
   31.08   33.32   27.27   28.79
    9.51   11.30   15.84   33.20
2090 2099
   18.39   25.63   27.98   23.43
   -2.40    7.60   16.72   18.88
  -12.18   -6.51    2.31   14.41
  -11.70   -9.66   -4.56   17.72
