Mean monthly rainfall - Model Simulations
NaN indicates insufficient data is available
Refer to Accompanying Documentation
GRIDBOX LONGITUDES
           4
   31.25   33.75   36.25   38.75
GRIDBOX LATITUDES
           4
   -8.75  -11.25  -13.75  -16.25
MODEL CLIMATOLOGY 1970-1999 (mm)
  120.71  115.61  104.49   84.47
  123.64  125.48  121.64  101.56
  116.54  119.27  118.92  106.08
   92.33   99.01  105.46   99.43
Mean Anomalies over 10-year time slices (mm)
2000 2009
   17.14   18.06   13.77    7.58
   17.58   22.24   18.35    8.05
    8.14   12.85    8.80    1.21
    2.03    3.66   -3.49  -10.55
2010 2019
    3.91    2.44    5.06   11.29
   -1.60   -1.91   -2.01    3.26
   -4.77   -5.69  -10.24   -7.33
   -3.96   -7.98  -17.13  -18.52
2020 2029
    1.50    3.70    5.27    7.42
    1.24    7.64   10.09    9.33
    0.91    6.47    6.61    7.17
    3.05    3.54   -0.17   -0.55
2030 2039
    9.34   10.87    7.12   -0.87
   11.13   13.63   11.00    7.49
    5.24    3.62    1.58    4.19
    0.68   -6.21  -11.22   -9.75
2040 2049
    7.73    8.75    8.75    6.17
    6.00    6.46    4.52    3.65
    1.37   -0.69   -2.61    3.30
   -4.25  -10.64  -12.63   -3.74
2050 2059
    9.00    7.07    6.79    9.12
    6.94    5.10   -1.48   -0.28
    1.44   -0.22  -11.35  -11.92
   -1.94   -8.37  -25.53  -29.35
2060 2069
    7.73    9.41    9.38    5.59
   10.93   15.24   13.01    8.49
    9.94   12.38    7.54    5.67
   -0.41   -4.00   -8.39   -6.82
2070 2079
    7.21    4.65    7.55    6.56
    1.28    0.04    1.89    4.44
   -8.38   -8.73   -9.55   -9.03
  -16.40  -21.20  -25.13  -23.51
2080 2089
    9.74    6.12    5.86   10.43
    7.41    6.66    3.19    7.35
   -1.07   -2.04   -5.50   -4.06
   -5.58   -8.71  -14.08  -14.95
2090 2099
    6.45    0.61   -6.02   -6.80
    1.21   -5.03  -16.43  -18.57
   -7.94  -14.11  -23.22  -26.90
  -10.61  -19.36  -30.66  -36.22
