Mean monthly rainfall - Model Simulations
NaN indicates insufficient data is available
Refer to Accompanying Documentation
GRIDBOX LONGITUDES
           4
   31.25   33.75   36.25   38.75
GRIDBOX LATITUDES
           4
   -8.75  -11.25  -13.75  -16.25
MODEL CLIMATOLOGY 1970-1999 (mm)
   63.99   40.85   23.19   15.34
   47.22   34.12   23.88   13.26
   39.11   32.22   25.09   15.27
   36.77   34.40   30.98   21.70
Mean Anomalies over 10-year time slices (mm)
2000 2009
   -8.06   -5.77   -5.34   -0.63
   -8.34   -8.34  -12.83   -7.54
   -2.15   -3.86  -11.19   -9.92
   -1.98   -2.06   -7.10  -11.23
2010 2019
    4.83    6.83    5.11    3.81
    6.62    7.91    0.46   -0.64
    8.05    9.47   -0.25   -0.83
    4.14    3.34   -4.74   -2.73
2020 2029
   -2.61   -7.76   -7.45   -0.71
  -17.39  -15.66  -10.79   -2.29
  -22.87  -20.15  -12.85   -1.22
  -20.05  -19.01  -12.02    1.53
2030 2039
   -4.65   -0.60   -0.90    0.68
   -2.34    2.31    0.18    3.88
   -3.02   -0.53   -2.32   -2.88
   -6.11  -11.07  -14.33  -12.14
2040 2049
   -1.98    0.42   -2.76   -4.73
    1.58   -0.84   -7.66   -5.34
   -3.32   -6.96  -10.58   -6.72
   -7.79  -13.47  -16.66  -11.74
2050 2059
    1.46    4.08    3.90    1.46
    0.15    0.36   -4.52   -2.82
   -2.57   -2.09   -8.36   -5.32
  -10.17  -12.95  -15.92   -9.83
2060 2069
    7.56    9.65    5.43    3.91
    3.74    4.49   -4.05   -2.60
    5.27    0.08   -4.45   -2.24
   -2.89   -9.51   -8.80   -2.01
2070 2079
  -11.09  -16.70  -14.68   -7.79
  -20.13  -18.70  -17.58   -9.01
  -24.40  -20.26  -18.15  -11.06
  -28.37  -27.19  -23.36  -15.68
2080 2089
   -2.20   -6.12   -8.60   -6.42
   -8.65  -10.18  -14.40   -8.59
  -12.27  -11.59  -15.39  -10.98
  -20.06  -16.94  -20.32  -16.27
2090 2099
  -18.18  -16.45  -10.21   -2.68
  -24.15  -19.88  -15.23   -5.95
  -25.48  -21.72  -16.57   -8.75
  -28.51  -27.81  -23.84  -15.00
