Mean monthly rainfall - Model Simulations
NaN indicates insufficient data is available
Refer to Accompanying Documentation
GRIDBOX LONGITUDES
           4
   31.25   33.75   36.25   38.75
GRIDBOX LATITUDES
           4
   -8.75  -11.25  -13.75  -16.25
MODEL CLIMATOLOGY 1970-1999 (mm)
  291.97  269.64  221.72  140.85
  303.59  280.34  234.37  178.43
  286.60  283.44  246.43  208.06
  267.77  271.12  245.71  213.66
Mean Anomalies over 10-year time slices (mm)
2000 2009
   -3.72   -5.43   17.96   25.23
    9.91   -1.45    9.43   19.08
   13.54    5.33    6.62    8.89
    6.40    5.11    6.03    6.21
2010 2019
  -13.13  -10.58    2.34    2.33
    1.11   -7.93    2.07   -0.71
   21.05    9.21   16.03    7.26
   23.97   14.61   20.97   16.02
2020 2029
   17.84   18.65   27.62   22.80
   22.09   27.66   35.28   25.82
   12.87   20.87   33.96   24.17
   -1.25    2.58   23.35   24.07
2030 2039
   26.81   12.56   23.08   33.43
    7.43    1.82   11.83   19.49
   -4.88   -6.74    2.42    3.41
   -2.13   -7.18   -2.24    3.20
2040 2049
   14.13   17.64   21.89   17.03
   21.50   19.98   19.21   16.20
   10.07   12.95    9.26    7.12
   -2.98    3.26   -4.49   -3.86
2050 2059
   -7.99  -22.66  -25.35  -11.30
  -13.81  -28.49  -33.87  -23.00
  -11.88  -22.24  -25.46  -25.32
   10.17    1.46   -2.94  -10.56
2060 2069
   14.35   26.64   32.88   30.85
   21.17   26.53   30.20   23.56
   30.57   31.93   34.68   19.47
   40.16   42.14   36.43   18.76
2070 2079
   31.19   37.31   37.43   30.09
   30.06   31.15   34.42   27.20
   29.43   24.63   24.30   21.64
   35.60   33.80   27.18   26.96
2080 2089
   32.75   26.56   13.94   22.38
   31.53   29.21   26.81   31.69
   18.15   20.75   31.44   35.33
   11.05   12.66   26.13   32.78
2090 2099
   40.20   36.47   34.10   31.66
   39.35   38.54   36.07   35.61
   28.04   28.89   32.75   34.59
    6.31    0.71   16.10   34.35
