Mean monthly rainfall - Model Simulations
NaN indicates insufficient data is available
Refer to Accompanying Documentation
GRIDBOX LONGITUDES
           4
  -18.75  -16.25  -13.75  -11.25
GRIDBOX LATITUDES
           3
   16.25   13.75   11.25
MODEL CLIMATOLOGY 1970-1999 (mm)
    3.16    4.14    5.31    6.66
    5.38    6.98   10.57   16.17
   28.60   28.82   33.75   43.40
Mean Anomalies over 10-year time slices (mm)
2000 2009
    0.35    1.15    1.82    2.36
    1.24    1.65    2.35    3.35
    3.80    3.54    4.24    5.89
2010 2019
   -0.06   -0.04   -0.11   -0.27
    0.35   -0.08   -0.24   -0.11
    4.18    2.62    1.83    1.82
2020 2029
   -0.20    0.02    0.30    0.66
   -0.60   -1.32   -1.14   -0.05
   -5.57   -5.76   -4.43   -1.59
2030 2039
    0.77    1.33    2.16    3.28
    0.51    0.60    1.54    3.32
    1.49    0.88    1.49    3.32
2040 2049
    0.13    0.21    0.94    2.32
    0.53    0.24    1.05    2.96
   -1.02   -2.02   -0.69    2.98
2050 2059
    0.50    0.06    0.40    1.51
    0.32   -0.58    0.03    2.13
   -3.01   -3.07   -1.57    1.48
2060 2069
    0.56    0.40    0.66    1.33
    0.47   -0.01    0.20    1.11
   -4.21   -4.02   -2.67   -0.16
2070 2079
   -0.72   -1.12   -0.98   -0.30
   -1.29   -2.05   -2.01   -1.17
   -7.92   -8.07   -6.72   -3.87
2080 2089
    1.62    2.55    3.40    4.16
    1.30    2.18    3.21    4.41
   -3.39   -2.15   -0.03    2.96
2090 2099
    0.54    0.80    1.01    1.15
   -0.35   -0.76   -0.09    1.64
   -5.48   -5.64   -3.69    0.37
