Mean monthly rainfall - Model Simulations
NaN indicates insufficient data is available
Refer to Accompanying Documentation
GRIDBOX LONGITUDES
           4
  -18.75  -16.25  -13.75  -11.25
GRIDBOX LATITUDES
           3
   16.25   13.75   11.25
MODEL CLIMATOLOGY 1970-1999 (mm)
    8.66   13.20   19.49   26.53
   20.28   28.76   39.02   49.76
   59.76   77.17   87.40   88.95
Mean Anomalies over 10-year time slices (mm)
2000 2009
   -0.61   -0.99   -1.17   -1.23
   -1.40   -2.30   -3.22   -3.91
   -0.08   -1.36   -1.52   -0.41
2010 2019
   -0.40   -0.87   -0.85   -0.21
    0.60    1.41    1.51    1.09
    6.21    8.86    8.55    5.63
2020 2029
   -1.42   -1.97   -2.63   -3.06
   -3.42   -3.40   -3.33   -3.04
   -4.50   -2.09    0.26    1.95
2030 2039
   -2.93   -4.85   -5.93   -5.84
   -3.12   -5.97   -7.79   -8.03
    1.98    3.28    2.14   -1.45
2040 2049
   -3.48   -6.49   -8.45   -8.85
   -8.05  -11.19  -11.84   -9.88
  -11.90  -11.11   -8.70   -5.35
2050 2059
   -2.60   -4.73   -6.18   -6.36
   -4.36   -6.76   -8.10   -7.73
   -1.19   -2.02   -2.80   -3.24
2060 2069
   -2.47   -4.53   -5.95   -6.28
   -3.82   -5.92   -6.45   -5.03
    9.45   10.99   10.49    8.05
2070 2079
   -1.66   -2.63   -3.28   -3.24
    0.87   -1.33   -2.14   -1.18
   10.03    8.30    7.43    7.75
2080 2089
   -2.24   -4.44   -6.30   -7.21
   -3.97   -7.10   -8.82   -8.59
   -0.47   -3.03   -4.17   -3.80
2090 2099
   -3.05   -5.64   -7.93   -9.18
   -3.07   -6.53   -9.23  -10.20
    5.84    5.62    4.00    1.50
