Mean monthly rainfall - Model Simulations
NaN indicates insufficient data is available
Refer to Accompanying Documentation
GRIDBOX LONGITUDES
           4
  -18.75  -16.25  -13.75  -11.25
GRIDBOX LATITUDES
           3
   16.25   13.75   11.25
MODEL CLIMATOLOGY 1970-1999 (mm)
   12.54    4.21    0.20    0.64
   23.28    8.43    1.19    3.77
   21.60    9.12    6.96   17.45
Mean Anomalies over 10-year time slices (mm)
2000 2009
    1.73    0.67   -0.17   -0.44
    2.08    0.78   -0.64   -1.64
    1.04    0.17   -2.14   -4.82
2010 2019
    0.29    0.05   -0.08   -0.18
    1.00    0.40   -0.21   -0.61
   -0.27   -0.11   -0.99   -2.44
2020 2029
    0.04    0.11   -0.10   -0.43
   -1.00   -0.36   -0.77   -2.22
   -1.65   -0.95   -3.09   -7.42
2030 2039
    1.12    0.37   -0.14   -0.39
    0.85    0.28   -0.63   -1.86
   -0.33   -0.31   -3.02   -7.95
2040 2049
    0.18    0.05   -0.14   -0.39
    0.70    0.19   -0.73   -2.10
   -0.71   -0.64   -3.49   -8.91
2050 2059
    2.00    0.71   -0.19   -0.53
    3.83    1.39   -0.85   -2.39
    1.44    0.30   -3.50   -8.97
2060 2069
    1.53    0.50   -0.10   -0.30
    3.84    1.43   -0.75   -2.18
    0.82    0.05   -3.57   -8.94
2070 2079
    3.13    1.18   -0.14   -0.42
    5.01    1.90   -0.80   -2.34
    2.12    0.57   -3.90  -10.43
2080 2089
    3.14    1.20   -0.09   -0.48
    4.56    1.71   -1.00   -2.97
    0.55   -0.18   -4.89  -12.29
2090 2099
    7.40    2.76   -0.20   -0.59
    8.77    3.30   -1.04   -3.08
    1.60    0.29   -4.84  -12.45
