Mean monthly rainfall - Model Simulations
NaN indicates insufficient data is available
Refer to Accompanying Documentation
GRIDBOX LONGITUDES
           4
  -18.75  -16.25  -13.75  -11.25
GRIDBOX LATITUDES
           3
   16.25   13.75   11.25
MODEL CLIMATOLOGY 1970-1999 (mm)
    1.90    0.79    0.82    0.73
    2.19    0.78    0.54    0.79
    2.28    1.14    1.25    4.15
Mean Anomalies over 10-year time slices (mm)
2000 2009
   -0.02   -0.09   -0.13   -0.13
   -0.04   -0.03   -0.17   -0.25
   -0.29   -0.16   -0.25   -1.24
2010 2019
   -0.15   -0.14   -0.05    0.01
   -0.05   -0.04   -0.03   -0.28
    0.29   -0.04   -0.18   -2.00
2020 2029
   -0.49   -0.28   -0.35   -0.33
   -0.48   -0.23   -0.26   -0.51
   -0.58   -0.33   -0.21   -0.85
2030 2039
   -0.51   -0.23   -0.24   -0.12
   -0.36   -0.14   -0.09   -0.21
   -0.23   -0.12   -0.21   -0.82
2040 2049
   -0.04   -0.21   -0.27   -0.20
   -0.18   -0.15   -0.17   -0.28
   -0.44   -0.29   -0.29   -1.09
2050 2059
    0.05   -0.13   -0.23   -0.23
    0.06   -0.13   -0.21   -0.30
   -0.18   -0.21   -0.19   -1.40
2060 2069
   -0.11   -0.21   -0.35   -0.29
    0.18    0.07   -0.18   -0.28
   -0.05   -0.09   -0.49   -1.45
2070 2079
    0.01   -0.23   -0.40   -0.40
    0.16   -0.10   -0.25   -0.40
    0.09   -0.06   -0.48   -2.45
2080 2089
    0.08   -0.11   -0.13   -0.19
    0.08    0.07   -0.05   -0.28
    0.17    0.13   -0.21   -1.62
2090 2099
   -0.08   -0.29   -0.47   -0.32
    0.24   -0.02   -0.23   -0.40
    0.08   -0.05   -0.54   -2.09
