Mean monthly rainfall - Model Simulations
NaN indicates insufficient data is available
Refer to Accompanying Documentation
GRIDBOX LONGITUDES
           5
   -6.25   -3.75   -1.25    1.25    3.75
GRIDBOX LATITUDES
           4
   11.25    8.75    6.25    3.75
MODEL CLIMATOLOGY 1970-1999 (mm)
    4.24    5.91    6.70    7.64    8.69
   18.74   22.55   22.58   22.42   26.13
   41.47   37.10   37.27   43.04   47.69
   51.52   52.60   64.13   77.01   78.66
Mean Anomalies over 10-year time slices (%)
2000 2009
   -4.82  -33.30  -40.61  -35.53  -31.54
   -7.03   -4.22  -10.34   -3.55  -10.68
   -6.03   -8.81  -12.22  -10.13   -5.81
  -10.65  -13.47  -10.67   -6.40   -4.90
2010 2019
  -46.08  -37.97  -30.79  -19.60  -28.57
  -23.04   -9.78  -18.46  -15.95   -9.69
   -8.74   -9.57  -14.95  -12.44  -13.87
  -20.26  -19.61  -18.00  -19.24  -15.79
2020 2029
  -20.41   -0.68   -5.25    2.52    6.05
  -29.06  -14.96  -13.39  -14.86  -15.66
  -17.38  -15.50  -20.51  -18.29  -20.15
  -21.97  -24.55  -24.87  -22.74  -22.61
2030 2039
  -56.06  -46.86  -35.79  -34.40  -34.84
  -29.39  -18.36  -15.05  -17.57  -15.36
  -26.75  -26.82  -31.33  -26.43  -21.01
  -22.48  -25.70  -24.06  -21.88  -19.51
2040 2049
  -22.72  -25.28  -27.89  -19.13  -35.02
  -23.44  -23.24  -25.85  -25.47  -36.11
  -12.88  -17.19  -22.52  -25.39  -31.06
  -26.19  -28.99  -31.89  -33.41  -35.16
2050 2059
   33.48   24.49    5.94   27.46   21.32
   10.07   14.95   10.57    4.30   -7.03
   18.21    7.54    0.74   -3.51   -1.90
   18.48    6.22   -6.16  -12.81  -15.21
2060 2069
  -34.85  -27.38  -30.52  -23.08  -15.69
   -4.91    7.87    2.49   -1.18   -9.72
   -4.27  -10.96  -14.63  -10.47  -10.55
   -6.25  -13.27  -14.42  -14.18  -15.83
2070 2079
   17.11   41.71   38.39   35.30   10.85
   -5.03    9.70    2.50   15.09    4.44
   -5.11  -11.12  -15.28  -10.16  -10.20
    0.40   -4.48  -10.36  -12.91  -12.70
2080 2089
    7.58    4.65   -8.05  -10.53  -34.13
   -5.14   10.83    4.96   -8.44  -22.75
   -5.07  -16.63  -24.43  -26.25  -28.99
   -7.90  -17.76  -26.18  -27.11  -29.06
2090 2099
  -12.01    1.60    7.83    1.67   -7.52
   -5.03   17.24   10.70    1.85   -7.13
  -11.52  -12.87  -20.57  -17.75  -19.99
   -8.40  -17.10  -24.13  -25.22  -23.05
