Mean monthly rainfall - Model Simulations
NaN indicates insufficient data is available
Refer to Accompanying Documentation
GRIDBOX LONGITUDES
           5
   -6.25   -3.75   -1.25    1.25    3.75
GRIDBOX LATITUDES
           4
   11.25    8.75    6.25    3.75
MODEL CLIMATOLOGY 1970-1999 (mm)
  142.96  167.31  156.50  146.06  136.98
  161.11  186.84  170.42  166.77  159.86
  130.65  159.32  154.70  161.30  189.46
  159.59  178.59  178.85  186.03  202.56
Mean Anomalies over 10-year time slices (%)
2000 2009
    6.60    9.57   13.83    9.93    7.75
    3.76    6.39    8.94    7.43    3.88
   -5.07   -0.83    2.74    0.52   -1.46
   -6.95   -3.78    1.14    3.11    3.81
2010 2019
    6.94   10.46   10.21    4.89    2.81
    4.16    5.60    5.39    4.05    0.01
   -4.63   -2.14   -0.34    2.39    0.17
   -7.70   -5.86   -1.93   -0.04   -0.60
2020 2029
    4.80    5.80    5.06    4.06    2.90
   -0.20    2.10    0.16    0.77   -0.77
   -6.12   -3.61   -1.90   -0.06   -0.85
   -0.91   -0.12    2.99    4.06    1.36
2030 2039
   -0.12    0.81    2.13    1.73    4.15
   -3.47   -3.24   -2.20   -1.65    2.99
    0.24   -3.07   -4.88   -2.85   -3.77
    2.27    1.79    0.64   -0.62   -4.37
2040 2049
   21.86   18.90   13.87    8.46    8.03
    9.67    8.11    3.99    1.18    1.72
   -1.80    1.36    3.07    2.43    1.29
   -2.03    1.01    5.51    3.79    3.24
2050 2059
   15.07   10.45    8.39    8.56    9.08
    7.84    8.18    5.97    6.24    1.76
    3.78    4.04    2.11    2.78   -0.65
    1.85    0.65    3.30    0.70    1.51
2060 2069
   13.35   12.44   12.02    9.26    9.19
    0.85    6.19    5.41    0.60   -0.61
   -4.38   -1.72   -0.21    1.66   -2.54
    8.51    7.32    8.89    8.85    4.83
2070 2079
   26.82   20.32   15.62   10.24   10.15
   10.32    5.53    2.83    0.16    2.33
    2.34   -0.15   -0.32    2.95    0.89
    3.90    3.13    2.71    1.33    1.66
2080 2089
   10.31    7.38    5.95    6.47    7.29
    2.68    1.41    0.35   -0.97    2.83
    5.39    0.11   -2.91   -2.78   -1.30
   11.85    7.86    7.80    2.23   -2.60
2090 2099
   20.80   17.02   11.11    9.33   10.20
    6.50    5.17    4.14    2.73    6.13
    0.21   -2.76   -6.16   -4.65   -1.73
   17.63   13.08    9.19    6.35   -1.73
