Mean monthly rainfall - Model Simulations
NaN indicates insufficient data is available
Refer to Accompanying Documentation
GRIDBOX LONGITUDES
           4
   28.75   31.25   33.75   36.25
GRIDBOX LATITUDES
           5
    6.25    3.75    1.25   -1.25   -3.75
MODEL CLIMATOLOGY 1970-1999 (mm)
   11.85   14.66   25.92   63.88
   43.10   44.63   35.43   34.55
  102.78  103.41   85.03   55.84
  184.71  160.02  163.62  115.71
  263.86  206.93  211.81  162.32
Mean Anomalies over 10-year time slices (%)
2000 2009
   13.23   28.19   39.86   40.17
   10.91   22.07   36.40   56.90
    4.85   14.47   18.83   35.33
    4.56    9.02    8.61   19.31
   -3.92    2.03    2.16   11.32
2010 2019
   20.02   10.44   11.43   21.57
   -4.46   -8.18    3.96   34.08
   -6.63   -9.04   -3.39   12.73
   -3.53   -4.78   -5.80   -0.18
   -7.78   -4.30   -5.32    2.10
2020 2029
  -32.48  -33.99  -28.48  -15.54
  -32.29  -23.41  -14.60  -18.75
  -22.14  -10.21   -5.63  -16.16
  -10.80   -0.29   -1.23   -7.70
   -6.55    5.52    2.85    1.49
2030 2039
  -38.61  -36.13  -18.50   -3.45
  -27.54  -20.80   -7.38   17.37
  -15.95   -7.59   -5.54   17.35
   -1.94    2.51   -3.41   10.79
    5.24   10.76    8.09   19.46
2040 2049
    9.64    8.61   -2.95  -10.77
   -0.42    1.73   -3.23   -1.19
   -7.43   -5.97   -7.17    3.28
   -4.47   -3.91   -9.10    4.05
   -4.59   -0.94   -4.56    2.85
2050 2059
   26.10   26.90   18.56   11.23
    0.97    6.28   14.49   21.54
   -2.53   -1.01    2.49   15.10
    0.11    0.31   -5.54   -0.34
    0.49    1.62   -2.85    0.25
2060 2069
    3.41    3.24   11.28   20.78
    3.73   14.08   26.31   42.02
   10.72   14.32   14.62   28.59
   17.00   14.73    8.23   13.18
    5.24    3.38    0.88    3.81
2070 2079
    5.31   18.09   27.32   20.23
   20.18   26.91   40.43   30.47
   25.31   29.28   26.80   23.96
   23.90   29.76   20.68   14.18
   19.09   18.67   13.29    8.08
2080 2089
   46.40   39.34   36.17   27.07
   17.45   22.47   38.90   44.31
    3.81   10.70   16.38   25.73
    3.67   10.14   12.75   15.08
    2.09    9.13   10.47   11.99
2090 2099
   -2.11   13.63   28.77   31.42
   -0.21   12.39   35.91   49.75
    2.92    8.20   13.81   30.21
   11.35   11.32    8.03   24.36
    5.62   13.93   10.92   21.50
