Mean monthly rainfall - Model Simulations
NaN indicates insufficient data is available
Refer to Accompanying Documentation
GRIDBOX LONGITUDES
           4
   28.75   31.25   33.75   36.25
GRIDBOX LATITUDES
           5
    6.25    3.75    1.25   -1.25   -3.75
MODEL CLIMATOLOGY 1970-1999 (mm)
  182.33  168.74  143.16  157.38
  212.32  185.47  130.91  116.88
  233.89  193.67  119.04   78.42
  264.96  197.46  112.84   73.83
  204.53  147.43   93.24   73.27
Mean Anomalies over 10-year time slices (%)
2000 2009
   -8.00   -7.60    2.22   13.07
   -5.91   -3.28    6.95   21.47
   -3.25    2.48   12.56   24.65
   -1.82    7.30   23.80   36.22
    2.20   16.03   34.68   39.82
2010 2019
   -2.31   -0.91    0.07   -2.42
   -5.05   -3.26   -0.61    1.63
   -5.07   -1.41    0.62    5.34
    3.61   15.07   17.96   18.07
    8.41   24.63   33.18   32.67
2020 2029
   -1.68    3.39   13.29    5.56
   -1.65    4.34   18.41   14.32
    3.47   10.88   25.72   25.13
   17.47   31.60   47.27   41.52
   20.54   36.88   49.45   39.61
2030 2039
   -2.06    3.57   11.62    5.83
   -0.82    6.24   19.84   20.78
    2.02   10.76   27.86   33.34
    7.61   21.80   45.92   47.43
   15.50   29.48   47.49   42.78
2040 2049
   -7.46   -3.07    9.01   15.64
   -6.89   -1.34   15.31   26.35
   -2.94    5.03   24.31   33.94
    7.26   22.42   47.50   47.79
   21.05   38.95   58.00   47.92
2050 2059
   -1.32    7.19   21.61   24.21
    1.86    9.96   25.49   33.91
    5.38   12.97   24.93   29.15
    9.47   21.31   36.55   34.51
   16.68   32.25   44.43   30.83
2060 2069
   -7.20   -1.79   12.20   23.80
   -0.99    7.86   26.00   40.60
    6.32   17.81   37.79   50.46
   15.62   30.14   51.92   55.47
   23.17   40.25   58.98   51.36
2070 2079
   -9.88   -4.42   11.77   16.12
   -2.14    5.01   22.11   29.44
    7.31   17.14   33.70   39.42
   15.52   32.06   55.38   53.46
   20.07   39.88   63.10   52.66
2080 2089
   -7.64   -3.99   10.15   20.03
   -6.85    0.05   22.94   40.82
   -1.55    9.73   39.44   61.01
   16.02   37.27   73.92   76.95
   25.15   48.10   77.68   69.02
2090 2099
   -9.54   -2.32   17.98   22.98
   -5.54    4.13   32.68   43.53
    0.88   14.44   49.82   61.51
    9.16   31.40   78.62   77.12
   16.66   43.94   81.98   66.65
