Mean monthly rainfall - Model Simulations
NaN indicates insufficient data is available
Refer to Accompanying Documentation
GRIDBOX LONGITUDES
           4
   28.75   31.25   33.75   36.25
GRIDBOX LATITUDES
           5
    6.25    3.75    1.25   -1.25   -3.75
MODEL CLIMATOLOGY 1970-1999 (mm)
   11.90   14.01   18.85   15.90
   60.90   54.35   42.19   25.82
  174.68  154.14  100.39   46.94
  290.21  266.95  197.12   97.41
  366.40  339.98  244.21  150.40
Mean Anomalies over 10-year time slices (%)
2000 2009
  -25.40  -21.79  -15.27   21.00
  -12.67  -16.88  -21.67  -13.88
   -7.89  -11.20  -14.82  -10.00
   -5.04   -8.88   -6.58   -4.66
   -3.58   -5.28   -5.50   -4.25
2010 2019
  -15.58   -6.29    0.34    7.00
  -10.48   -6.04   -2.33    3.23
   -3.53   -1.23   -1.91   -1.12
    0.09    2.01    1.20   -2.30
   -1.61    0.80    2.59   -0.61
2020 2029
  -28.97  -34.03  -29.60  -19.06
  -17.97  -22.89  -26.25  -21.39
  -10.31  -12.08  -16.15  -11.60
   -6.84   -8.53  -10.31   -8.02
   -3.81   -5.07   -8.24   -8.13
2030 2039
   -3.98   -3.22    3.78   25.45
    1.80    7.11   20.14   27.80
    6.66    8.85   15.31   30.30
    9.30    9.63    9.99   17.62
    3.05    6.33   11.80   13.13
2040 2049
   20.82   22.14   18.35   46.77
   14.74   15.11    5.68   12.56
   10.44    9.45    5.48   13.18
   10.91    9.10    5.90    7.38
    7.72    4.45    3.62    2.80
2050 2059
   -6.24  -12.37  -10.81   -3.31
  -13.66  -18.11  -19.19  -16.19
  -14.50  -15.52  -12.43   -9.15
  -11.64  -10.47   -9.61  -12.25
   -7.57   -7.37   -8.10  -14.78
2060 2069
   -4.67   -2.12   -0.90   20.08
   -0.20   -2.08   -5.80   13.32
   -0.36   -0.42    0.50   10.12
    0.38   -1.94   -0.70   -1.27
   -2.51   -5.30   -3.84   -5.35
2070 2079
   24.87   56.33   82.72  120.81
   18.20   25.69   38.70   69.92
   10.58   15.74   27.28   50.17
    8.11   11.64   16.08   22.79
    0.49    4.05   10.89   12.86
2080 2089
  -23.23  -15.48   -9.55   17.43
  -13.72  -15.49  -14.49    0.26
  -10.34  -10.55  -10.16   -3.56
   -9.23   -5.77   -1.29   -3.13
   -8.01   -5.23   -2.54   -6.12
2090 2099
   -7.46   -3.60   14.94   53.34
   -1.01   -2.74   -1.79    5.10
   -5.20   -4.29   -5.19   -1.42
   -8.52   -7.37   -5.28   -7.79
  -12.72  -12.30   -8.74  -13.86
