Mean monthly rainfall - Model Simulations
NaN indicates insufficient data is available
Refer to Accompanying Documentation
GRIDBOX LONGITUDES
           4
   28.75   31.25   33.75   36.25
GRIDBOX LATITUDES
           5
    6.25    3.75    1.25   -1.25   -3.75
MODEL CLIMATOLOGY 1970-1999 (mm)
  123.05   72.72   98.07  199.09
  159.71  106.65  100.26  140.52
  184.92  128.87  100.27   99.12
  193.07  121.37  104.13  141.34
  152.31  114.61  131.03  201.56
Mean Anomalies over 10-year time slices (%)
2000 2009
    7.06    4.64    4.38    5.77
    7.15    4.03    1.31    1.76
    5.19    2.64   -1.19   -4.21
   -2.28   -3.76   -3.79   -1.80
   -4.38   -4.35   -2.53   -0.81
2010 2019
   -2.23   -0.19    4.42    5.35
    3.22   -0.59   -1.76    1.24
    4.28   -2.33   -8.01   -7.24
   -1.52   -6.42   -9.89   -7.41
   -4.01   -6.68   -6.07   -3.46
2020 2029
    4.17   -5.30   -8.81   -4.64
    1.94   -5.76  -10.90   -8.03
    1.06   -5.58  -11.05   -9.81
    1.48   -5.22   -9.44   -5.39
   -0.68   -6.02   -6.98   -3.86
2030 2039
   -4.27   -7.51   -0.08    5.46
   -3.51   -9.28   -7.08    2.00
   -3.83  -10.79  -12.45   -2.86
   -5.85  -11.76   -9.34    1.66
   -6.79  -11.23   -5.51    3.28
2040 2049
    2.88  -13.84  -11.22    0.37
   -0.11  -14.67  -17.04   -3.18
   -1.81  -13.29  -18.12   -6.54
   -2.63   -9.35   -9.62   -0.75
   -3.74   -8.93   -5.75    1.19
2050 2059
   -1.31  -13.69  -11.38   -2.62
   -0.37  -13.58  -18.23   -8.52
    0.15  -13.01  -21.69  -14.82
   -1.67  -13.81  -18.36   -7.30
   -4.39  -15.44  -12.81   -1.97
2060 2069
   -6.79  -14.50   -4.29    5.36
   -3.61  -13.29  -11.54    1.44
   -1.51  -12.53  -17.09   -5.77
   -2.30  -13.21  -16.33   -5.19
   -3.65  -11.33   -7.90    1.18
2070 2079
    5.66   -7.69   -6.06    2.97
    5.14   -8.60  -13.97   -4.47
    3.48  -10.01  -19.12  -12.52
   -0.33  -12.71  -16.06   -3.22
   -1.33  -12.35   -6.46    7.47
2080 2089
   -7.01  -20.14   -7.20    7.09
   -5.56  -20.45  -19.89   -2.32
   -5.28  -20.75  -29.98  -19.91
   -6.29  -21.35  -29.59  -18.99
   -8.73  -21.65  -19.59   -7.87
2090 2099
    6.40  -12.85  -14.29   -3.08
    3.36  -14.40  -20.13   -6.48
    1.91  -14.14  -22.21   -8.66
    2.31  -11.73  -16.79   -3.73
    0.41  -15.09  -13.43   -0.14
