Mean monthly rainfall - Model Simulations
NaN indicates insufficient data is available
Refer to Accompanying Documentation
GRIDBOX LONGITUDES
           6
  -13.75  -11.25   -8.75   -6.25   -3.75   -1.25
GRIDBOX LATITUDES
           4
   36.25   33.75   31.25   28.75
MODEL CLIMATOLOGY 1970-1999 (mm)
   51.19   46.69   58.85   56.20   49.07   34.99
   31.17   33.42   45.55   36.94   25.38   21.20
   19.31   22.26   25.80   15.63    7.90    4.61
   10.49    8.54    5.62    3.51    1.60    0.95
Mean Anomalies over 10-year time slices (%)
2000 2009
  -11.15  -12.34   -8.27   -9.04  -14.25   -8.26
  -10.37   -4.89    4.39    1.35   -4.06    2.20
   -6.23   12.33   12.81   -0.29  -14.12    3.58
  -13.07    3.26    7.05  -10.24  -21.44    7.76
2010 2019
  -37.49  -35.32  -34.13  -31.21  -27.17  -22.12
  -36.08  -33.22  -24.66  -24.14  -19.90  -13.44
  -28.14  -25.32  -24.43  -28.14  -22.77  -12.28
  -19.52  -23.65  -36.69  -42.15  -50.71  -35.46
2020 2029
  -13.71  -16.50  -19.84  -22.89  -24.59  -16.93
   -6.43  -13.06  -16.62  -15.46   -6.70    0.17
   -9.30   -7.82  -12.81  -22.92   -9.05   40.03
  -19.27  -16.45  -38.66  -59.55  -25.07   42.82
2030 2039
  -23.17  -23.36  -26.07  -31.04  -34.52  -30.61
   -9.59  -11.47  -21.29  -31.23  -34.76  -29.87
   -2.07   -4.80  -16.11  -31.77  -37.94  -41.46
   -7.44   -9.61  -25.00  -52.00  -60.99  -48.19
2040 2049
  -31.47  -40.37  -44.94  -43.15  -32.52  -18.82
  -30.75  -40.54  -43.69  -40.72  -23.15   -8.29
  -24.54  -38.89  -44.02  -38.52    9.14   31.53
  -19.93  -28.67  -27.09   -3.14   89.13  166.90
2050 2059
    1.73    2.08   14.06   19.08   -4.51  -26.51
   -0.26    1.17   12.47   11.08  -11.69  -28.34
  -13.43   -6.06    2.16   -9.17  -23.36  -20.54
  -15.39  -16.64  -17.12  -43.13  -46.58  -32.78
2060 2069
  -38.25  -41.23  -44.12  -46.49  -42.56  -30.76
  -34.53  -42.72  -45.06  -47.16  -39.88  -27.16
  -40.64  -49.18  -49.07  -54.40  -38.99  -16.18
  -49.76  -53.48  -59.63  -59.80  -35.84  -20.06
2070 2079
  -28.54  -28.27  -25.61  -32.61  -39.86  -42.16
  -32.80  -30.19  -31.54  -37.89  -44.27  -42.28
  -31.53  -26.89  -30.22  -35.14  -40.91  -30.53
  -22.28   -8.99    8.58    0.28  -16.25   55.63
2080 2089
   -8.46   -8.23   -6.13   -6.40  -22.30  -32.04
   -6.74  -13.95  -19.08  -25.53  -32.92  -35.90
  -22.00  -26.04  -33.77  -49.46  -54.80  -56.70
  -35.78  -43.88  -59.62  -79.96  -88.71  -93.37
2090 2099
  -42.47  -45.23  -43.03  -40.56  -48.25  -49.47
  -45.22  -48.14  -45.88  -46.11  -48.04  -44.73
  -54.79  -55.21  -51.51  -54.16  -48.08  -30.56
  -53.81  -59.27  -60.75  -59.42  -42.40  -41.16
