Mean monthly rainfall - Model Simulations
NaN indicates insufficient data is available
Refer to Accompanying Documentation
GRIDBOX LONGITUDES
           6
  -13.75  -11.25   -8.75   -6.25   -3.75   -1.25
GRIDBOX LATITUDES
           4
   36.25   33.75   31.25   28.75
MODEL CLIMATOLOGY 1970-1999 (mm)
   75.19   78.45   67.54   57.83   50.58   36.54
   58.90   66.71   51.12   39.11   34.28   27.77
   37.84   41.91   30.91   21.71   16.45    8.98
   18.27   15.50   12.21    7.80    3.03    2.22
Mean Anomalies over 10-year time slices (%)
2000 2009
   -8.16   -9.41   -5.83   -2.12   -0.55   -2.21
   -9.31  -14.18  -11.76   -9.37  -10.22   -8.72
  -12.58  -18.93  -15.17  -12.63  -18.02  -22.82
  -19.86  -22.01  -21.09  -21.96  -34.09  -43.64
2010 2019
    8.73    2.92    9.75   14.78   12.85    8.05
    4.38    0.48    2.85    4.98    3.41    0.42
   -7.44   -7.13   -4.67   -3.92   -8.77  -18.91
  -16.96  -11.49  -11.50  -14.88  -30.32  -35.87
2020 2029
    6.56    2.02    5.45    8.46    8.07    5.20
    3.12   -1.38   -2.90   -2.74   -0.40    0.92
    5.76   -0.21    3.98    7.28    3.43    8.20
   10.80    7.19   12.18   16.38   12.60    4.22
2030 2039
  -18.54  -29.62  -26.12  -22.78  -23.41  -20.82
  -31.01  -41.94  -37.67  -30.85  -27.35  -21.79
  -33.23  -45.33  -40.00  -32.47  -31.03  -26.91
  -26.96  -37.78  -34.72  -28.52  -15.73   -7.12
2040 2049
   -6.30  -14.18  -15.39  -14.48  -12.14   -8.82
  -14.50  -21.61  -15.95   -9.77   -9.69   -7.68
  -14.26  -21.61  -12.88   -4.31   -6.85    1.96
   -5.52  -11.28   -6.25   -3.17  -12.16   10.34
2050 2059
  -26.28  -33.67  -29.59  -25.91  -26.10  -25.01
  -38.04  -42.63  -41.93  -40.61  -39.23  -29.14
  -43.01  -46.39  -48.01  -46.69  -39.61  -24.55
  -43.14  -45.90  -47.66  -48.98  -50.24  -48.50
2060 2069
    3.21   -2.45    3.22    5.65   -0.39  -12.46
  -19.05  -22.72  -19.34  -16.77  -19.26  -21.91
  -31.17  -30.88  -27.51  -25.23  -28.38  -34.29
  -37.91  -34.54  -28.68  -27.18  -45.45  -60.74
2070 2079
    2.18   -8.52   -1.63    2.81   -1.82  -11.25
  -11.34  -22.14  -22.61  -20.71  -18.38  -16.74
  -20.29  -28.80  -28.76  -25.39  -19.25   -7.20
  -28.92  -28.33  -27.19  -24.78  -13.84    6.26
2080 2089
  -35.07  -45.04  -44.83  -43.35  -42.31  -37.82
  -51.59  -57.59  -54.94  -51.02  -49.07  -43.87
  -62.34  -65.56  -67.11  -64.62  -55.93  -55.71
  -66.61  -67.79  -72.75  -75.94  -71.37  -71.09
2090 2099
  -16.27  -23.08  -17.26   -9.76   -4.72   -2.11
  -28.58  -34.44  -28.59  -19.83  -14.47  -10.85
  -38.53  -43.63  -39.46  -32.96  -29.27  -28.96
  -47.85  -52.66  -55.54  -58.00  -61.38  -52.00
