Mean monthly rainfall - Model Simulations
NaN indicates insufficient data is available
Refer to Accompanying Documentation
GRIDBOX LONGITUDES
           6
  -13.75  -11.25   -8.75   -6.25   -3.75   -1.25
GRIDBOX LATITUDES
           4
   36.25   33.75   31.25   28.75
MODEL CLIMATOLOGY 1970-1999 (mm)
   24.38   22.42   19.30   16.28   14.68   13.03
   19.30   13.03    9.37    6.84    6.66    6.51
   15.35    6.22    3.10    2.18    2.03    1.80
    8.29    2.05    0.85    0.66    0.48    0.38
Mean Anomalies over 10-year time slices (%)
2000 2009
   11.02   17.99   30.27   30.27   25.06   25.25
   11.75   14.48   19.60   26.49   23.46   37.11
   12.51   10.02    3.90   -2.07   43.18  102.81
   12.51    9.60  -27.67  -27.01   48.01  107.92
2010 2019
  -17.33  -21.70  -27.48  -29.93  -26.10  -23.81
  -12.31  -24.98  -38.22  -37.19  -37.64  -34.43
   -7.22  -24.22  -38.96  -56.84  -57.08  -38.73
   -2.62  -23.45  -54.24  -61.86  -35.06   -7.05
2020 2029
   -3.00    1.38    9.20    1.87   -7.13   -3.11
    0.53    1.95   -1.65   -8.15  -17.74   -7.49
    7.26    5.29  -14.34  -25.79  -16.26   -4.53
   16.67    9.74  -31.13  -61.85  -58.77  -33.67
2030 2039
  -11.70  -21.49  -29.93  -20.67   -9.19   -3.73
   -9.09  -23.39  -26.58  -10.76  -11.93  -11.24
   -2.97  -17.40  -12.67   -8.00  -16.21   -8.74
    4.40   -7.02  -25.38  -38.30  -57.02  -50.27
2040 2049
  -13.00  -12.18  -16.41   -6.53   -2.29   -5.36
  -10.42  -18.21  -33.98  -31.47  -33.57  -29.45
    2.10  -18.97  -43.19  -57.33  -60.21  -50.51
   15.18   -8.30  -52.08  -64.29  -55.32  -39.09
2050 2059
   -7.88  -21.06  -33.38  -41.28  -46.36  -45.72
   -4.32  -26.16  -50.93  -57.63  -63.67  -60.67
   -1.25  -29.48  -62.55  -73.83  -68.58  -49.54
    1.34  -24.03  -73.75  -83.65  -59.87  -46.50
2060 2069
  -23.00  -31.65  -44.07  -56.58  -63.31  -61.58
  -19.52  -37.56  -55.72  -64.93  -68.81  -63.03
  -18.59  -43.51  -67.63  -69.43  -57.59  -44.74
  -11.10  -34.75  -61.36  -58.03  -40.53  -43.30
2070 2079
   -8.19  -14.90  -13.24  -25.94  -46.45  -49.29
  -10.24  -24.12  -20.59  -32.78  -56.42  -52.09
  -13.56  -34.53  -41.12  -58.36  -69.64  -55.63
  -15.59  -35.26  -20.90  -38.94  -55.54  -56.15
2080 2089
  -26.78  -37.50  -43.40  -47.43  -42.63  -36.99
  -18.61  -38.88  -50.41  -50.34  -41.02  -36.57
  -14.45  -41.98  -60.31  -65.24  -23.18    0.93
   -2.86  -28.18  -74.31  -76.56  -23.15   14.63
2090 2099
  -27.31  -44.76  -51.09  -54.86  -54.88  -48.58
  -18.59  -44.13  -55.86  -53.43  -57.15  -50.42
  -14.58  -43.65  -51.68  -38.30  -32.20  -25.19
  -10.00  -36.43  -63.80  -69.03  -57.18  -45.09
