Mean monthly rainfall - Model Simulations
NaN indicates insufficient data is available
Refer to Accompanying Documentation
GRIDBOX LONGITUDES
           6
  -13.75  -11.25   -8.75   -6.25   -3.75   -1.25
GRIDBOX LATITUDES
           4
   36.25   33.75   31.25   28.75
MODEL CLIMATOLOGY 1970-1999 (mm)
   85.23   79.86   80.54   73.02   56.87   43.92
   60.08   58.17   57.48   47.90   35.57   26.64
   35.07   36.86   27.17   16.74    9.62    6.38
   14.26   12.71    7.04    3.38    2.13    1.76
Mean Anomalies over 10-year time slices (%)
2000 2009
   -0.52    3.29   11.36   13.58   14.67   16.09
    1.21    4.93   11.05   14.62   13.82   13.55
   11.17   19.16   26.41   26.59   21.43    9.85
   18.39   27.06   29.52   21.17   17.33   -7.54
2010 2019
  -22.69  -21.07  -20.05  -21.25  -15.82   -9.00
  -21.50  -22.60  -22.57  -19.22  -11.51   -9.04
  -15.81  -18.36  -12.95    1.23   13.09    3.22
    0.17   -0.99   14.14   55.61   42.75  -13.20
2020 2029
   -6.90   -1.18    6.64    9.30    8.25    3.78
   -2.74    3.46    9.28   11.34    4.79   -2.83
    6.91   10.63   21.64   22.27    7.30   -5.66
   16.97   30.99   78.15  100.82   48.97   10.54
2030 2039
  -21.79  -16.22   -7.93   -6.49   -9.40  -15.11
  -17.72  -12.21  -10.47  -13.32  -16.87  -17.51
  -10.94  -12.45  -14.80  -15.48  -12.46    0.14
   -6.30   -6.77   -6.26   11.95   33.78   60.21
2040 2049
  -18.92  -11.74   -8.42   -9.99  -11.92   -8.70
  -15.96   -8.83   -6.94   -5.32   -5.90   -8.33
   -2.99   -3.11    2.32    7.63    3.59  -13.26
    8.29   11.43   37.23   40.09   23.27   -6.38
2050 2059
  -32.14  -33.12  -30.57  -33.24  -33.59  -28.05
  -43.09  -44.03  -42.63  -42.10  -39.28  -33.26
  -44.58  -48.96  -49.69  -44.51  -37.64  -31.12
  -42.45  -44.97  -29.38   22.96   41.76   14.19
2060 2069
  -18.51  -13.86   -6.13   -1.96   -0.49    4.32
  -15.92  -12.31   -5.65    0.05    3.22    8.02
  -13.81   -8.59    2.36   10.66   10.17    1.05
  -14.17   -5.73   16.24   32.00    7.93  -29.19
2070 2079
  -27.19  -31.96  -32.57  -30.50  -28.85  -25.26
  -37.06  -43.58  -43.61  -39.85  -39.05  -36.79
  -42.33  -50.05  -49.11  -44.38  -48.11  -53.17
  -43.47  -47.23  -42.20  -37.19  -53.21  -72.11
2080 2089
  -44.42  -43.56  -42.30  -45.80  -50.18  -46.82
  -51.11  -49.57  -48.81  -50.38  -48.96  -41.25
  -47.14  -46.87  -46.10  -41.65  -27.01   -9.80
  -36.29  -33.55  -20.22   24.98   72.76   35.56
2090 2099
  -47.21  -47.92  -45.72  -47.22  -48.94  -46.71
  -57.23  -58.01  -56.52  -55.89  -54.40  -51.16
  -59.10  -59.89  -60.89  -58.50  -54.93  -44.52
  -56.69  -55.21  -56.60  -58.64  -46.99   20.62
