Mean monthly rainfall - Model Simulations
NaN indicates insufficient data is available
Refer to Accompanying Documentation
GRIDBOX LONGITUDES
           6
  -13.75  -11.25   -8.75   -6.25   -3.75   -1.25
GRIDBOX LATITUDES
           4
   36.25   33.75   31.25   28.75
MODEL CLIMATOLOGY 1970-1999 (mm)
   36.39   34.02   37.65   36.62   27.72   28.12
   20.56   22.09   24.64   24.71   27.75   29.44
   12.42   10.82   10.32   10.97   12.13    8.08
    7.90    4.68    1.97    1.77    1.35    1.00
Mean Anomalies over 10-year time slices (%)
2000 2009
  -13.63  -12.40  -18.18  -13.88  -11.47  -19.01
    1.60   -0.75   -0.04    3.43   -2.03  -15.47
    9.13    7.42   18.54   20.96    5.45  -19.91
   13.99   14.74   23.93   14.04   -1.37  -41.68
2010 2019
  -17.66  -16.75  -22.64  -20.29  -17.32  -20.38
  -11.54  -15.02  -16.72   -6.79  -15.64  -25.06
   -5.07   -9.23   -2.67   15.57   -7.60  -32.31
    2.39   -0.78    9.48   24.60   18.22  -30.24
2020 2029
   -6.98  -11.29  -20.53  -19.12   -7.81   -5.49
    2.29   -7.49  -12.58   -6.33   -0.22  -10.14
    0.20   -9.76   -6.92    1.63   -2.65  -15.39
    6.24    2.13   14.16   10.02   -2.33  -43.01
2030 2039
  -10.10  -15.84  -19.90  -14.30  -12.37  -14.22
   -5.66  -14.08  -21.23  -13.95    3.82   -0.54
   -4.84  -20.23  -33.72  -15.42   15.65   11.32
   -1.05  -16.90  -34.66   -1.42   13.27    4.50
2040 2049
  -13.91  -18.65  -28.41  -30.15  -31.79  -32.29
   -7.49  -17.14  -27.60  -33.73  -30.13  -29.07
   -6.39  -23.74  -31.00  -28.66  -18.01  -16.87
    1.12  -20.60  -33.49  -11.31   14.20  -15.67
2050 2059
  -11.13  -13.59  -14.74  -12.21  -16.27  -19.22
   -2.62   -3.20   -5.01  -11.00  -21.47  -23.11
    3.04    0.31   10.28    9.33   -0.99  -10.48
    5.29   -5.32    3.30   14.77   43.16   96.41
2060 2069
  -12.33  -23.45  -32.00  -32.05  -27.11  -21.64
   -7.10  -18.03  -25.56  -26.90  -21.18  -21.43
   -3.85  -16.76  -18.57  -10.19   -7.77  -13.93
    0.25  -12.92   -5.29   18.79    6.17  -32.73
2070 2079
   -2.37   -5.69  -16.57  -18.39  -17.48  -24.45
    6.81   -0.59  -11.83  -22.32  -25.64  -34.53
    8.46    5.03   -1.11  -15.35  -29.83  -35.82
    5.73   -0.25   10.46   33.69   13.81  -23.00
2080 2089
  -22.60  -21.26  -24.04  -19.15  -11.69   -5.70
  -16.30  -18.56  -20.36  -21.98  -21.93  -21.34
  -10.95  -16.33  -20.80  -20.04  -15.64  -22.46
    3.30   -6.73  -30.19  -24.36  -15.72  -39.86
2090 2099
  -10.22  -20.46  -28.54  -26.97  -30.13  -34.25
   -4.11  -18.07  -30.78  -37.05  -36.52  -35.38
   -2.81  -18.94  -27.28  -31.65  -29.05  -28.48
    6.13  -11.93  -24.34   -7.19    7.42   -7.17
