Mean monthly rainfall - Model Simulations
NaN indicates insufficient data is available
Refer to Accompanying Documentation
GRIDBOX LONGITUDES
           4
  -18.75  -16.25  -13.75  -11.25
GRIDBOX LATITUDES
           5
   18.75   16.25   13.75   11.25    8.75
MODEL CLIMATOLOGY 1970-1999 (mm)
    3.00    2.91    3.43    3.13
    7.52    7.57    8.61    9.76
   17.67   23.58   30.72   32.00
   45.42   58.29   67.75   65.46
   91.06   89.36   86.06   92.60
Mean Anomalies over 10-year time slices (mm)
2000 2009
    1.39    0.27   -0.92   -0.50
    0.03    0.14   -0.01    0.79
   -2.87   -1.67   -0.94   -0.22
   -6.27   -7.52   -5.78   -5.64
   -6.22   -7.66   -9.86  -12.88
2010 2019
   -1.36   -1.65   -0.27    2.11
   -2.75   -0.74    1.64    2.64
   -2.40    2.24    5.59    5.00
    5.84    8.14    4.95    4.85
   17.45   11.21   -1.16   -7.21
2020 2029
   -1.21   -0.84    0.03    0.73
   -0.34   -0.57   -0.45    1.02
    2.93    2.09    1.38    4.57
    9.50   11.46    8.35   10.46
   20.95   18.41   11.01    8.76
2030 2039
   -1.57   -2.11   -2.66   -2.09
   -4.63   -5.16   -4.90   -4.01
   -7.61   -8.24   -7.22   -3.20
   -4.92   -4.90   -3.28   -3.02
    3.39    2.03   -1.68   -8.05
2040 2049
    0.52    0.82   -0.09   -0.28
   -0.03   -0.99   -1.21   -0.54
   -1.44   -2.60   -2.39   -1.54
   -1.48    0.35   -0.36   -1.09
    1.51    3.79    2.87    1.77
2050 2059
    0.38   -0.14   -0.22    0.48
    1.43    0.19    1.47    4.18
    0.66    1.93    7.57    7.40
    1.07    4.11   10.23   11.59
    6.92    0.04    3.60    6.77
2060 2069
   -1.34   -1.79   -1.68    0.03
   -2.13   -2.93   -0.50    1.41
   -4.45   -3.01   -1.41   -1.00
   -9.32  -10.17   -5.37   -2.45
   -1.94   -5.22   -3.57   -0.21
2070 2079
    0.44   -1.90   -1.38    0.29
   -1.58   -3.90   -1.83    1.02
   -1.46   -2.11   -0.42   -0.49
    6.52    7.71   11.51    7.96
   23.13   18.10   16.51   16.18
2080 2089
   -2.03   -2.48   -2.48   -1.11
   -4.39   -4.17   -2.80   -0.56
   -8.85   -9.46   -6.31   -1.74
  -11.87  -10.66   -6.17   -0.99
   -6.71   -4.52   -3.07   -4.36
2090 2099
   -1.60   -1.41   -1.19   -0.58
   -3.47   -3.34   -1.51   -0.57
   -3.52   -4.07   -1.55   -1.74
    0.79   -0.14    0.84    1.65
   10.90    7.64    3.33    1.73
