Mean monthly rainfall - Model Simulations
NaN indicates insufficient data is available
Refer to Accompanying Documentation
GRIDBOX LONGITUDES
           4
  -18.75  -16.25  -13.75  -11.25
GRIDBOX LATITUDES
           5
   18.75   16.25   13.75   11.25    8.75
MODEL CLIMATOLOGY 1970-1999 (mm)
    6.15    2.05    3.96    6.92
    8.78    4.43    5.74   10.42
   10.96   10.37   13.13   20.74
   19.60   27.47   38.16   51.35
   55.61   64.36   83.36   95.06
Mean Anomalies over 10-year time slices (mm)
2000 2009
    0.48    0.62    1.29    0.63
    0.52    0.76    1.16    1.06
    0.41   -0.07   -0.62   -0.59
    0.42   -0.32    0.27    1.61
    2.66    2.11    2.24    3.04
2010 2019
   -0.11   -0.08    0.81   -0.29
    0.04    0.21    1.31    0.63
    0.47    0.67    1.23    1.94
    1.44    3.53    4.71    4.02
   11.43   12.96   15.25   14.33
2020 2029
    0.40    0.20    0.03   -0.28
    0.48    0.51   -0.02    0.29
    1.53    1.11    0.75    1.54
    6.86    8.33    6.90    4.73
   22.37   23.54   23.79   17.16
2030 2039
    0.05   -0.05    0.26   -0.72
   -0.06   -0.21    0.31   -0.46
    0.21   -0.17    0.19    0.88
    1.47    2.81    5.03    5.91
    9.45   10.33   13.78   14.06
2040 2049
   -0.10    0.16    0.81    1.67
    0.07    0.52    0.76    1.95
    1.24    1.23    0.87    2.15
    4.42    5.24    3.40    3.39
   13.82   14.50   16.45   12.24
2050 2059
    0.63    0.20    0.36   -0.05
    0.35    0.47    0.71   -0.27
    0.99    1.35    0.85   -0.39
    7.37    8.29    6.74    3.36
   21.59   23.07   24.28   16.79
2060 2069
    0.32    0.37    1.20    1.62
    0.28    1.02    1.70    2.31
    1.09    2.20    1.31    2.29
    5.69    7.12    4.21    2.97
   17.59   20.40   20.72   14.10
2070 2079
    0.24    0.02   -0.18   -1.42
    0.54    0.40   -0.77   -1.65
    1.44    1.11   -1.13   -2.06
    4.64    4.62    1.49   -0.57
   16.25   17.94   18.82   11.47
2080 2089
    0.38    0.18    1.42    1.19
    0.59    1.01    1.44    1.76
    2.21    2.44    1.47    2.28
    6.76    7.51    4.90    3.55
   15.75   19.11   19.21   12.07
2090 2099
    0.36   -0.22   -0.46   -0.68
   -0.05   -0.56   -1.61   -1.96
    0.58   -0.52   -3.18   -4.40
    6.90    7.09    2.35   -2.93
   24.92   28.65   28.33   14.27
