Mean monthly rainfall - Model Simulations
NaN indicates insufficient data is available
Refer to Accompanying Documentation
GRIDBOX LONGITUDES
           4
  -18.75  -16.25  -13.75  -11.25
GRIDBOX LATITUDES
           5
   18.75   16.25   13.75   11.25    8.75
MODEL CLIMATOLOGY 1970-1999 (mm)
    9.93    7.98    9.69   15.04
   17.94   12.89   16.04   27.39
   24.80   22.01   29.86   48.34
  107.86  102.12  106.83  121.97
  339.28  318.07  302.74  293.30
Mean Anomalies over 10-year time slices (mm)
2000 2009
   -0.34   -0.25   -0.37   -0.70
   -1.14   -0.70   -0.79   -1.40
   -2.84   -2.55   -2.87   -3.80
   -1.80   -3.23   -4.05   -4.25
    5.32   -0.61   -2.30    0.26
2010 2019
    1.08   -0.24   -1.22   -1.88
    2.37    0.77   -0.87   -2.56
    3.71    3.37    2.19    0.18
   -0.42    0.51    1.03    1.14
  -15.06  -13.70   -9.70   -3.04
2020 2029
    1.21    0.34   -0.37   -0.91
    1.22    0.52   -0.77   -2.64
    3.76    3.94    3.36    2.04
    6.08    7.30    8.39    9.36
    6.77    8.93   12.84   18.51
2030 2039
    2.14    0.16   -1.65   -3.31
    3.04   -0.07   -3.00   -5.75
   -0.25   -2.88   -5.96   -9.47
  -15.68  -16.90  -17.04  -16.10
  -52.01  -50.84  -42.58  -27.25
2040 2049
    1.76   -0.01   -1.72   -3.36
    1.78   -0.25   -2.95   -6.35
    0.06   -1.72   -4.74   -9.00
   -8.34   -8.99  -10.41  -12.60
  -28.46  -26.48  -22.87  -17.65
2050 2059
    0.71   -1.14   -2.69   -3.94
    1.12   -0.94   -3.06   -5.23
   -0.91   -1.97   -4.15   -7.44
  -16.69  -17.22  -17.23  -16.69
  -57.19  -58.76  -52.45  -38.25
2060 2069
    2.76    0.53   -1.37   -2.91
    4.75    1.54   -1.69   -4.94
    2.86   -0.43   -4.06   -8.03
  -17.81  -19.25  -19.67  -19.09
  -72.35  -68.65  -59.30  -44.31
2070 2079
    2.63    0.14   -1.45   -2.13
    4.25    1.22   -1.63   -4.29
    2.23    0.37   -2.19   -5.48
  -25.22  -23.44  -20.85  -17.45
  -99.36  -90.18  -73.79  -50.20
2080 2089
    2.02   -0.35   -1.96   -2.80
    3.45    0.35   -2.44   -4.92
    2.56    0.83   -1.76   -5.19
  -12.17  -13.82  -13.79  -12.08
  -51.96  -57.09  -50.43  -31.95
2090 2099
    1.73   -0.80   -2.84   -4.39
    2.98   -0.15   -3.07   -5.79
   -0.87   -2.55   -5.41   -9.43
  -24.03  -23.93  -22.73  -20.43
  -80.94  -79.42  -66.84  -43.20
