Mean monthly rainfall - Model Simulations
NaN indicates insufficient data is available
Refer to Accompanying Documentation
GRIDBOX LONGITUDES
           4
  -18.75  -16.25  -13.75  -11.25
GRIDBOX LATITUDES
           5
   18.75   16.25   13.75   11.25    8.75
MODEL CLIMATOLOGY 1970-1999 (mm)
    5.85    5.17    4.73    4.52
    5.17    4.42    4.18    4.34
    3.61    3.29    3.38    3.74
    6.49   10.02   11.83   11.48
   16.17   25.25   32.80   36.81
Mean Anomalies over 10-year time slices (mm)
2000 2009
    1.54    2.10    1.66    0.40
    1.33    1.32    0.63   -0.51
    0.78    0.43    0.01   -0.32
    0.79    0.62    0.33    0.03
    0.43    0.28   -0.42   -1.46
2010 2019
   -0.14    0.06    0.51    1.22
   -0.97   -0.91   -0.55    0.15
   -1.02   -0.68   -0.18    0.38
    0.55    0.27   -0.38   -1.03
    2.11    0.98   -1.13   -3.37
2020 2029
   -1.08   -0.81   -0.65   -0.45
   -0.64   -0.70   -0.82   -0.79
   -0.79   -0.59   -0.38   -0.19
    0.35    0.86    0.57   -0.52
    2.21    2.56    1.14   -1.80
2030 2039
   -0.02    0.13    0.37    0.69
   -0.79   -0.63   -0.70   -0.97
   -0.47   -0.33   -0.43   -0.74
   -0.33   -0.61   -1.64   -3.09
   -0.98   -2.21   -4.21   -6.31
2040 2049
   -0.72   -0.83   -0.77   -0.59
   -0.94   -0.77   -0.87   -1.25
   -0.49   -0.61   -0.91   -1.26
   -0.89   -0.78   -1.58   -2.99
   -1.93   -1.97   -3.81   -6.85
2050 2059
   -0.84   -1.05   -0.80   -0.23
   -1.67   -1.18   -0.88   -0.85
   -1.19   -0.67   -0.65   -1.12
   -0.92   -0.49   -1.55   -3.78
   -1.38   -0.99   -2.76   -6.09
2060 2069
   -3.37   -2.62   -2.18   -2.19
   -2.66   -2.41   -2.51   -2.80
   -1.49   -1.59   -1.74   -1.79
   -0.92   -1.10   -1.99   -3.09
   -1.75   -1.84   -3.63   -6.32
2070 2079
   -2.01   -1.73   -1.56   -1.46
   -2.21   -1.99   -1.86   -1.76
   -1.24   -1.14   -1.21   -1.33
   -1.00   -0.83   -2.13   -4.35
   -2.10   -1.52   -3.83   -8.25
2080 2089
   -2.61   -2.71   -2.24   -1.25
   -3.15   -2.69   -2.04   -1.37
   -2.22   -1.81   -1.39   -1.09
   -2.54   -2.19   -1.99   -1.80
   -4.26   -3.81   -3.46   -2.90
2090 2099
   -3.09   -2.28   -1.76   -1.60
   -2.57   -1.89   -1.71   -1.95
   -1.33   -1.17   -1.25   -1.45
   -1.62   -1.88   -2.30   -2.47
   -3.14   -3.30   -4.08   -4.81
