Mean monthly rainfall - Model Simulations
NaN indicates insufficient data is available
Refer to Accompanying Documentation
GRIDBOX LONGITUDES
           4
    6.25    8.75   11.25   13.75
GRIDBOX LATITUDES
           4
    6.25    3.75    1.25   -1.25
MODEL CLIMATOLOGY 1970-1999 (mm)
  167.37  146.78  154.24  137.11
  165.88  161.19  171.95  151.39
  138.68  147.85  155.03  142.23
   93.27   91.21   88.74   95.04
Mean Anomalies over 10-year time slices (mm)
2000 2009
    7.76   -3.71  -17.79   -7.98
    7.31   -2.12  -13.25   -5.98
    4.89    0.74   -3.69   -2.10
    2.75    1.68   -0.09   -1.66
2010 2019
    1.43   -2.32   -3.89   -2.63
    3.36   -1.98   -5.43   -4.01
    5.41    0.65   -3.58   -3.76
    3.56    2.18    0.37   -1.35
2020 2029
    1.78   -0.30   -4.45   -3.85
    2.04   -0.73   -4.63   -3.49
    2.85    0.51   -2.29   -1.84
    2.50    1.96    0.26   -2.01
2030 2039
    5.69    2.12   -5.71   -4.98
    4.06   -0.11   -7.27   -5.35
    2.17   -1.10   -5.15   -4.04
    0.13    0.88    1.35   -1.96
2040 2049
    4.25    4.03    4.52    3.42
    2.87    1.64    1.90    2.04
    1.25   -1.15   -1.30    0.03
    2.18    1.39    0.90   -0.03
2050 2059
    8.00    4.77    2.40    1.00
    8.57    4.48    1.60    2.00
    6.54    2.44   -0.34    1.70
    2.81    0.66   -1.38   -0.80
2060 2069
    8.56    3.16   -2.13   -2.31
    7.79    0.83   -5.48   -3.87
    3.80   -2.24   -7.61   -4.83
    2.92    1.37   -0.75   -2.06
2070 2079
    7.22   -2.98  -10.67   -5.66
   12.92    1.46   -8.35   -2.07
   14.46    5.52   -3.74    1.34
   10.37    6.32   -0.12    0.65
2080 2089
    7.18    2.08   -1.87    0.22
    8.72    1.84   -3.69    0.11
    6.20    0.66   -4.18   -1.50
    2.58    1.66   -0.80   -4.59
2090 2099
    9.18   -0.43   -8.87   -5.36
   11.73    0.76   -8.50   -4.64
   10.10    1.59   -5.56   -3.15
    6.99    3.96   -0.17   -1.27
