Mean monthly rainfall - Model Simulations
NaN indicates insufficient data is available
Refer to Accompanying Documentation
GRIDBOX LONGITUDES
           4
    6.25    8.75   11.25   13.75
GRIDBOX LATITUDES
           4
    6.25    3.75    1.25   -1.25
MODEL CLIMATOLOGY 1970-1999 (mm)
  310.45  256.71  221.51  204.56
  410.93  358.69  233.99  153.77
  383.50  367.02  231.65  168.44
  318.30  292.75  196.61  166.84
Mean Anomalies over 10-year time slices (mm)
2000 2009
   10.44    7.66    3.30   17.41
    2.42    6.13    2.62    2.94
    8.01   13.62   10.14    1.69
   18.27   19.25   14.92    9.41
2010 2019
  -17.04  -13.27  -17.61  -13.68
  -11.24   -7.15  -13.99  -12.19
   -8.93  -10.04   -6.01   -0.46
    1.78  -15.60   -8.01   -1.41
2020 2029
    5.96    3.02    2.02   -3.57
   -2.63    0.93    4.33    4.29
   -1.78   -9.97   -4.33    2.35
    9.60  -12.50  -10.70   -2.14
2030 2039
   -7.58   -7.18   -4.62   -0.90
    6.40    6.57    2.81    3.38
   18.99   15.35    5.97   11.53
   20.56   16.26    5.90    8.86
2040 2049
    1.93   -1.43    2.72    5.02
   10.30    7.64    4.09    8.24
   25.06   15.55    0.68    7.11
   28.87   11.69   -1.59    2.53
2050 2059
  -18.84   -8.58    2.91   -0.21
   -1.90   -1.85   -4.10    1.93
    4.69  -12.89   -9.27    3.95
   -3.14  -16.28   -7.81   -3.87
2060 2069
  -28.29  -20.87  -16.71  -20.57
   -7.85   -4.81   -7.89   -7.72
  -10.89  -11.78   -8.62    2.26
   -5.37   -9.59   -4.63   -2.35
2070 2079
  -28.34  -22.52  -17.95  -16.22
   -8.24   -8.12  -13.39  -10.89
   13.04    6.70   -4.75   -3.29
   20.61   12.61    2.35   -5.51
2080 2089
  -12.13  -10.92   -5.90   -9.28
   -4.27   -0.74   -0.98    0.42
  -16.05  -15.61   -9.89    1.42
  -22.06  -23.42   -8.92    1.77
2090 2099
  -10.82   -7.90    2.43    4.28
   -9.90   -4.28   -1.58    4.55
  -25.24  -23.79  -10.65    8.60
  -24.73  -22.48   -6.67    8.36
