Mean monthly rainfall - Model Simulations
NaN indicates insufficient data is available
Refer to Accompanying Documentation
GRIDBOX LONGITUDES
           4
    6.25    8.75   11.25   13.75
GRIDBOX LATITUDES
           4
    6.25    3.75    1.25   -1.25
MODEL CLIMATOLOGY 1970-1999 (mm)
   35.45   36.12   42.86   25.41
   88.00  101.24   95.29   60.99
  152.82  170.67  127.61  116.85
  181.84  248.47  238.35  200.95
Mean Anomalies over 10-year time slices (mm)
2000 2009
    2.89    3.56    0.91    0.24
   -1.37    2.56    2.89    1.00
   -3.17   -1.70    0.67    2.36
   14.79   13.12    1.45   -6.64
2010 2019
    1.60    3.45    6.16    5.78
    5.06    5.80    4.32    6.20
   12.25    9.80    5.99   10.30
    6.55    7.49    6.79    6.30
2020 2029
    0.78   -0.72   -2.98   -2.58
   -5.25   -6.39   -9.01   -9.77
   -9.36  -16.27  -17.60  -13.05
    9.37    4.38   -6.66  -12.16
2030 2039
   -4.59   -3.11   -2.68   -2.08
   -6.27   -2.41    1.56    0.93
    8.02    2.18    0.98   10.30
   13.73   10.35    4.85    8.82
2040 2049
    2.28    3.30    3.63    4.42
    3.21    7.08    4.23    2.06
    5.10   -2.24   -1.58    6.33
   13.18    6.10   -2.98    2.21
2050 2059
    1.37   -2.95   -2.44    0.70
    9.81   -3.07   -6.42   -0.54
   16.82    6.03   -4.59   -0.19
   -5.53   -2.22   -4.36   -1.38
2060 2069
   -0.42   -2.17   -2.31   -1.94
   -7.10   -9.20   -7.82   -8.69
   -6.93  -16.96  -16.37  -10.92
    9.38    4.52  -10.01   -9.98
2070 2079
    1.00   -1.58   -1.04   -0.70
    0.51   -2.78   -7.84   -5.46
   -1.51   -7.41   -8.57   -5.52
   -5.09   -6.64  -13.40  -11.18
2080 2089
   -4.21   -6.90  -10.19   -7.73
  -12.76  -19.23  -17.34  -11.53
   -3.57  -16.02  -22.30  -17.72
   -0.14   -2.12  -10.40  -18.53
2090 2099
   -2.38   -4.77   -5.71   -2.49
   -3.97   -9.78  -11.77  -10.94
    2.11  -13.12  -19.25  -18.72
    1.51   -5.17  -17.59  -24.58
