Mean monthly rainfall - Model Simulations
NaN indicates insufficient data is available
Refer to Accompanying Documentation
GRIDBOX LONGITUDES
           4
    6.25    8.75   11.25   13.75
GRIDBOX LATITUDES
           4
    6.25    3.75    1.25   -1.25
MODEL CLIMATOLOGY 1970-1999 (mm)
  116.19  124.55  118.13  104.30
  147.02  171.02  189.12  176.21
  130.12  160.47  226.42  227.11
   83.54  112.10  181.08  212.25
Mean Anomalies over 10-year time slices (mm)
2000 2009
   -0.64    0.29    1.58    1.70
    1.01    1.94    6.06    5.75
    3.96    5.03    9.44    8.63
    4.39    6.73    9.94    9.18
2010 2019
   -4.68   -3.05   -0.88    0.96
   -5.65   -5.47   -2.96    1.52
   -1.89   -3.54   -2.89   -1.25
    0.22   -2.05   -3.59   -4.08
2020 2029
    0.74    2.15    3.14    3.09
    2.30    4.14    9.24   10.30
    3.93    6.17   12.76   12.73
    0.81    2.07    5.54    7.48
2030 2039
   -0.17    1.50    2.27    2.39
    2.54    4.11    8.84    7.94
    5.06    7.34   14.38   13.24
    3.19    3.48    5.86    9.04
2040 2049
   -3.55   -0.91    2.14    2.66
   -4.92   -3.20    2.23    3.60
   -0.29    1.94    7.28    4.30
    2.91    5.61   10.39    6.31
2050 2059
   -6.89   -4.59   -2.60   -1.79
   -2.62   -2.14    1.87    2.58
    5.08    5.98    9.87    6.55
    6.15    8.37   11.51    7.54
2060 2069
   -8.32   -5.98   -3.64   -2.18
   -1.97   -2.46    2.08    4.01
    8.86   10.31   17.33   16.44
   14.33   16.76   23.03   28.20
2070 2079
   -8.81   -6.81   -4.67   -3.44
   -1.43   -2.42    3.94    5.30
   13.07   13.20   21.19   18.03
   16.42   19.37   26.65   26.81
2080 2089
   -6.65   -2.79    2.30    2.87
    0.70    0.33    7.17    8.42
   13.75   15.04   23.35   20.75
   14.74   21.28   31.96   27.47
2090 2099
  -11.99   -8.22   -3.97   -2.56
   -0.17   -0.30    6.62    6.72
   19.54   19.01   24.81   18.55
   21.43   24.88   30.50   26.42
