Mean monthly rainfall - Model Simulations
NaN indicates insufficient data is available
Refer to Accompanying Documentation
GRIDBOX LONGITUDES
           4
    6.25    8.75   11.25   13.75
GRIDBOX LATITUDES
           4
    6.25    3.75    1.25   -1.25
MODEL CLIMATOLOGY 1970-1999 (mm)
  134.85  113.82  119.80  100.01
  190.34  182.37  145.58  111.70
  198.36  211.27  170.65  169.48
  178.11  218.79  227.38  215.89
Mean Anomalies over 10-year time slices (mm)
2000 2009
   -3.03   -4.52   -1.96   -2.11
   -8.43  -12.51   -2.75    0.23
  -14.17  -13.71   -7.03    1.60
   -6.24   -5.80   -9.91   -6.41
2010 2019
   -1.58   -4.85   -2.79    2.26
   -8.03   -9.36   -4.63   -5.81
   -9.56  -11.09  -10.50  -10.68
   -5.61   -8.94   -9.89   -8.83
2020 2029
  -12.11  -11.97  -10.17   -8.13
  -23.92  -21.58  -14.14   -8.43
  -26.91  -24.55  -14.93  -10.77
  -11.51   -9.15  -10.49  -13.54
2030 2039
   -9.86   -4.48   -4.73   -1.88
   -5.07   -7.07   -5.77    0.29
    4.53   -2.46   -6.17   -2.50
    5.43   -1.21   -6.08   -1.20
2040 2049
  -16.98  -12.30  -11.90  -11.40
  -27.07  -20.33  -10.16   -8.82
  -14.33  -16.91  -14.46  -13.28
   -3.61  -10.41  -14.51  -16.79
2050 2059
  -12.29   -7.48   -1.63   -1.11
  -28.94  -27.32  -17.20   -9.19
  -39.04  -37.97  -18.22   -9.76
  -34.12  -35.28  -21.05   -4.87
2060 2069
  -15.27  -11.74   -8.76   -8.20
  -25.77  -18.98  -12.64  -10.11
  -25.65  -22.20   -9.90   -2.33
  -21.89  -19.53  -12.03   -3.81
2070 2079
  -19.61  -16.25   -8.14   -0.41
  -33.17  -29.39  -17.94   -9.62
  -29.98  -29.39  -13.05   -7.30
  -20.97  -19.70  -12.05   -1.92
2080 2089
  -22.83  -20.43  -13.29  -10.20
  -37.73  -37.35  -23.04  -14.30
  -40.40  -41.10  -25.02  -10.38
  -35.11  -33.41  -14.75   -3.55
2090 2099
  -29.41  -21.17  -18.00  -13.16
  -37.37  -32.96  -21.93  -12.17
  -28.46  -27.94  -11.82   -5.70
   -5.65  -11.82   -7.40   -3.39
