Mean monthly rainfall - Model Simulations
NaN indicates insufficient data is available
Refer to Accompanying Documentation
GRIDBOX LONGITUDES
           4
   28.75   31.25   33.75   36.25
GRIDBOX LATITUDES
           5
    6.25    3.75    1.25   -1.25   -3.75
MODEL CLIMATOLOGY 1970-1999 (mm)
   76.19   84.45   98.14   92.18
  174.62  159.51  129.81  103.16
  304.46  265.51  180.87  104.99
  351.54  303.39  210.09  115.59
  341.50  277.59  161.17   98.48
Mean Anomalies over 10-year time slices (%)
2000 2009
   -3.62   -1.42    1.50    0.61
   -0.48    0.54    3.80    2.49
    0.28   -0.38   -0.05   -0.69
   -0.69   -1.27   -1.70   -0.42
   -3.48   -3.68   -2.72   -1.58
2010 2019
    1.56   -0.41   -2.78   -1.27
    3.51    3.89    3.99    3.64
    4.87    4.58    7.81    7.62
    6.99    5.93    7.56   12.11
    6.33    7.69   13.21   17.10
2020 2029
    7.04    9.03   10.69   15.96
   10.04   10.13   10.80   14.60
    8.85    7.45    9.45    7.14
    4.12    1.11   -0.68   -2.66
    0.33   -3.73   -7.21  -10.18
2030 2039
    0.28    0.78    2.35   10.64
    3.45    2.76    3.52   11.77
    1.81    2.73    8.60   15.25
    0.87    1.95    7.34   12.27
   -1.23   -0.53    5.50    4.07
2040 2049
    4.00    4.63    4.36    7.21
    9.03    7.14    5.46   15.04
    7.29    6.17    9.72   18.11
    8.02    8.53   13.12   18.22
   11.75   11.21   14.64   15.41
2050 2059
    1.35    0.58    2.54   12.20
   -0.80   -2.04    2.58   19.49
    0.19    2.20   11.49   20.45
    2.78    6.08   13.47   15.75
    4.76    7.84   14.88   11.19
2060 2069
    4.53    6.20    8.75   12.83
    3.34    2.23    4.76   17.62
    1.32    4.48   12.16   16.90
    3.98    6.21    8.34    6.95
    4.33    4.58    4.42   -2.43
2070 2079
    0.61    2.87    6.34   13.75
    2.49    2.63    5.76   21.39
   -0.18    2.61   13.77   22.23
    3.12    5.78   16.92   16.30
    8.83    8.93    9.12    0.94
2080 2089
   -3.14   -1.25    3.49   19.72
    0.05    3.21    7.80   25.42
   -0.86    5.47   19.17   33.15
    3.85   10.36   22.01   25.54
    8.69   14.55   22.46   14.13
2090 2099
    3.29    3.31    4.46   18.29
    1.29    2.91    8.94   28.18
    1.85    7.01   19.73   31.72
    8.10   11.51   16.60   14.43
    9.59   13.45   13.49   -0.30
