Mean monthly rainfall - Model Simulations
NaN indicates insufficient data is available
Refer to Accompanying Documentation
GRIDBOX LONGITUDES
           4
   28.75   31.25   33.75   36.25
GRIDBOX LATITUDES
           5
    6.25    3.75    1.25   -1.25   -3.75
MODEL CLIMATOLOGY 1970-1999 (mm)
  115.07   46.51   53.96  137.42
  158.51   84.34   64.49   98.95
  198.73  117.37   80.90   89.33
  234.85  131.66  110.72  172.02
  203.97  130.23  140.89  235.95
Mean Anomalies over 10-year time slices (%)
2000 2009
   13.08   12.98   10.48   10.12
    6.11    8.41   11.86   11.47
    2.81    5.56    8.99    8.78
    4.71    3.23    2.93    4.68
    4.27   -1.33   -2.23    1.91
2010 2019
   10.80    6.60    2.57    5.37
   -0.12   -5.14   -3.94    5.25
   -4.50   -7.98   -6.73    3.17
   -0.93   -4.40   -3.96    1.19
   -1.85   -5.49   -5.76   -2.83
2020 2029
   15.12   12.93   11.22   12.75
    4.79    0.56    3.16   12.42
    0.72   -3.96   -2.04   11.68
    3.47   -4.76   -3.02    9.82
    0.75  -11.40   -7.32    6.40
2030 2039
   -5.06   -5.78    7.79   10.81
   -4.32   -8.41   -1.47   11.70
   -3.53   -9.50   -8.56    6.33
   -2.60   -9.85   -9.60    0.53
   -4.32  -12.84  -10.18   -0.71
2040 2049
   11.47    7.61   13.21   17.44
    2.61   -4.21   -1.65   11.74
   -2.54   -9.06  -10.47    1.61
   -3.68  -10.38   -8.17    3.04
   -5.58  -11.97   -6.60    3.19
2050 2059
    1.93   -1.38   10.79   15.73
   -2.56   -9.51   -3.73   12.91
   -5.50  -13.88  -14.08    4.22
   -6.34  -17.12  -14.39    2.87
   -8.37  -19.36  -13.59    0.49
2060 2069
   18.32   15.75   11.96   13.45
    7.81    1.19    2.42   14.19
    1.70   -4.93   -3.14   14.70
    0.37   -7.54   -3.16   11.70
   -2.59  -14.91  -10.21    4.15
2070 2079
   21.23   22.33   26.80   26.68
   10.87    7.43   17.95   33.51
    4.80   -0.08    8.15   33.15
    1.82   -6.99   -0.01   18.51
   -3.04  -16.83  -10.28    6.82
2080 2089
   19.94   16.53   20.77   24.38
   10.26    3.36   12.69   32.65
    4.97   -4.05    3.33   36.06
    2.79  -12.15   -5.44   21.20
   -3.49  -23.36  -16.18    6.68
2090 2099
   28.57   25.23   19.54   21.32
   13.04    5.01   10.51   28.64
    4.90   -4.01    1.03   29.49
    4.36   -8.93   -5.53   15.76
   -0.46  -17.51  -14.79    2.11
