Mean monthly rainfall - Model Simulations
NaN indicates insufficient data is available
Refer to Accompanying Documentation
GRIDBOX LONGITUDES
           4
   28.75   31.25   33.75   36.25
GRIDBOX LATITUDES
           5
    6.25    3.75    1.25   -1.25   -3.75
MODEL CLIMATOLOGY 1970-1999 (mm)
   78.26   80.80   85.48   74.11
  139.20  122.33   92.48   63.36
  205.21  169.11  105.02   55.80
  220.52  183.29  124.00   65.64
  206.90  170.97  109.48   69.95
Mean Anomalies over 10-year time slices (%)
2000 2009
   -1.32   -1.69   -1.64   -2.40
   -1.26   -1.52   -0.80   -2.53
   -0.79   -0.96   -0.87   -1.06
   -0.26   -0.56   -0.53   -0.33
   -0.67   -0.37    1.93    2.74
2010 2019
   -2.78   -2.90   -2.73    0.95
   -1.34   -1.58   -1.85    1.22
   -0.09   -0.63   -0.17    2.46
    1.75    0.67   -0.06    0.82
    2.30    1.50    1.00   -0.73
2020 2029
    2.11    3.05    4.72    5.75
    3.26    2.58    2.45    6.47
    2.25    1.34    2.57    6.13
    0.78    0.41    1.46    2.02
   -0.00   -0.83   -0.76   -1.24
2030 2039
   -1.95   -1.57   -0.39    4.78
   -0.21    0.29    2.29    7.69
    0.73    2.75    8.04   13.57
    2.30    4.66    7.54    9.69
    2.11    4.95    9.37    4.43
2040 2049
    1.15    0.86    1.33    6.45
    3.36    2.87    2.98   12.94
    4.38    5.37    8.20   15.21
    6.60    8.34   10.13   11.73
    9.13    9.50   10.46    8.94
2050 2059
   -3.93   -3.86   -1.16    8.73
   -3.09   -2.64    2.66   16.56
   -2.27   -0.01    7.91   17.82
   -0.40    2.66    7.66   10.32
    1.22    3.86    7.05    2.95
2060 2069
   -0.32    1.24    4.70   12.60
    2.63    3.03    6.60   18.67
    2.67    5.31   12.61   20.43
    3.05    6.29   10.46   10.89
    4.57    6.51    6.50    1.90
2070 2079
   -0.20    1.51    5.91   17.77
    2.19    3.48    8.97   26.65
    1.86    5.85   17.93   30.66
    4.94    9.55   17.07   16.07
    7.01    9.73   11.78    3.28
2080 2089
   -6.06   -4.35    0.69   17.57
   -3.44   -0.59    7.60   29.84
   -1.25    4.73   20.11   40.22
    4.09   12.48   24.24   30.08
    8.79   16.67   24.38   18.25
2090 2099
   -5.54   -3.68    1.21   17.95
   -1.26    1.91   10.44   35.24
    2.64    8.97   24.22   43.37
    7.80   13.93   21.65   25.94
    9.10   15.64   23.71   17.79
