Mean monthly rainfall - Model Simulations
NaN indicates insufficient data is available
Refer to Accompanying Documentation
GRIDBOX LONGITUDES
           4
   28.75   31.25   33.75   36.25
GRIDBOX LATITUDES
           5
    6.25    3.75    1.25   -1.25   -3.75
MODEL CLIMATOLOGY 1970-1999 (mm)
  270.66  276.08  245.75  239.55
  250.70  230.63  140.71   78.08
  170.28  135.02   84.84   37.95
   80.31   42.61   29.40   30.25
   20.62    9.14    8.85   25.54
Mean Anomalies over 10-year time slices (%)
2000 2009
   -1.54   -3.98   -3.34    1.60
   -0.37   -1.39    0.87   12.99
   -6.26   -5.03   -0.55    5.42
   -7.09  -10.15   -6.89  -15.10
    0.15  -17.84  -21.82  -23.60
2010 2019
   -5.62   -6.92   -4.41    0.01
   -7.59   -9.67   -8.92   -2.80
  -13.39  -12.81  -12.17  -10.09
  -22.87  -18.59  -19.21  -28.86
  -32.55  -25.87  -24.52  -30.03
2020 2029
   -4.23   -4.53   -1.22    3.75
   -1.91   -0.75    5.11   13.54
    0.89    5.77   16.20   25.73
    7.98   14.16   22.99   15.74
   16.54   20.76   21.42   13.37
2030 2039
   -4.91   -9.37   -6.07   -5.52
   -4.29   -9.84   -7.38    5.40
   -8.12  -11.44   -7.22   15.54
  -15.83  -13.53   -5.92    4.99
  -17.71  -12.43   -7.22   -5.71
2040 2049
    2.97    1.95    4.84    4.93
    4.75    4.14    6.21   10.93
   -1.01    0.92    1.10   -0.18
  -11.12   -6.00  -12.63  -28.81
  -18.85  -14.74  -23.20  -26.71
2050 2059
   -8.66   -5.02    1.46    3.00
   -7.18   -0.77   10.63   21.65
   -7.21    4.28   20.75   31.22
   -4.29   13.16   27.73   -1.28
   -0.29   26.44   23.70  -25.45
2060 2069
   -5.70   -2.96    1.28    1.82
   -4.15   -2.40    1.22    2.64
   -3.34   -1.38    0.82   -5.20
   -7.03   -7.84  -15.79  -26.30
  -15.96  -27.83  -35.46  -21.21
2070 2079
   -8.33   -3.26    4.92    2.68
   -4.70   -0.41    9.96   15.49
    1.16    3.12   10.93   23.43
    6.62    5.49   15.28    7.11
   27.69   26.79   13.59   -8.47
2080 2089
   -6.49   -9.38   -1.38    0.68
   -3.07   -6.62    2.12   11.66
   -2.18   -4.95   -4.19    0.84
   -1.59   -5.47  -11.56  -20.13
    4.49   -0.44  -10.97  -27.94
2090 2099
   -1.38    1.10    5.66    2.46
   -3.68   -4.94   -0.88    3.59
   -6.24   -6.15   -7.14   -6.83
   -5.77   -2.54   -6.42  -15.37
   22.27   46.97   22.35  -10.29
