Mean monthly rainfall - Model Simulations
NaN indicates insufficient data is available
Refer to Accompanying Documentation
GRIDBOX LONGITUDES
           7
  -11.25   -8.75   -6.25   -3.75   -1.25    1.25    3.75
GRIDBOX LATITUDES
           7
   26.25   23.75   21.25   18.75   16.25   13.75   11.25
MODEL CLIMATOLOGY 1970-1999 (mm)
    0.38    0.06    0.02    0.01    0.00    0.01    0.03
    0.07    0.04    0.02    0.01    0.01    0.02    0.05
    0.07    0.07    0.06    0.04    0.05    0.06    0.10
    0.33    0.54    0.62    0.58    0.60    0.59    0.54
    3.40    5.88    7.12    7.03    6.91    6.88    6.75
   22.55   29.66   32.11   30.57   29.36   29.56   30.58
   90.00   85.68   74.87   63.89   57.42   58.02   64.61
Mean Anomalies over 10-year time slices (%)
2000 2009
  -16.83  -55.74  -95.85  -84.55  -86.00  -64.46  -57.99
  -78.51  -97.68  -97.84  -95.48  -97.55  -84.55  -75.73
  -77.18  -73.67  -59.75  -24.57  -47.44  -65.12  -84.83
  -44.85  -18.19   -8.31   -8.24  -25.13  -33.10  -32.59
  -17.23   -5.25   -2.70   -4.72   -8.50  -10.51  -10.73
   -8.14   -4.79   -3.15   -2.55   -2.86   -3.13   -3.48
   -6.42   -5.87   -5.91   -6.49   -6.82   -6.46   -5.64
2010 2019
  -21.78  -83.05  -98.29  -90.60  -88.50  -89.58  -53.18
  -79.30  -99.46  -98.97  -93.14  -65.41  -21.92  -15.03
  -84.08  -86.71  -87.94  -74.68  -17.09   55.01   46.23
  -62.02  -49.47  -40.21  -28.31  -15.57  -11.68  -14.16
  -45.96  -23.04  -13.96   -9.57   -8.27   -9.24  -11.19
  -29.01  -13.83   -6.89   -5.36   -4.52   -4.75   -5.56
  -15.20  -10.10   -7.55   -8.13   -7.71   -7.94   -8.44
2020 2029
  -17.01  -71.34  -98.05  -94.29  -94.89  -98.26  -98.48
  -80.00  -95.68  -89.80  -79.09  -91.86  -96.75  -96.80
  -96.81  -89.44  -82.85  -76.24  -77.42  -83.86  -95.47
  -72.85  -45.06  -32.78  -26.16  -24.09  -24.31  -26.98
  -36.89  -14.53   -7.16   -5.39   -3.90   -3.96   -5.17
  -22.29   -9.24   -3.31   -1.96   -0.82   -0.77   -1.54
  -13.61   -9.06   -5.87   -4.37   -2.93   -2.81   -3.63
2030 2039
  -23.60  -72.45  -80.40  -81.59  -59.98   -7.84  -30.01
  -63.99  -81.85  -87.83  -56.29  118.94   46.31  -28.29
  -40.48  -51.04  -56.95  -35.85   48.78   76.22   -1.90
  -61.73  -36.88  -29.13  -29.67  -30.23  -28.93  -27.14
  -26.50   -9.49   -4.72   -5.26   -7.47   -9.81  -12.37
  -10.55   -2.31    1.30    1.66    0.59   -1.42   -4.20
   -6.13   -4.94   -4.79   -5.47   -5.90   -6.02   -5.86
2040 2049
  -24.79  -47.52  -15.00  -15.61  -21.40  -43.46  -60.60
  -54.65  -13.53   34.67  -30.81  -17.57   17.53   -6.24
  -57.03  -39.56  -25.92  -17.70  -28.68  -28.00  -53.95
  -40.88  -33.49  -25.45  -15.91  -23.11  -25.50  -22.52
  -26.13  -14.57  -10.43   -8.94   -8.75   -9.86  -11.66
  -20.50  -10.15   -5.53   -4.43   -2.42   -3.18   -6.07
  -13.33   -9.19   -6.22   -4.64   -3.51   -4.17   -5.72
2050 2059
  -25.54  -80.25  -95.67  -64.12  165.49   12.45  -95.00
  -81.41  -98.80  -97.91  -94.93  -86.39  -94.92  -98.06
  -98.66  -96.91  -95.94  -95.70  -93.14  -93.04  -94.30
  -90.46  -66.88  -53.15  -42.25  -46.44  -46.44  -41.62
  -61.54  -33.54  -21.74  -15.37  -15.15  -16.38  -18.42
  -39.33  -21.73  -12.97   -9.75   -7.90   -8.69  -11.95
  -23.24  -17.01  -13.62  -13.64  -12.28  -11.94  -12.70
2060 2069
  -24.22  -78.25  -92.00  -96.30  -98.48  -99.65  -98.48
  -73.77  -83.83  -76.73  -82.44  -92.27  -98.19  -96.83
  -66.95  -56.65  -53.11  -61.45  -72.48  -84.40  -98.22
  -66.37  -32.84  -19.95  -17.89  -28.15  -32.32  -31.00
  -49.80  -21.38  -11.59   -9.34  -10.91  -11.66  -11.59
  -35.59  -20.82  -13.11   -9.73   -7.94   -7.79   -9.25
  -24.38  -19.76  -16.69  -14.97  -12.62  -12.13  -13.29
2070 2079
  -37.91  -84.88  -96.82  -86.47  -87.62  -98.42  -99.08
  -85.42  -97.73  -98.52  -96.56  -96.95  -98.76  -99.06
  -90.75  -91.95  -85.00  -63.62  -76.14  -80.43  -86.19
  -74.38  -55.21  -35.83  -12.56  -24.48  -28.56  -22.51
  -48.76  -28.17  -16.63   -7.08   -8.05   -8.81   -8.24
  -33.81  -20.93  -13.45   -8.98   -6.93   -6.14   -6.66
  -25.69  -20.91  -17.84  -16.71  -15.14  -14.51  -14.90
2080 2089
   -7.73  -67.48  -90.99  -48.76  -45.81  -94.33  -97.00
  -77.46  -98.84  -98.02  -95.30  -91.61  -96.64  -93.56
  -98.98  -95.67  -88.78  -72.75  -69.29  -69.97  -83.16
  -87.34  -71.17  -52.69  -27.30  -25.71  -22.93  -17.44
  -68.49  -44.02  -27.87  -11.58   -7.24   -4.72   -3.02
  -52.91  -33.00  -19.86  -10.12   -5.57   -3.03   -2.49
  -38.31  -27.19  -19.79  -17.94  -14.77  -13.23  -13.65
2090 2099
  -38.46  -80.06  -76.65    4.90  283.09   97.52  -45.61
  -88.18  -98.98  -98.09  -95.63  -82.08  -85.98  -90.39
  -99.27  -97.37  -96.69  -97.49  -93.62  -92.90  -96.66
  -90.50  -74.05  -62.24  -50.59  -55.09  -56.01  -52.64
  -72.70  -49.25  -35.21  -22.65  -22.48  -23.44  -23.67
  -55.93  -37.54  -25.10  -15.59  -12.78  -12.96  -14.90
  -42.26  -31.36  -23.94  -21.48  -17.97  -16.33  -16.94
