Mean monthly rainfall - Model Simulations
NaN indicates insufficient data is available
Refer to Accompanying Documentation
GRIDBOX LONGITUDES
           7
  -11.25   -8.75   -6.25   -3.75   -1.25    1.25    3.75
GRIDBOX LATITUDES
           7
   26.25   23.75   21.25   18.75   16.25   13.75   11.25
MODEL CLIMATOLOGY 1970-1999 (mm)
    0.71    0.41    0.27    0.16    0.13    0.15    0.23
    0.33    0.26    0.17    0.09    0.07    0.11    0.17
    0.25    0.16    0.10    0.07    0.06    0.06    0.08
    0.26    0.26    0.26    0.25    0.27    0.27    0.24
    1.22    2.08    2.57    2.65    2.59    2.54    2.46
    7.99   10.99   12.35   12.16   11.65   11.59   11.83
   34.41   35.01   32.34   28.58   26.27   26.71   29.35
Mean Anomalies over 10-year time slices (%)
2000 2009
   22.93   29.72   52.89  132.02   77.45   -0.47  -20.75
   -5.53   -5.89   28.01  145.91   93.04   -8.17  -34.99
  -39.03   15.68  151.70  307.20  195.82   31.54  -52.88
   -3.65   22.78   46.97   57.50    8.68  -20.96  -29.42
   -5.89    0.49    0.64   -2.37   -5.65   -7.11   -6.92
   -5.33   -2.83   -1.79   -1.64   -1.96   -2.27   -2.43
   -5.94   -5.17   -4.54   -3.98   -4.02   -3.81   -3.22
2010 2019
  -13.95  -12.93   -7.13   -7.35  -18.08  -21.29  -17.89
  -37.39  -45.77  -46.48  -18.65  -14.82   -7.77    0.93
  -71.61  -58.79   -5.68   96.27   74.13   50.10   47.87
  -68.69  -36.13   -5.58   17.96   22.29   22.60   25.23
  -39.39  -20.29   -9.09    0.81    5.60    5.61    1.79
  -26.72  -16.10   -8.22   -1.34    0.13   -0.04   -0.87
  -17.63  -12.49   -8.14   -4.88   -3.73   -4.18   -5.33
2020 2029
   17.45   21.61   51.64  138.70  153.94   58.04  -26.89
   24.32   49.85   78.40   84.29   68.27  -10.43  -52.10
  -17.61   -3.68   17.29    4.60   11.97   11.70  -10.81
  -68.00  -44.71  -28.19  -18.96    6.76   19.97   20.85
  -43.85  -22.56  -12.78   -5.73    2.63    8.44   10.90
  -26.71  -15.69   -8.70   -3.35   -0.01    1.89    2.68
  -16.59  -12.82   -9.30   -5.90   -3.83   -3.02   -3.06
2030 2039
  -15.97    9.92   54.57   98.72   26.45  -36.92  -39.28
  -46.65   20.88   71.71   24.92  -26.43  -68.27  -80.41
  -45.45   -2.11   22.41  -47.08  -38.70  -21.02  -30.08
  -70.72  -44.18  -25.72  -19.00  -23.37  -15.17    5.39
  -36.47  -18.99   -9.46   -2.12   -2.23   -0.74    2.59
  -17.75   -9.67   -4.01    0.88    3.14    3.61    2.49
  -13.38   -9.95   -6.89   -4.46   -4.51   -4.49   -3.89
2040 2049
   42.20  154.14  299.72  464.91  493.46  285.98   90.32
   51.63  203.45  423.16  777.15  598.39  241.00  116.79
   55.43  303.52  590.33  487.98  320.39  181.39  125.82
   23.30   23.37   23.50   23.17    9.11   18.81   52.54
  -28.55  -23.95  -17.24   -7.77   -2.87    2.93    9.80
  -25.90  -19.43  -12.94   -5.17   -0.56    1.75    2.34
  -20.17  -16.29  -10.98   -4.13   -2.31   -1.90   -1.73
2050 2059
   37.35   51.08   53.32   40.93   51.06    2.59  -49.90
   28.81   15.86   19.02   58.68    6.20  -59.09  -69.84
  -25.46  -16.33   -7.32  -18.72  -56.62  -83.24  -84.28
  -63.93  -56.36  -50.40  -51.23  -55.25  -55.60  -53.37
  -62.64  -40.00  -29.43  -22.66  -19.46  -17.70  -17.56
  -41.31  -28.51  -20.42  -14.20  -10.16   -8.33   -8.94
  -27.42  -21.30  -16.79  -13.97  -11.58  -10.28  -10.06
2060 2069
   -4.75   40.64   94.56  112.72   58.78  -22.68  -59.83
   -4.79   25.61   74.59  165.53  159.85   16.74  -68.81
  -12.74    3.30   33.41   67.93   41.46  -17.27  -68.08
  -54.99  -31.58  -19.80  -25.69  -36.03  -40.80  -41.85
  -52.79  -27.46  -18.90  -17.12  -15.73  -13.56  -11.24
  -38.55  -26.43  -19.02  -13.69  -10.14   -8.04   -7.48
  -28.20  -23.18  -18.56  -14.28  -12.45  -12.15  -12.62
2070 2079
  -29.58  -44.96  -39.61    2.19   39.56   31.97    3.09
  -66.67  -71.21  -49.01   42.21   81.40    4.89  -46.98
  -75.95  -75.35  -11.81  135.40   81.73   -9.99  -54.77
  -84.26  -62.11  -28.14    8.46   -6.52  -22.27  -34.52
  -53.63  -36.47  -25.02  -14.39  -13.80  -13.11  -11.53
  -36.99  -28.07  -21.12  -14.33  -10.54   -8.06   -7.23
  -29.62  -24.11  -19.19  -15.18  -14.20  -13.78  -13.57
2080 2089
   22.67   37.66   76.83  154.59  134.35   37.45  -29.73
   -6.10   18.28   67.56  173.63  202.34   64.98  -32.85
  -53.94  -21.21   37.03   76.36   60.16   23.03  -11.53
  -68.62  -51.42  -39.95  -36.00  -35.17  -27.43  -12.02
  -71.55  -53.68  -39.51  -23.40  -12.08   -2.49    4.75
  -56.80  -42.07  -29.49  -16.08   -6.68    0.13    3.55
  -42.82  -33.69  -24.78  -16.47  -12.55  -10.10   -8.82
2090 2099
    0.85  -31.46  -50.55   -9.25   25.65   18.27  -15.14
  -72.72  -82.11  -68.11    7.64   52.51   27.06   -3.93
  -87.30  -67.89  -34.70   -4.56   87.71  101.44   13.50
  -90.08  -72.44  -57.82  -49.72  -47.90  -46.76  -46.21
  -74.22  -54.14  -42.60  -32.25  -23.85  -18.33  -16.14
  -57.07  -43.69  -33.32  -22.92  -14.67  -10.08   -9.53
  -44.67  -37.07  -29.29  -21.22  -16.82  -14.39  -13.80
