Mean monthly rainfall - Model Simulations
NaN indicates insufficient data is available
Refer to Accompanying Documentation
GRIDBOX LONGITUDES
           7
  -11.25   -8.75   -6.25   -3.75   -1.25    1.25    3.75
GRIDBOX LATITUDES
           7
   26.25   23.75   21.25   18.75   16.25   13.75   11.25
MODEL CLIMATOLOGY 1970-1999 (mm)
    6.82    5.31    3.99    2.85    2.44    2.76    3.08
    3.34    2.06    1.51    1.67    1.79    1.87    2.06
    1.95    1.66    1.59    1.73    1.72    1.56    1.49
    2.06    2.57    2.79    2.70    2.36    1.78    1.36
    6.25    7.89    8.40    7.80    6.48    4.45    3.23
   17.96   19.16   18.68   16.50   13.91   10.90    9.25
   52.44   46.23   39.37   31.86   28.06   27.98   28.30
Mean Anomalies over 10-year time slices (%)
2000 2009
  -23.85  -25.95  -28.68  -32.38  -26.96  -12.62    6.17
  -33.52  -40.37  -34.26  -10.12   16.04   45.57   49.10
   -4.85   10.91   25.25   32.70   53.09   92.51   86.98
  105.40   91.29   69.84   35.68   20.29   27.84   38.88
   40.25   13.48   -0.49  -10.22  -11.56    2.32   12.36
   12.33   -5.29  -13.57  -14.25  -10.51    1.23    3.85
    5.99    1.24   -0.19    3.75    5.19    2.52   -2.36
2010 2019
   -3.62   -8.96   -7.82    8.59   44.72   80.83  105.95
   -8.87    2.72   16.12   15.82   46.04  102.85  123.36
  -10.43   13.65   17.53   -2.80   15.52   78.44   95.50
    5.41    2.48   -8.38  -28.90  -31.56   -7.34    5.58
   -0.27  -10.38  -14.27  -14.83  -13.81   -9.32  -13.00
    2.67   -2.66   -4.27   -2.31   -0.15    2.62    1.14
    8.43   13.16   15.42   13.74   11.80   10.27   11.05
2020 2029
  -12.81  -26.71  -42.17  -58.41  -70.95  -68.25  -66.93
  -28.84  -37.98  -57.54  -72.62  -77.90  -75.62  -74.59
  -57.95  -49.35  -53.02  -69.16  -76.81  -77.99  -79.35
  -68.33  -73.04  -73.91  -72.15  -72.90  -77.92  -80.29
  -35.36  -48.47  -51.59  -48.05  -47.04  -50.28  -56.57
  -16.89  -29.08  -33.68  -31.42  -29.58  -28.23  -30.09
   -5.54  -10.48  -12.48   -9.78   -8.27   -9.03  -10.61
2030 2039
  -21.91  -27.80  -32.26  -32.45  -35.43  -40.10  -39.20
  -32.95  -41.03  -47.45  -42.25  -46.04  -57.33  -56.36
  -42.89  -43.12  -42.03  -39.84  -45.01  -59.12  -64.26
  -38.68  -45.59  -46.79  -44.03  -42.76  -43.29  -45.33
  -19.51  -20.03  -21.56  -24.55  -25.92  -24.88  -29.67
   -6.73   -9.57  -11.70  -13.71  -14.30  -12.52  -17.33
    2.82   -3.45   -5.85   -2.02    0.06   -1.16   -7.47
2040 2049
   -0.02  -11.97  -20.62  -19.70  -17.56  -15.36  -10.03
  -12.60  -28.54  -42.31  -33.95  -29.93  -29.14  -19.96
  -34.26  -36.05  -33.14  -26.01  -23.54  -25.12  -17.84
  -24.28  -33.40  -27.71   -8.83    1.41    2.45    8.54
    5.38  -10.02  -11.73   -3.19    2.26    4.49    5.46
    7.06   -2.69   -4.39    2.15    5.48    3.66    0.01
    2.45   -0.13    2.07   12.31   14.60    4.80   -1.74
2050 2059
  -24.67  -25.61  -26.84  -28.51  -27.82  -24.25  -21.07
  -43.73  -45.81  -48.85  -49.88  -48.85  -46.09  -42.35
  -61.25  -50.93  -47.15  -52.14  -50.71  -42.33  -39.10
  -51.22  -40.90  -38.76  -42.14  -41.17  -32.95  -14.46
  -28.94  -11.85   -5.07   -3.62   -0.72    6.32   13.19
   -5.91    2.76    7.91   10.81   14.24   18.94   18.77
   14.50   14.81   16.58   20.83   23.05   21.53   19.07
2060 2069
  -23.17  -24.74  -23.83  -17.19  -15.27  -21.70  -21.14
  -27.64  -26.24  -24.25  -23.64  -25.68  -30.00  -27.90
  -25.47  -23.93  -24.63  -27.59  -27.77  -25.18  -23.88
  -14.12  -21.74  -22.81  -19.23  -10.34   10.64   21.66
   -8.91  -13.68   -5.46   16.70   28.82   27.83   21.37
   -2.03   -9.01   -3.74   16.49   24.50   12.51    2.21
    5.01   -4.79   -8.87   -3.78   -3.95  -11.46  -11.91
2070 2079
  -39.91  -52.65  -57.68  -43.33  -28.76  -25.37  -26.23
  -50.25  -57.05  -58.86  -48.36  -40.77  -35.03  -33.57
  -56.73  -54.93  -55.60  -58.82  -56.13  -46.64  -41.16
  -39.18  -52.61  -57.65  -57.95  -54.40  -43.29  -33.23
  -30.25  -31.64  -26.45  -13.76   -4.41    3.14    4.13
  -15.24  -18.51  -14.43   -1.11    7.47    8.90    5.17
    0.22   -6.24   -7.21    0.81    3.81   -1.45   -3.51
2080 2089
  -37.38  -40.54  -38.44  -24.18   -9.33   -5.36   -6.25
  -44.69  -39.95  -32.80  -30.06  -34.51  -45.04  -43.74
  -48.72  -34.47  -29.04  -35.59  -45.80  -62.66  -65.79
  -28.64  -13.53  -11.42  -18.54  -27.60  -43.55  -53.29
    0.71   -0.81    2.80   12.09   13.04   -1.28  -17.65
   10.51    2.95    5.42   19.59   26.74   22.68   15.58
   15.50    5.37    4.82   20.00   34.02   40.83   39.88
2090 2099
  -32.53  -36.74  -33.51  -13.13   -3.63  -17.39  -23.29
  -38.98  -17.03   10.65   14.01    4.65  -15.55  -26.97
  -33.68   19.70   45.68   31.11   17.08   -0.41  -17.68
   -0.66   35.60   43.53   32.48   23.30   13.15   -1.63
   19.74   24.85   27.80   30.29   30.96   28.52   18.99
   16.56   14.13   16.70   25.53   30.55   29.63   24.12
   10.53    2.88    3.20   16.62   26.16   26.43   25.03
