Mean monthly rainfall - Model Simulations
NaN indicates insufficient data is available
Refer to Accompanying Documentation
GRIDBOX LONGITUDES
           7
  -11.25   -8.75   -6.25   -3.75   -1.25    1.25    3.75
GRIDBOX LATITUDES
           7
   26.25   23.75   21.25   18.75   16.25   13.75   11.25
MODEL CLIMATOLOGY 1970-1999 (mm)
    4.41    4.69    3.81    3.35    4.42    6.25    7.68
    4.66    4.04    3.78    4.59    7.17    9.73   11.78
    7.74    7.18    8.15   10.78   14.91   17.66   17.60
   16.93   17.50   21.19   26.83   32.55   34.68   32.33
   44.57   46.36   51.24   58.62   64.98   65.65   67.08
  100.14  105.87  110.79  118.44  119.12  115.68  116.90
  180.20  185.54  184.05  185.02  180.43  172.61  167.25
Mean Anomalies over 10-year time slices (%)
2000 2009
  -64.40  -44.83  -10.75   -0.18  -23.30  -27.22  -19.48
  -53.63  -33.55   -8.18   -2.86  -25.70  -31.60  -29.59
  -14.55    6.88   13.71    3.12  -12.31  -16.92  -15.66
   12.98    1.74   -1.67   -4.13   -4.31  -13.38   -8.63
   11.01   17.43   11.81    3.87   -4.39  -12.05  -15.60
   10.68   14.23    8.53    1.64   -5.58   -9.40  -12.44
    6.23    1.37   -2.23   -3.75   -6.34   -6.84   -8.75
2010 2019
  -61.44  -45.63    5.44   42.10   -1.82  -37.13  -36.64
   -4.33   27.12   49.70   37.31  -33.19  -51.94  -31.77
   15.65   31.41   32.36    5.60  -38.04  -33.61   -8.69
    2.15   13.98   11.84    2.55   -5.92   -2.31    1.00
   -3.20    1.22    5.72    7.90   10.33    8.20    1.35
   -2.32   -1.10    0.55   -0.62    0.86    1.82   -1.24
   -4.77   -3.23   -5.58   -8.42   -8.28  -10.29  -10.27
2020 2029
   -4.06   79.52  122.98  137.09   66.15   14.07   20.30
   58.03  168.47  170.30   93.27   33.86   24.87   38.46
   70.79  127.26  114.46   66.86   54.46   67.85   72.16
   17.92   34.11   38.22   36.56   52.59   65.01   60.17
  -11.33    3.91   22.27   39.18   44.21   40.19   32.25
   -9.66    5.39   14.75   17.86   18.44   20.44   15.08
   -8.54    2.03    7.73    7.46    8.04    8.87    8.48
2030 2039
  -16.96   25.38  110.38  114.13  104.49  133.42  102.15
   96.51  157.04  245.32  222.58  141.46  106.73   37.64
  121.35  178.39  183.96  105.65   54.38   37.96   22.56
  110.70  115.29   96.77   44.89   24.61   19.68    8.96
   44.62   57.65   55.72   29.75   21.52   12.88   -0.36
    7.05   15.03   14.80    5.43    5.90    5.27   -1.42
   -6.67   -4.11   -2.18   -0.23    3.18    3.91    0.82
2040 2049
   53.25   34.01   33.63   22.35   -2.80  -23.91  -19.14
   63.72   56.32   34.31   17.36   -7.14  -11.39  -30.51
    7.87   -1.87    0.46   20.53   -3.07    1.72  -10.21
  -17.22  -17.66  -13.22   -7.59   -8.36   -6.57  -13.61
   -5.07    8.16    8.52    4.31   -2.11  -10.10  -20.28
   -6.13    5.64    1.97   -4.92   -6.03   -9.75  -15.86
   -3.47   -5.04  -10.70  -14.11  -13.14  -13.79  -14.17
2050 2059
  -39.62  -29.64  -18.88    2.30  -25.44  -25.80  -27.01
   36.65   23.76   -2.83   -0.50  -20.27  -41.26  -50.76
   22.27   15.49   -7.56   -2.72   -7.59  -39.70  -57.28
    3.90   12.61   -9.90   -7.93   -7.34  -26.32  -43.43
  -17.75  -11.31  -11.72   -9.79  -17.25  -28.74  -37.07
   -9.83  -11.29   -8.38  -12.89  -19.75  -24.39  -27.42
    6.44    1.72   -2.06  -12.25  -16.75  -20.82  -22.89
2060 2069
  -24.40  -10.98   -5.79  -28.10  -42.84  -42.91  -49.58
    2.09   30.53   16.63  -25.45  -57.03  -50.72  -56.02
   40.32   28.23   -9.36  -35.77  -50.19  -43.49  -45.19
   21.56    1.33  -17.70  -25.05  -35.24  -36.02  -43.71
    2.63    3.27   -3.88  -13.30  -24.14  -30.17  -40.32
    5.00   10.65    3.88   -9.40  -22.58  -25.36  -29.29
   -0.73    4.15    0.97   -7.39  -15.45  -22.70  -25.54
2070 2079
  -13.31   27.70  114.53  151.01  111.73  105.98  102.12
  100.80  105.47  131.73  120.84   92.96   73.91   45.91
  126.15  105.12   70.53   65.36   53.86   31.71    7.90
   70.25   53.15   24.14   22.61   22.92   10.95   -9.47
   28.64   19.88   15.60   14.80   10.21    0.35  -13.79
    2.60    4.00    7.66    6.41    2.00   -1.89   -7.28
   -2.71    1.61    6.45    4.65    0.62   -1.37   -3.84
2080 2089
  -47.59    4.51   88.54   90.61   -7.89  -52.10  -44.31
   18.50  120.87  199.85  106.20  -15.97  -45.33  -48.72
    6.14   51.13   88.76   52.21  -18.02  -36.27  -36.16
   -4.98    5.41   14.17    4.75  -16.12  -25.32  -25.98
   -4.31    4.80    4.81   -0.37  -11.37  -20.45  -23.21
    8.11    5.42   -2.06   -5.91   -7.67   -8.50  -14.48
    6.02   -2.31   -8.07  -11.77  -12.77  -15.78  -20.71
2090 2099
  -34.99   10.56   37.65   38.77   10.39  -26.24  -38.50
   36.93   85.09  103.42   78.16   -6.98  -27.72  -27.83
   27.66   47.32   50.90   25.73  -22.86  -36.07  -42.87
   -1.04   18.36    9.73  -11.74  -27.92  -39.05  -48.22
   -5.74   10.68   -0.69  -10.57  -19.15  -32.69  -40.40
   -3.23    2.45   -6.53  -15.27  -18.20  -22.48  -29.20
   11.51   16.31    3.18  -13.37  -18.44  -18.87  -19.49
