Mean monthly rainfall - Model Simulations
NaN indicates insufficient data is available
Refer to Accompanying Documentation
GRIDBOX LONGITUDES
           7
  -11.25   -8.75   -6.25   -3.75   -1.25    1.25    3.75
GRIDBOX LATITUDES
           7
   26.25   23.75   21.25   18.75   16.25   13.75   11.25
MODEL CLIMATOLOGY 1970-1999 (mm)
    1.96    1.91    2.33    2.46    2.32    2.36    2.58
    2.36    2.55    2.60    2.55    2.40    2.45    2.71
    4.01    4.30    4.30    4.19    3.97    4.00    4.27
    7.35    8.48    9.02    9.12    8.77    8.64    8.74
   12.66   15.49   17.17   17.70   17.06   16.63   16.39
   21.67   27.29   30.53   31.29   29.55   28.45   27.99
   50.70   55.87   56.56   54.92   50.96   50.02   52.10
Mean Anomalies over 10-year time slices (%)
2000 2009
   -1.29    3.39   14.04   18.40   19.17   12.79    0.89
  -18.93  -11.57    5.07   13.14   13.09    9.40    3.09
  -12.23   -8.68   -3.21    0.94    4.00    2.11   -4.32
   -8.00   -5.05   -0.91    2.25    4.92    3.46   -2.17
   -7.17   -4.03    0.97    3.94    5.69    4.56    0.35
  -10.97   -7.43   -2.87   -0.60    0.14    0.27   -0.29
   -7.37   -6.03   -4.03   -2.85   -2.43   -1.67   -0.70
2010 2019
    4.41    8.83   13.10   11.02    2.97    0.64    4.25
  -10.27   -4.17    6.47    9.22    3.90    2.64    5.49
   -7.98   -3.01    3.23    7.20    9.01    9.44    8.45
   -6.42   -3.10    1.74    5.90   10.03   11.75   10.84
   -5.71   -3.43    1.05    4.81    8.68   10.72   10.68
   -4.31   -2.88   -0.30    1.31    2.42    3.54    4.57
   -1.58   -1.42   -0.78   -0.58   -0.82    0.05    1.95
2020 2029
  -24.66  -23.89  -19.63  -12.55   -0.58    7.15    9.23
  -33.49  -29.76  -22.90  -11.94    4.75   18.59   26.61
  -27.80  -27.22  -19.56   -8.10    8.41   21.66   29.48
  -21.44  -18.61   -9.45    0.20   11.79   20.40   25.22
  -18.45  -13.91   -4.72    3.02   11.00   16.70   19.73
  -21.11  -16.14   -8.17   -3.57   -0.91    1.93    4.76
  -16.42  -13.87   -9.89   -7.83   -7.60   -6.21   -3.85
2030 2039
  -15.83  -18.89  -15.38  -10.11   -1.51    1.48   -1.54
  -26.71  -26.30  -23.13  -16.44   -5.18    0.35   -0.76
  -18.96  -18.09  -16.87  -10.82    0.92    6.78    5.86
  -17.54  -13.20   -5.04    2.40   10.28   13.95   12.94
  -17.92  -11.51    0.09    7.49   12.57   14.97   14.40
  -16.22  -11.22   -3.70    0.35    2.22    3.87    5.17
  -14.57  -11.23   -6.76   -4.46   -4.23   -2.98   -0.87
2040 2049
  -14.94   -8.59    2.42    6.13    5.19    2.79   -0.52
  -26.44  -18.50   -4.45    1.90    0.86   -1.68   -5.07
  -21.70  -18.15   -9.99   -3.47    1.78    4.07    3.06
  -16.96  -13.90   -6.90   -0.38    6.67    9.55    7.88
  -14.93  -11.57   -4.50    1.61    8.10   10.55    8.57
  -17.00  -13.00   -5.75   -1.10    2.33    4.34    4.63
  -15.24  -12.80   -7.92   -4.86   -3.37   -1.74   -0.23
2050 2059
  -27.95  -24.68  -18.23  -15.23  -13.97  -15.76  -20.08
  -36.13  -31.27  -21.46  -14.80  -10.65   -8.57   -8.91
  -33.45  -31.09  -25.56  -20.26  -14.77  -11.20  -10.11
  -28.76  -25.40  -18.28  -12.40   -6.83   -2.62   -0.16
  -25.74  -21.52  -13.06   -7.11   -2.23    1.92    5.13
  -24.74  -20.10  -11.50   -6.85   -4.65   -2.68   -1.08
  -21.77  -18.36  -12.55   -9.00   -7.43   -5.72   -4.16
2060 2069
  -20.70  -25.64  -22.22  -18.53  -13.28  -12.47  -16.07
  -35.49  -32.80  -21.40  -12.09   -3.85   -2.64   -8.34
  -27.37  -24.88  -16.97   -8.44    1.46    3.13   -3.55
  -21.27  -16.89   -6.91    1.91   10.95   13.36    8.65
  -18.45  -13.21   -2.30    6.10   13.94   16.92   14.55
  -17.73  -13.41   -5.61    0.12    5.38    8.92   10.30
  -19.54  -15.48   -9.43   -5.30   -2.72   -0.03    2.31
2070 2079
  -14.42   -7.42    1.96    2.59   -3.72  -10.47  -16.24
  -23.19  -17.67   -8.44   -3.17   -1.46   -2.85   -6.86
  -20.16  -17.81  -13.69   -7.67    0.89    4.61    2.96
  -15.75  -11.41   -3.21    3.85   10.87   14.40   14.00
  -13.68   -7.99    2.67    9.62   14.60   17.40   17.73
  -16.29  -11.62   -2.85    2.72    6.73    9.32   10.15
  -17.03  -13.08   -6.45   -2.33   -0.41    1.62    3.40
2080 2089
  -16.70   -7.08   -3.34   -3.19   -5.91  -11.26  -18.00
  -26.93  -19.24  -11.03   -8.56  -11.88  -15.93  -19.74
  -31.66  -27.07  -20.08  -14.85  -11.10   -8.22   -6.70
  -25.79  -20.70  -11.45   -4.00    2.83    7.79   10.41
  -19.88  -14.73   -4.83    2.68    9.54   14.50   17.24
  -15.86  -11.93   -4.12    1.16    5.44    8.73   10.69
  -15.62  -11.85   -6.41   -2.47    0.37    2.64    3.91
2090 2099
  -34.89  -38.54  -35.64  -32.86  -29.18  -24.08  -18.70
  -45.98  -45.65  -42.74  -36.23  -25.08  -16.95  -13.50
  -47.45  -44.28  -36.58  -28.82  -20.37  -12.66   -6.98
  -36.43  -32.86  -24.26  -17.36  -11.07   -4.78    1.02
  -28.20  -25.58  -17.84  -12.03   -6.80   -1.43    3.89
  -28.92  -24.92  -16.56  -11.39   -7.87   -4.36   -1.10
  -28.63  -24.06  -17.24  -12.67   -9.97   -7.53   -5.80
