Mean monthly rainfall - Model Simulations
NaN indicates insufficient data is available
Refer to Accompanying Documentation
GRIDBOX LONGITUDES
           4
  -16.25  -13.75  -11.25   -8.75
GRIDBOX LATITUDES
           5
   13.75   11.25    8.75    6.25    3.75
MODEL CLIMATOLOGY 1970-1999 (mm)
    1.64    7.09   14.85   20.06
   11.24   25.69   50.50   66.36
   47.27   87.01  121.40  147.23
  122.04  155.16  173.90  167.08
  160.95  146.70  143.10  117.90
Mean Anomalies over 10-year time slices (%)
2000 2009
    7.70  -24.89  -28.16   -3.41
  -10.97  -12.16   -5.13    4.75
   -5.84   -2.12   -1.19    5.97
   -6.12   -1.86    0.08    5.98
    6.32   14.45   17.34   22.71
2010 2019
  137.90   88.21   65.30   74.90
   50.37   48.34   34.77   38.28
   28.35   24.01   14.24   12.46
    7.17    7.36    3.51   -0.81
   -8.21   -9.16  -11.68  -15.74
2020 2029
  -41.41  -45.25  -25.42    0.95
   -8.26  -16.45   -9.91   -2.24
   14.60    5.59    0.68    1.84
   14.93   12.26    7.42    7.97
   13.57   13.32   10.02   11.60
2030 2039
    3.28   34.51   35.37   36.03
   16.30   18.86   17.41   17.94
    5.57   -2.08   -3.85   -0.34
    1.02   -4.64   -8.32   -4.99
   24.20   20.94   12.76    8.32
2040 2049
   68.33  -22.08  -28.86   -4.39
   -0.11  -16.74  -14.69   -3.75
   11.40    1.04   -5.23    2.17
   28.50   22.14   13.96   12.36
   41.70   43.08   36.32   31.07
2050 2059
   15.17  -27.85  -28.14  -21.03
  -42.55  -37.90  -26.17  -13.00
  -30.04  -24.51  -15.80   -5.61
  -17.06  -13.22   -9.59   -2.90
   -3.80   -3.64   -3.18   -3.81
2060 2069
   15.88    1.70   -4.40   -5.60
   31.05   32.57   21.11   14.28
   18.28   15.00   13.75    9.71
    2.47    3.61    0.57    0.95
   -7.40  -10.99  -15.57  -12.86
2070 2079
  302.59  136.34   84.73   66.57
    9.60   10.69   14.84   13.71
   -1.83   -1.33    1.67    6.64
    6.76    5.09    1.91    4.97
   16.75   15.18    9.39   10.07
2080 2089
  -36.78  -30.18  -21.18   -1.81
   16.35   -6.33   -8.27   -0.02
   28.21    2.44   -6.23   -0.81
   18.37    1.52   -5.03   -1.00
    0.16   -9.86  -13.05  -11.84
2090 2099
  -24.85  -57.67  -60.07  -46.01
  -36.32  -43.24  -37.87  -20.67
  -23.19  -27.84  -21.19   -5.82
  -11.58  -16.58  -14.15   -7.80
  -10.92  -13.18  -14.99  -19.89
