Mean monthly rainfall - Model Simulations
NaN indicates insufficient data is available
Refer to Accompanying Documentation
GRIDBOX LONGITUDES
           4
  -16.25  -13.75  -11.25   -8.75
GRIDBOX LATITUDES
           5
   13.75   11.25    8.75    6.25    3.75
MODEL CLIMATOLOGY 1970-1999 (mm)
   13.75    9.44   18.92   26.59
   32.80   49.25   76.38   76.04
  137.53  160.12  200.83  181.90
  282.70  276.38  297.32  260.98
  206.19  193.26  184.18  170.89
Mean Anomalies over 10-year time slices (%)
2000 2009
   -3.71  -13.04   -8.58   -4.15
  -10.74   -9.76   -7.40   -6.18
   -9.78   -9.06   -7.14   -6.41
   -5.41   -5.93   -5.34   -3.59
    4.23    4.86    7.61    8.11
2010 2019
   -7.18  -37.95  -28.41  -15.28
  -27.69  -25.78  -17.48  -11.40
  -19.18  -17.12  -11.87   -9.10
   -7.54   -8.16   -6.33   -4.23
    5.58    4.89    4.88    6.02
2020 2029
   -7.52  -35.02  -26.18  -12.45
  -25.18  -23.77  -16.98  -10.61
  -17.26  -14.72   -9.38   -5.56
   -5.55   -5.26   -2.68   -0.32
    3.51    1.53   -0.00    1.76
2030 2039
   -5.04  -19.83  -14.17   -5.97
  -16.04  -14.12   -9.61   -7.13
  -13.99  -12.62   -8.68   -5.95
   -7.67   -7.70   -5.62   -2.69
    4.10    3.41    4.30    6.36
2040 2049
   -3.98  -33.11  -26.32  -16.95
  -26.95  -25.14  -19.12  -13.73
  -20.68  -18.11  -13.61   -9.89
  -10.20   -9.52   -6.69   -3.49
    1.97    1.24    0.23    1.07
2050 2059
   -9.08  -53.62  -42.26  -26.85
  -39.75  -37.50  -27.43  -19.42
  -29.01  -25.58  -19.43  -14.92
  -12.98  -13.26  -10.93   -5.93
    7.39    6.32    7.67    9.67
2060 2069
   -5.93  -47.89  -38.61  -24.60
  -41.24  -38.01  -28.13  -21.68
  -32.76  -29.29  -22.54  -18.31
  -15.68  -15.51  -12.94   -7.24
   15.26   13.94   12.85   13.61
2070 2079
   -4.09  -46.93  -38.38  -26.84
  -39.89  -38.17  -30.46  -23.88
  -32.78  -30.53  -25.22  -20.91
  -15.91  -16.75  -15.03   -8.84
   15.50   15.26   16.51   19.67
2080 2089
   -5.52  -66.99  -57.19  -40.33
  -54.76  -54.60  -43.89  -31.90
  -45.06  -41.36  -32.51  -24.71
  -21.00  -21.38  -16.54   -8.86
   13.60   11.33   12.94   15.87
2090 2099
   -8.52  -70.54  -58.99  -41.38
  -60.97  -59.10  -46.58  -34.80
  -51.61  -46.89  -37.46  -29.84
  -25.17  -25.37  -20.66  -12.11
   16.72   14.54   16.08   19.19
