Mean monthly rainfall - Model Simulations
NaN indicates insufficient data is available
Refer to Accompanying Documentation
GRIDBOX LONGITUDES
           6
  -13.75  -11.25   -8.75   -6.25   -3.75   -1.25
GRIDBOX LATITUDES
           4
   36.25   33.75   31.25   28.75
MODEL CLIMATOLOGY 1970-1999 (mm)
   45.06   56.67   50.10   39.28   27.72   18.52
   32.12   36.15   24.65   17.04   12.02    8.56
   22.38   13.15    7.79    6.02    3.65    1.86
   13.03    4.38    1.44    0.67    0.33    0.20
Mean Anomalies over 10-year time slices (mm)
2000 2009
   -1.53   -1.85    2.03    3.45    1.41   -1.52
   -1.41   -0.86    1.82    1.82    0.94   -0.17
   -1.91    0.43    0.35   -0.42   -0.30   -0.18
   -2.17   -0.09   -0.12   -0.18   -0.11   -0.06
2010 2019
    2.28    4.00    4.94    4.21    0.69   -1.93
    1.36    2.31    0.80    0.03   -0.74   -1.35
    1.56    2.77    1.57   -0.40   -0.71   -0.46
    0.59    0.50   -0.02   -0.21   -0.15   -0.08
2020 2029
   -5.56   -5.88   -5.16   -5.40   -3.83   -1.58
   -3.20   -3.19   -1.27   -0.69   -0.62   -0.06
   -1.53   -1.13    0.02   -0.12   -0.10    0.12
   -1.53   -0.27   -0.05   -0.16   -0.13   -0.05
2030 2039
   -3.25   -4.84   -5.67   -8.45   -8.62   -5.65
   -2.71   -2.48   -2.92   -3.88   -3.29   -2.21
   -1.29    0.36    0.01   -0.67   -0.43   -0.10
    0.10    0.14    0.26    0.18    0.23    0.44
2040 2049
  -18.26  -22.83  -23.96  -20.71  -15.50  -10.02
  -12.47  -14.84  -12.87   -9.37   -6.78   -4.91
   -7.80   -6.34   -4.24   -3.17   -1.85   -0.92
   -4.45   -2.06   -0.62   -0.31   -0.18   -0.08
2050 2059
   -5.53   -8.33  -11.29  -12.16  -10.62   -6.76
   -1.74   -3.94   -6.05   -6.67   -5.48   -3.96
   -0.88   -0.82   -1.17   -2.36   -1.45   -0.41
   -1.13   -0.07    0.42    0.04   -0.07   -0.01
2060 2069
   -9.72  -12.78  -12.71  -13.67  -11.92   -7.83
   -8.14   -9.13   -7.66   -7.14   -6.14   -4.36
   -6.21   -4.28   -3.38   -3.64   -2.35   -1.13
   -3.95   -1.69   -0.59   -0.19   -0.13   -0.11
2070 2079
   -9.96  -10.16  -10.55  -10.63   -9.49   -5.57
   -6.12   -6.26   -6.42   -6.16   -4.79   -3.20
   -3.53   -3.06   -2.88   -2.91   -1.35   -0.21
   -2.44   -0.91   -0.49   -0.32   -0.11   -0.00
2080 2089
  -11.48  -15.01  -20.21  -20.13  -14.24   -3.88
   -6.07   -9.10  -10.30   -8.77   -5.89   -2.72
   -3.24   -3.68   -3.98   -3.50   -1.40   -0.11
   -1.96   -0.87   -0.59   -0.36   -0.12   -0.04
2090 2099
   -7.34   -7.33   -9.43  -13.41  -10.67   -5.03
   -3.17   -2.38   -4.78   -5.56   -3.80   -2.34
    0.88    0.76   -1.57   -2.18   -1.02   -0.34
    3.23    0.78   -0.17   -0.30   -0.16   -0.05
