Mean monthly rainfall - Model Simulations
NaN indicates insufficient data is available
Refer to Accompanying Documentation
GRIDBOX LONGITUDES
           6
  -13.75  -11.25   -8.75   -6.25   -3.75   -1.25
GRIDBOX LATITUDES
           4
   36.25   33.75   31.25   28.75
MODEL CLIMATOLOGY 1970-1999 (mm)
   37.19   34.76   31.94   35.13   44.31   46.48
   30.18   27.71   26.27   27.17   30.43   33.33
   23.67   19.64   19.47   18.09   15.51   15.30
   16.65   12.09   11.84    9.88    6.22    4.94
Mean Anomalies over 10-year time slices (mm)
2000 2009
   -8.67   -8.68   -8.12   -9.04  -11.43   -9.76
   -5.76   -5.04   -3.38   -2.20   -1.50   -0.91
   -2.74   -1.19    1.47    1.83   -0.10   -1.25
   -0.75    0.78    3.83    3.74    0.52   -1.28
2010 2019
   -2.53   -2.33   -1.23   -0.03    1.28    3.42
   -0.54   -0.50   -0.54   -0.80   -1.29    0.61
    0.59    0.99    0.14   -0.19   -0.01    1.21
    0.79    1.29    0.68    0.68    1.30    2.05
2020 2029
   -2.63   -3.77   -4.29   -6.26   -9.66  -10.34
   -2.27   -3.95   -5.10   -7.26  -10.42  -11.40
   -1.24   -1.66   -3.11   -4.52   -5.89   -6.70
   -0.58   -0.50   -1.64   -2.38   -2.72   -3.27
2030 2039
   -1.71   -1.74   -1.56   -1.50   -1.56   -1.97
   -1.29   -2.35   -3.80   -4.27   -3.76   -3.64
   -1.58   -1.92   -2.26   -2.08   -1.38   -1.34
   -1.43   -1.47   -1.14   -0.71   -0.16   -0.18
2040 2049
   -4.27   -3.94   -2.36    0.49    4.62    5.57
   -1.94   -1.42   -0.16    2.42    6.32    6.82
   -0.45    0.81    2.36    3.24    3.43    3.24
    0.24    1.38    2.90    3.04    1.82    1.36
2050 2059
   -3.34   -4.11   -4.64   -2.38    2.67    5.54
   -1.02   -1.21   -1.92   -1.52   -0.02    3.00
    0.19    0.40   -0.28   -0.46   -0.13    1.31
    0.36    0.50    0.08   -0.17   -0.26    0.09
2060 2069
   -8.36   -8.69   -8.47   -7.38   -5.42   -4.50
   -6.26   -6.87   -7.54   -6.98   -5.20   -5.15
   -4.44   -4.54   -5.74   -5.36   -3.39   -3.03
   -3.03   -2.83   -3.63   -3.31   -1.88   -1.53
2070 2079
  -12.53  -14.09  -15.14  -14.57  -12.37   -8.93
   -8.19   -9.56  -10.58  -11.14  -11.23   -9.61
   -4.90   -5.98   -8.15   -8.31   -6.44   -4.84
   -2.72   -3.46   -5.27   -5.07   -2.88   -1.68
2080 2089
   -9.02  -10.04  -10.94  -11.65  -12.16   -8.76
   -5.52   -7.41   -9.83  -10.73  -10.12   -5.92
   -2.85   -4.55   -6.98   -7.13   -5.01   -1.62
   -1.27   -2.25   -3.60   -3.36   -1.54    0.37
2090 2099
  -10.00  -11.01  -12.30  -11.71   -9.24   -6.20
   -6.43   -7.16   -7.83   -8.72   -9.83   -8.01
   -3.53   -4.47   -6.94   -7.50   -6.14   -4.48
   -1.83   -2.68   -4.87   -4.98   -3.01   -1.90
