Mean monthly rainfall - Model Simulations
NaN indicates insufficient data is available
Refer to Accompanying Documentation
GRIDBOX LONGITUDES
           4
  -16.25  -13.75  -11.25   -8.75
GRIDBOX LATITUDES
           4
   13.75   11.25    8.75    6.25
MODEL CLIMATOLOGY 1970-1999 (mm)
   10.36   11.76   16.23   21.99
   27.78   30.01   40.07   46.69
   67.27   72.24   85.66   86.07
  110.81  118.41  124.09  118.01
Mean Anomalies over 10-year time slices (%)
2000 2009
  -23.48  -21.35  -16.75  -13.07
  -14.67  -17.08  -16.35  -12.32
   -9.26   -9.99   -9.89   -6.59
   -6.93   -6.50   -4.87   -2.46
2010 2019
    2.32    1.73    1.99   10.25
    2.02   -1.47   -4.55    0.03
   -2.63   -2.22   -3.96   -0.30
   -3.88   -1.04   -0.62    2.89
2020 2029
   36.88   45.81   43.21   42.72
   32.56   32.22   22.97   22.97
   15.30   13.31    8.75    9.48
    8.24    7.86    6.39    6.22
2030 2039
    1.75    7.97    3.14    5.66
    4.02    3.87   -1.46   -2.39
    2.58    1.91   -2.70   -4.54
    0.62    1.21   -1.26   -1.40
2040 2049
    0.87    8.52    2.24    1.78
    7.19    5.82   -0.03   -0.99
    3.69    2.46   -1.92   -1.15
    0.71    1.38   -0.40    1.62
2050 2059
   20.55   18.99    9.79   12.22
   24.65   22.68   13.19    9.70
   12.22   10.36    8.48    7.19
    4.52    2.97    4.75    6.19
2060 2069
    3.68   19.08   28.19   25.17
    3.30    9.58    9.09    7.16
   -2.31   -1.43   -3.71   -3.96
   -4.51   -4.23   -5.22   -4.68
2070 2079
    6.44   16.17   14.34   14.47
   20.61   20.35    7.82    6.51
   12.06   10.04    1.55    1.05
    7.75    7.48    4.62    4.17
2080 2089
   16.39   25.70   12.50    6.77
   11.35   10.95    2.27    2.56
   -2.17   -1.07   -3.08   -2.66
   -2.76   -0.88   -0.34   -1.71
2090 2099
   25.69   43.36   25.85   13.84
   19.58   24.33   13.65    7.36
    2.45    2.15   -0.07   -1.28
    1.01    0.38   -1.06   -1.24
