Mean monthly rainfall - Model Simulations
NaN indicates insufficient data is available
Refer to Accompanying Documentation
GRIDBOX LONGITUDES
           4
  -16.25  -13.75  -11.25   -8.75
GRIDBOX LATITUDES
           4
   13.75   11.25    8.75    6.25
MODEL CLIMATOLOGY 1970-1999 (mm)
    2.39    3.75    4.05    3.20
   15.46   23.79   26.60   23.63
   46.43   61.88   65.98   59.65
   84.10   94.81   92.73   83.52
Mean Anomalies over 10-year time slices (%)
2000 2009
   10.15   26.84   20.42   57.91
    1.75    1.22    0.05   -4.46
  -11.02  -12.81  -12.01  -16.02
  -14.15  -17.55  -17.08  -17.21
2010 2019
  -12.39    7.43   12.66   15.68
    2.32   -6.44  -10.27  -14.10
   -9.94  -15.36  -16.18  -17.18
  -14.88  -16.85  -15.59  -13.88
2020 2029
    2.94   27.80   30.58   16.08
    6.31   12.17   10.98   -2.12
   -4.14   -2.03   -1.26   -6.24
  -10.44  -10.21   -8.17   -7.20
2030 2039
   36.57   20.81   33.95   42.40
    7.31    7.13    7.71    7.13
  -12.05  -12.71  -10.42   -8.37
  -16.75  -20.50  -18.52  -14.65
2040 2049
   -8.59   19.09    8.54   13.29
   -0.62   -0.47   -3.58   -3.92
   -7.20  -11.25  -12.07  -10.37
   -8.80  -13.33  -13.33  -10.18
2050 2059
  -19.76    6.10   21.86   58.67
   -6.60   -3.81    0.80    6.41
  -10.85  -13.80  -10.20   -7.63
  -12.69  -17.39  -15.85  -13.02
2060 2069
  -31.18  -11.54    5.12   21.97
   -8.46   -3.44    4.78    3.25
  -13.74  -12.14   -8.10  -10.49
  -15.91  -17.16  -15.69  -17.20
2070 2079
   22.08   27.87   19.62   22.44
    4.41   -0.21   -1.01    0.08
   -8.09  -13.67  -12.87  -12.54
   -9.40  -13.35  -12.49  -12.53
2080 2089
  -22.86  -13.59  -11.00   -5.46
  -19.58  -14.95  -15.36  -16.86
  -23.56  -21.11  -19.36  -18.72
  -21.05  -21.51  -17.04  -13.94
2090 2099
   31.58   67.51   54.19   53.98
   -0.17    0.08   -4.93   -3.65
  -22.15  -21.40  -18.73  -15.52
  -24.85  -23.39  -17.46  -13.41
