Mean monthly rainfall - Model Simulations
NaN indicates insufficient data is available
Refer to Accompanying Documentation
GRIDBOX LONGITUDES
           4
  -16.25  -13.75  -11.25   -8.75
GRIDBOX LATITUDES
           4
   13.75   11.25    8.75    6.25
MODEL CLIMATOLOGY 1970-1999 (mm)
   30.19   55.32   52.72   49.71
   26.85   63.79   80.48   77.05
   16.69   44.71   92.29  112.56
   33.86   47.04   59.30  100.99
Mean Anomalies over 10-year time slices (%)
2000 2009
    6.43   -4.84    0.03   -2.13
   -6.75   -5.71   -4.29    5.37
    0.08   -7.07   -6.48   -0.86
   -9.98  -12.28  -11.08  -11.95
2010 2019
  -21.78  -12.91    2.04   16.10
  -27.98  -16.57    0.89    7.26
  -29.37  -23.80  -10.42    4.47
  -37.20  -31.67  -21.82  -10.36
2020 2029
   -7.08  -18.10  -15.57   -2.57
   -1.67  -15.58   -9.17   -0.79
    0.19  -14.32   -5.13   -0.05
  -17.58  -24.63  -15.67   -4.37
2030 2039
    5.56   -0.91    0.65    2.71
    3.49   -1.38    4.01    7.11
  -15.87  -21.21    1.05   10.36
  -14.80  -15.15  -15.07   -1.88
2040 2049
  -14.66   -8.46   11.72   26.70
   -6.69  -10.59    4.96   23.38
   13.61   -9.16   -8.02    6.81
    9.48    2.45   -2.33   -6.36
2050 2059
   36.32   22.60   24.94   32.49
    5.30    8.23   21.98   28.09
   15.08   -6.49   10.55   20.91
    8.74    0.17   -2.48    3.07
2060 2069
   13.33    4.97    3.32   28.11
    0.68    0.60    9.16   20.05
    7.96   -3.84    5.93    6.70
   18.36   15.86    6.26    0.75
2070 2079
   15.58   18.88   23.65   43.54
   14.52    6.64   27.90   36.73
   27.55    4.36   12.95   22.27
   33.84   27.02   18.32    8.46
2080 2089
   18.45   13.74   15.27   23.14
   20.74   15.55   17.57   23.33
   34.00    8.59   11.19   13.51
   18.61    3.96    8.87    9.76
2090 2099
   24.80   18.18   22.81   23.65
   26.82   15.17   15.68   24.90
   53.26   12.40    6.57    8.22
   51.00   21.74   11.34    2.26
