Mean monthly rainfall - Model Simulations
NaN indicates insufficient data is available
Refer to Accompanying Documentation
GRIDBOX LONGITUDES
           4
  -16.25  -13.75  -11.25   -8.75
GRIDBOX LATITUDES
           4
   13.75   11.25    8.75    6.25
MODEL CLIMATOLOGY 1970-1999 (mm)
    9.93   15.42   23.27   24.77
   29.70   35.14   51.71   50.46
   83.73   88.14  103.54   89.02
  149.37  146.82  142.39  115.74
Mean Anomalies over 10-year time slices (%)
2000 2009
  -42.67  -23.98  -11.47   -3.85
  -30.25  -23.06  -10.62   -1.97
  -15.67  -10.70   -6.20   -1.57
   -5.07   -3.28   -2.46   -2.25
2010 2019
  -11.53   -5.50    8.34   37.98
  -18.48  -13.13   -6.41    9.09
  -18.19  -10.94   -7.08    1.98
   -9.64   -3.89    0.98    6.37
2020 2029
   24.30   34.01   24.57   34.74
   22.81   23.02   13.60   20.41
    6.29    3.95    3.24    9.05
    3.32    1.44    2.36    3.65
2030 2039
  -37.39  -22.00  -16.38   -4.00
   -8.53    0.50   -2.48   -4.73
   -4.51   -0.74   -4.14   -7.45
   -6.01   -6.06   -9.42  -10.90
2040 2049
   30.86   41.94   21.85    9.89
   14.93   22.73    8.72    4.27
   13.25   16.09    4.97    3.08
   11.87   12.28    3.87    3.46
2050 2059
   -9.73   -2.91   -5.49   -2.90
   -3.16    0.86   -6.01  -10.28
   -3.28   -3.88   -5.54   -9.35
   -0.65   -4.31   -2.38   -1.53
2060 2069
   21.57   37.21   51.68   60.98
   13.82   32.90   31.50   31.07
   -2.43    4.06    3.04    3.25
   -7.54   -5.59   -6.36   -6.78
2070 2079
  -13.68    3.79    5.27    6.94
    7.57   11.39   -0.82   -1.94
    2.11    7.19    1.53    1.80
    3.24    9.75   10.40   12.12
2080 2089
   -7.97    5.04   -8.56   -7.10
  -14.72   -4.97  -14.42  -14.55
  -22.52  -10.86   -9.73  -11.61
  -11.04   -3.34    1.03   -1.88
2090 2099
  -36.53  -14.85  -20.28  -17.48
   -8.21   -2.79   -6.36   -8.55
   -8.32   -6.07   -1.42   -2.23
    0.36    3.08    6.47    6.37
