Mean monthly rainfall - Model Simulations
NaN indicates insufficient data is available
Refer to Accompanying Documentation
GRIDBOX LONGITUDES
           4
   31.25   33.75   36.25   38.75
GRIDBOX LATITUDES
           4
   -8.75  -11.25  -13.75  -16.25
MODEL CLIMATOLOGY 1970-1999 (mm)
  232.74  217.33  149.17   83.08
  268.55  233.09  214.49  113.25
  231.78  209.94  241.91  150.36
  231.08  211.30  218.63  152.12
Mean Anomalies over 10-year time slices (%)
2000 2009
   -0.46   -0.27    8.39    1.48
    1.57    0.23    3.41    4.64
   11.21    9.32    9.72   10.87
    5.23    6.81   12.21   18.33
2010 2019
    0.33    2.91   13.43   15.39
   -3.47    0.31    3.60    5.34
    2.60    8.05    8.63    9.99
    9.35    6.27    1.52   -0.95
2020 2029
   -0.26    2.44   15.32    8.34
   -2.72   -1.48    6.06   10.72
    4.51    2.10    6.08   12.04
   12.37    8.60   10.95   12.76
2030 2039
   -1.75    3.17   12.09    7.76
    2.11    5.36   10.89   11.92
    5.83    4.57   11.34   16.75
    4.45    4.75    9.61   14.11
2040 2049
   -6.04    1.17   16.12   10.59
   -1.59    5.43   12.64   12.94
   13.51   13.61   12.99   13.37
    6.51    6.61   11.73   12.47
2050 2059
   -2.15    5.59   24.22   30.49
   -1.32    0.88    8.70   19.18
    7.05    4.84    5.18   11.40
    8.25    9.14    8.77   13.32
2060 2069
   -3.88    3.51   17.19    1.11
   -3.20    4.09   10.91    1.55
    8.27    9.62   12.26    5.48
    8.14    4.42    3.85    3.20
2070 2079
   -5.85   -3.16    8.37  -12.10
   -1.71   -0.16    7.74    0.10
    3.72    4.77    9.41    8.48
    6.69    4.26    4.67    2.89
2080 2089
   -2.07    2.43   16.00   -1.70
   -0.38    7.94   20.41   11.42
    4.81   17.72   29.70   25.23
   16.17   23.24   36.66   34.02
2090 2099
    1.02    4.86   13.42    2.92
    7.25    8.44   13.58    9.68
   14.35   14.72   14.43   12.91
   14.93   16.97   23.85   28.65
