Mean monthly rainfall - Model Simulations
NaN indicates insufficient data is available
Refer to Accompanying Documentation
GRIDBOX LONGITUDES
           4
   31.25   33.75   36.25   38.75
GRIDBOX LATITUDES
           4
   -8.75  -11.25  -13.75  -16.25
MODEL CLIMATOLOGY 1970-1999 (mm)
  120.71  115.61  104.49   84.47
  123.64  125.48  121.64  101.56
  116.54  119.27  118.92  106.08
   92.33   99.01  105.46   99.43
Mean Anomalies over 10-year time slices (%)
2000 2009
   10.59    9.72    9.45   10.02
   11.63   10.23    7.25    7.89
    6.50    7.40    7.01    8.14
    2.88    4.19    3.43    2.47
2010 2019
    8.50    5.89    0.82   -1.23
    4.35    1.74   -4.19   -5.87
    3.98    0.83   -6.68  -10.83
    8.18    1.27   -9.01  -15.89
2020 2029
    3.86    1.27    0.93    6.55
   -3.58   -5.25   -6.62   -3.56
   -8.01   -9.50  -11.84  -10.21
   -3.84   -8.30  -11.76  -14.27
2030 2039
    6.24    4.93    6.31   10.57
   -3.07   -2.16   -0.45    4.42
  -13.04  -11.61   -9.52   -3.94
  -12.19  -16.59  -19.94  -16.83
2040 2049
   10.99   12.86   12.49   10.52
    4.89    9.16   10.20   11.82
   -4.30   -0.02    3.05    5.15
   -6.60   -8.49   -8.59   -8.76
2050 2059
   15.69   14.95   15.55   15.56
   12.59   13.43   15.49   18.32
   -1.78   -0.43    2.36    8.30
  -11.22  -14.38  -16.44  -11.84
2060 2069
    7.76    2.42   -4.43   -6.38
    5.52    1.21   -4.94   -9.65
    4.54   -1.88   -9.94  -14.82
    4.33   -3.07  -15.84  -22.66
2070 2079
   13.57   11.15    7.71    5.63
   11.95   11.62    7.45    3.88
    8.10    8.57    1.55   -4.16
    8.61    3.09  -11.12  -19.37
2080 2089
   12.73   11.82   13.71   15.94
    8.02    5.87    3.71    4.60
    0.98   -3.13   -7.47   -5.81
   -4.21  -11.69  -17.94  -18.19
2090 2099
   10.09    8.08   11.35   18.56
    3.28    1.26    0.32    1.71
  -11.67  -12.74  -12.89  -11.49
  -20.92  -24.52  -26.01  -24.33
