Mean monthly rainfall - Model Simulations
NaN indicates insufficient data is available
Refer to Accompanying Documentation
GRIDBOX LONGITUDES
           4
    8.75   11.25   13.75   16.25
GRIDBOX LATITUDES
           6
   13.75   11.25    8.75    6.25    3.75    1.25
MODEL CLIMATOLOGY 1970-1999 (mm)
  137.10  119.41  101.54   89.34
  197.17  181.81  152.13  138.06
  259.95  226.25  191.43  163.72
  248.89  202.64  178.01  154.90
  207.29  173.61  153.15  125.31
  160.78  140.69  116.53  107.06
Mean Anomalies over 10-year time slices (%)
2000 2009
    9.45   12.50   14.71   12.02
   -1.81   -0.88    3.58    4.85
   -5.58   -4.54   -3.12    0.27
    0.22    0.19    2.74    0.86
    7.92    6.02    6.37    2.03
   15.40    9.65   10.41   10.01
2010 2019
   -5.09   -1.28   -1.38    0.59
   -4.62   -6.39   -3.46   -1.02
   -2.53   -1.12    0.51    2.48
   -2.37    2.26    7.53   10.78
    3.06    4.51    8.68   10.97
   12.66    9.21   13.86    9.00
2020 2029
  -10.05   -8.74   -8.45  -11.19
   -6.73   -5.13   -7.59   -6.29
   -1.53   -0.06   -2.04   -0.99
   -0.86    3.93    2.16    0.17
   -4.95    0.52    1.08    5.62
    3.09    2.32    9.37   12.13
2030 2039
   -1.80   -0.93   -2.21   -2.66
   -1.63   -2.94    1.09    2.68
   -6.69   -4.03    0.61    3.76
   -6.15   -2.13    2.39    5.61
    3.79    2.20    3.49    4.49
   13.10    6.36    7.95    4.56
2040 2049
  -18.99  -18.42  -23.50  -25.55
  -20.44  -24.60  -24.43  -23.39
  -13.91  -13.57  -16.63  -16.25
   -3.68   -2.83   -4.52   -8.11
    6.81    4.37    0.88   -5.20
    2.76    2.77    0.52   -1.47
2050 2059
  -21.62  -20.88  -19.91  -22.33
  -21.69  -25.85  -21.88  -20.70
  -12.93  -14.05  -11.01  -14.35
    2.66    3.13    2.20   -3.09
   15.66   12.11    7.41    4.60
    6.87    4.60    5.14    4.86
2060 2069
  -29.38  -30.70  -32.63  -32.97
  -30.67  -33.95  -31.08  -29.74
  -22.01  -21.49  -22.96  -24.41
   -4.25   -5.57   -8.81  -13.65
   11.35    5.76    1.11   -5.21
    4.95    2.33    1.16   -4.05
2070 2079
  -21.17  -22.79  -24.75  -30.97
  -24.12  -24.86  -23.18  -23.97
  -16.95  -14.55  -16.27  -17.15
   -4.62   -0.82   -2.23   -6.86
    7.60    8.63    3.82   -0.48
   -4.62   -3.72   -2.34   -1.59
2080 2089
  -28.68  -31.35  -33.07  -36.65
  -28.76  -32.07  -33.27  -30.13
  -23.68  -21.76  -21.79  -20.68
   -8.90   -5.63   -5.43   -8.15
   11.02    7.70    3.60    1.06
   13.40    7.12    1.12    2.15
2090 2099
  -25.88  -26.97  -28.08  -28.49
  -21.53  -23.47  -23.50  -20.77
  -14.58  -11.21  -12.87  -11.76
   -2.45    3.59    1.75   -3.96
   11.57   16.00    6.71    1.87
    3.77    5.79   -0.68   -2.15
