Mean monthly rainfall - Model Simulations
NaN indicates insufficient data is available
Refer to Accompanying Documentation
GRIDBOX LONGITUDES
           4
    8.75   11.25   13.75   16.25
GRIDBOX LATITUDES
           6
   13.75   11.25    8.75    6.25    3.75    1.25
MODEL CLIMATOLOGY 1970-1999 (mm)
    0.24    0.26    0.33    0.35
    1.33    0.83    1.09    1.58
    6.21    5.09    5.89    6.99
   24.48   20.73   20.38   23.01
   74.37   61.62   60.65   62.98
  148.91  116.61  114.57  117.93
Mean Anomalies over 10-year time slices (%)
2000 2009
  -37.98  -69.55  -82.70  -84.90
  -17.34  -36.61  -47.52  -34.79
   -8.83  -12.61  -11.06   -7.11
   -2.59   -5.47   -2.99    1.18
    1.16    1.73    4.47    8.51
    0.41    2.29    5.21    8.09
2010 2019
  -46.28  -58.27  -76.27  -81.52
   30.29  -30.69  -39.17  -30.41
   -3.46  -10.98  -15.11  -10.57
   -3.32   -5.66   -8.12   -2.75
   -1.39   -4.74   -4.48   -1.32
   -2.25   -5.02   -3.53   -0.83
2020 2029
  -67.08  -85.58  -86.93  -79.52
  -49.97  -58.18  -52.72  -26.59
  -23.62  -20.39   -3.32   15.11
   15.89   14.70   21.92   30.38
   24.24   23.32   22.78   24.03
   15.22   17.16   16.36   16.14
2030 2039
   69.60  -14.71  -49.96  -33.12
   24.88   18.88   37.00   42.52
    2.64    2.34   15.16   17.22
    0.11   -6.36   -5.79   -0.95
    9.13    0.66   -1.50    1.61
    9.26    4.29    2.29    3.57
2040 2049
  -72.23  -22.97   81.05  171.66
  -50.04  -22.81   12.59   14.96
   -5.88  -22.05  -22.77  -18.61
    8.02   -6.90  -12.17   -4.96
    3.74    1.35   -2.99    1.73
    0.06    2.18    2.43    5.82
2050 2059
  206.37  271.43  123.38   61.42
   59.87   96.14   39.89   12.76
  -10.85  -15.65   -8.36   -0.64
   -6.30  -14.39   -8.95    1.62
    2.86   -2.08   -2.61    1.74
    5.76    1.77   -0.38    0.46
2060 2069
  -77.54  -87.16  -90.35  -80.83
  -61.71  -79.13  -65.97  -52.21
  -31.19  -49.72  -44.91  -39.28
   -3.53  -24.35  -24.88  -13.92
   10.00    4.77   -0.41    5.61
   10.15    9.19    5.84    8.78
2070 2079
  -51.37  -88.53  -91.83  -86.56
  -49.34  -67.58  -68.14  -49.66
   -7.61  -25.15  -20.12  -11.27
    0.09  -11.26   -8.99    3.28
    8.35    8.78    4.05    9.98
    9.39   12.93   10.35   12.99
2080 2089
  -74.51  -76.98  -89.06  -94.39
   -3.33  -56.07  -68.35  -64.38
   23.64   -1.23  -17.18  -23.57
   20.46    3.22   -6.64   -2.51
   10.92    8.99    1.96    6.12
    8.28   10.81    8.15   10.50
2090 2099
  -29.28    0.12  -54.97  -33.56
   33.03   58.10    2.27   -1.09
  -11.49    0.47   10.82   22.74
   19.26   14.66   29.03   43.33
   26.41   30.03   28.23   34.23
   21.88   27.18   23.51   26.06
