Mean monthly rainfall - Model Simulations
NaN indicates insufficient data is available
Refer to Accompanying Documentation
GRIDBOX LONGITUDES
           4
    8.75   11.25   13.75   16.25
GRIDBOX LATITUDES
           6
   13.75   11.25    8.75    6.25    3.75    1.25
MODEL CLIMATOLOGY 1970-1999 (mm)
   65.00   60.99   56.69   56.51
  101.16   86.76   83.63   88.47
  126.58  124.79  128.89  123.34
  169.49  164.72  161.57  154.80
  232.66  186.68  175.44  176.79
  267.63  199.28  190.65  193.90
Mean Anomalies over 10-year time slices (%)
2000 2009
    6.66    4.88    5.03    5.60
    4.87    3.70    4.39    5.09
    4.86    4.28    4.83    5.54
    3.72    3.15    3.80    4.24
    4.20    1.77    1.55    1.92
    4.38    1.12    0.56    0.89
2010 2019
   -2.67   -4.41   -6.10   -4.42
    3.19    2.04    0.01    0.49
    3.02    1.37    0.69    1.14
    0.59   -1.16   -2.02   -1.50
    0.87   -1.93   -3.56   -3.03
    1.24   -2.16   -3.31   -2.82
2020 2029
    3.24    1.22   -1.31    0.42
    6.81    6.48    3.53    2.90
    5.80    3.63    3.81    4.48
    2.95   -0.30   -0.22    1.27
    3.42   -0.11   -1.82   -1.34
    4.03    0.56   -0.10    0.10
2030 2039
    2.81    4.19    1.97    4.26
    5.28    6.54    4.76    6.02
    5.72    3.57    4.33    5.74
    4.66    0.54    0.27    1.45
    3.84   -0.13   -2.15   -1.13
    3.95    0.46   -0.80    0.03
2040 2049
   -0.96   -2.42   -5.88   -5.07
    3.26    2.33   -0.19   -0.48
    2.32   -0.97   -0.95    0.49
   -0.01   -4.72   -6.38   -4.49
    0.08   -4.28   -7.98   -6.73
   -1.40   -4.35   -5.25   -3.44
2050 2059
   -2.66   -2.59   -5.60   -3.95
    6.82    8.21    5.21    4.51
    7.32    5.32    3.97    4.45
    2.03   -2.99   -5.08   -3.63
    0.68   -4.13   -8.09   -7.27
   -0.78   -3.65   -5.47   -4.76
2060 2069
   -2.14   -2.33   -4.39   -3.72
    7.03    6.49    4.33    3.68
    7.10    5.30    5.54    7.14
    1.38   -2.27   -3.01    0.15
   -0.73   -3.19   -6.70   -4.18
   -3.48   -2.98   -3.76   -1.63
2070 2079
    2.08   -1.34   -4.36   -3.65
   11.28    8.22    5.05    4.11
   11.14    7.88    7.27    9.01
    5.99    1.89    0.08    3.64
    4.28    1.98   -3.04   -1.38
    0.41    0.76   -0.53    1.13
2080 2089
   -2.24   -1.92   -3.38   -3.06
   12.00   12.10    8.82    5.83
   13.59   13.11   11.49   11.62
    7.49    4.93    2.25    4.38
    3.35    2.40   -2.87   -1.77
   -0.95    0.40   -1.31    0.04
2090 2099
   -2.58   -3.44   -5.25   -4.78
   11.40   10.05    8.74    7.53
   13.37   13.56   13.22   14.78
    9.78    7.89    6.52    9.57
    6.37    5.36    1.00    2.98
    2.51    2.88    0.42    2.87
