Mean monthly rainfall - Model Simulations
NaN indicates insufficient data is available
Refer to Accompanying Documentation
GRIDBOX LONGITUDES
           4
    8.75   11.25   13.75   16.25
GRIDBOX LATITUDES
           6
   13.75   11.25    8.75    6.25    3.75    1.25
MODEL CLIMATOLOGY 1970-1999 (mm)
    0.45    0.47    0.44    0.35
    0.59    0.61    0.64    0.69
    2.42    2.46    2.75    3.34
   10.06   10.38   11.47   13.38
   51.99   58.42   59.53   59.84
  107.74  118.43  113.89  108.98
Mean Anomalies over 10-year time slices (%)
2000 2009
  -51.19  -92.03  -98.76  -97.82
  -81.15  -88.55  -95.19  -73.81
    3.97    9.12   -0.02    3.51
   28.58   32.72   24.30   21.71
    5.77    6.99    2.07   -0.04
    0.54    2.66    0.10   -1.22
2010 2019
   80.23   28.22   -2.10   -1.14
   23.07  -27.07  -51.61  -56.35
   44.55   17.72   15.70   35.06
   54.86   34.26   35.81   58.97
   15.73   13.48   16.30   19.79
    3.02    4.83    9.40   10.65
2020 2029
  -35.42  -49.77  -59.78  -58.34
  -39.94  -55.92  -48.00  -49.26
  -46.57  -48.42  -43.83  -41.46
  -40.35  -35.76  -36.26  -33.41
   -9.32   -4.25   -2.15   -0.32
   -2.74   -0.10    1.75    3.55
2030 2039
  -99.34  -99.58  -98.18  -84.06
  -99.36  -98.21  -90.99  -81.03
  -74.60  -73.76  -63.78  -49.31
  -58.13  -54.95  -48.01  -34.41
  -19.16   -9.86  -10.67  -10.55
  -10.59   -3.57   -4.83   -5.94
2040 2049
  -82.74  -79.97  -41.20   -7.16
  -92.66  -87.72  -67.01  -64.61
  -36.40  -57.02  -52.33  -36.80
  -15.92  -37.02  -34.31  -16.64
   -2.52    0.32   -0.30   -0.79
   -3.04    1.58    1.70   -0.01
2050 2059
  -96.18  -91.17  -79.38  -61.26
  -93.47  -81.98  -70.01  -71.22
  -80.71  -68.42  -63.20  -55.01
  -69.04  -56.81  -55.17  -43.65
  -32.29  -19.93  -21.38  -18.74
  -19.71  -12.34  -14.42  -13.12
2060 2069
  -83.25  -76.96  -72.08  -58.16
  -95.11  -92.06  -72.81  -63.79
  -80.35  -79.52  -70.62  -52.87
  -64.04  -61.46  -59.10  -41.27
  -16.40   -8.97   -3.30    3.17
   -7.54   -3.51    1.87    7.69
2070 2079
  -99.18  -99.89  -99.94  -99.35
  -89.73  -98.57  -98.54  -98.31
  -77.83  -79.98  -77.08  -69.69
  -67.74  -63.91  -61.28  -53.56
  -31.12  -22.29  -20.16  -16.76
  -18.08  -12.40  -11.69   -9.10
2080 2089
  -98.15  -98.76  -94.22  -92.30
  -98.09  -87.41  -31.72  -26.80
  -74.28  -60.09  -39.53  -32.35
  -60.06  -46.36  -47.10  -38.34
  -28.65  -16.58  -19.58  -17.84
  -19.13  -10.43  -12.33  -10.98
2090 2099
  -89.74  -95.09  -97.06  -97.06
  -98.93  -98.40  -92.42  -91.68
  -94.00  -93.94  -90.29  -84.38
  -80.95  -78.68  -78.78  -73.16
  -31.06  -23.15  -25.17  -21.39
  -17.99  -11.80  -13.64  -10.25
