Mean monthly rainfall - Model Simulations
NaN indicates insufficient data is available
Refer to Accompanying Documentation
GRIDBOX LONGITUDES
           6
   28.75   31.25   33.75   36.25   38.75   41.25
GRIDBOX LATITUDES
           5
   -1.25   -3.75   -6.25   -8.75  -11.25
MODEL CLIMATOLOGY 1970-1999 (mm)
  100.71   65.39   81.38   45.12    5.52    1.02
  185.00  130.24  144.09   89.85    7.92    2.73
  172.57  154.87  163.05  107.23   20.17   11.58
  181.81  216.65  209.93  165.10   60.30   30.53
  297.73  277.88  241.99  244.96  116.54   60.31
Mean Anomalies over 10-year time slices (%)
2000 2009
   13.85   19.93   14.39   -1.97  -35.25    4.17
    6.98   11.50   16.45    3.46  -27.25  -10.26
    6.46    8.45   10.60   -3.02  -28.35  -20.38
    5.66    8.24    9.70    4.13   -8.47  -22.24
    0.68    4.55    7.84   10.94    4.49  -12.80
2010 2019
    9.63   18.66   25.97    5.70   15.53   13.06
    9.29   15.97   20.74    5.34   11.10   46.85
    7.59   14.81   16.06    3.18    2.88   29.43
   -3.47    5.48    8.31    0.46   -5.23    6.56
   -4.18    5.02   10.21    7.34    4.87   14.95
2020 2029
   -2.02   17.91   24.40   11.13    3.85  -20.38
   -0.87    6.02   19.98   10.24  -17.02  -17.35
    1.33    2.71    9.59   -0.28  -27.78  -16.98
    6.85    6.32   11.08    6.99  -17.07  -18.08
    8.73    9.71   15.73   20.67    7.89   -2.01
2030 2039
   14.84   25.13   12.85  -22.08  -58.72  -22.08
   12.76   13.79    6.27  -18.17  -37.08   54.07
    8.96    6.46   -2.74  -22.81  -21.15   38.33
   10.97    9.54    0.55   -7.96   -7.62   31.28
    4.82    6.07    4.26    2.59   11.46   53.50
2040 2049
   12.05   24.47   17.34    3.84  -11.26   12.04
   14.77   19.67   19.20    5.24  -24.05    7.56
   11.11    8.21   13.62    0.88  -23.97   15.05
   11.17   12.98   15.23    4.81  -11.67    2.89
    8.44    8.92   12.57   13.15    8.37   18.49
2050 2059
    6.00   11.67   29.24    7.76  -58.00  -33.80
   14.35   17.53   30.12   22.67  -14.02    7.45
    4.66   15.52   20.86    8.26   -8.98    9.28
    2.74    7.16   16.43   12.50   -6.54   -0.35
    3.21    3.78   14.85   22.39   26.46   38.86
2060 2069
    5.60   21.49   40.37   21.35   25.55    3.88
   12.78   20.39   23.22    4.92   10.02   81.37
    8.75   11.97   11.64   -8.13  -17.53   43.33
    8.92   14.75   16.94    8.59  -12.61    8.98
    9.13   15.20   18.76   22.54   16.43   21.76
2070 2079
    1.97   21.64   40.80   17.36   -1.57  302.78
    0.43   19.12   28.05    4.76   15.11  506.88
   -9.41    3.27   12.93   -5.52    1.61  182.60
  -12.77   -1.00   10.40    3.75  -11.61   29.32
   -7.05   -2.46    5.05   11.45    7.15   16.23
2080 2089
   11.88   34.81   56.77   55.12   84.37   63.79
   12.77   23.74   41.87   20.17   83.27  108.17
    4.73   11.89   23.52    8.11   40.50   89.58
    9.68   14.67   21.66   19.03   22.27   45.55
    4.88    9.08   13.51   18.69   21.67   40.69
2090 2099
    2.37   18.73   43.57   26.54   12.17   -8.68
   10.67   15.33   33.89   23.56    9.04   26.73
    0.38   10.91   27.56   17.52    4.96   32.68
   -1.44   12.78   29.50   30.22   13.79   25.44
   -5.76    5.64   16.58   26.11   22.49   28.93
