Mean monthly rainfall - Model Simulations
NaN indicates insufficient data is available
Refer to Accompanying Documentation
GRIDBOX LONGITUDES
           6
   11.25   13.75   16.25   18.75   21.25   23.75
GRIDBOX LATITUDES
           7
   -3.75   -6.25   -8.75  -11.25  -13.75  -16.25  -18.75
MODEL CLIMATOLOGY 1970-1999 (mm)
  188.30  187.11  163.95  156.48  164.71  181.79
  171.16  184.84  174.88  169.19  167.76  171.84
  151.25  173.57  189.25  193.00  184.81  195.70
  163.39  190.44  226.06  232.00  208.25  220.68
  206.60  234.55  275.95  275.66  233.69  241.54
  237.22  260.57  241.84  232.36  232.12  247.77
  212.72  237.08  196.83  189.09  213.85  232.55
Mean Anomalies over 10-year time slices (%)
2000 2009
    5.88    5.12    4.00    2.25    0.27    0.74
    4.54    4.84    5.98    4.96    1.63    0.15
   -0.77   -0.51    0.37   -0.84   -4.24   -3.16
   -2.41   -2.87   -1.23   -2.13   -5.74   -2.84
   -0.09   -1.60    0.38   -0.22   -3.70   -0.22
    0.44   -0.55    0.22   -0.96   -4.20   -2.35
    0.93    0.05   -1.64   -4.49   -7.32   -6.64
2010 2019
    3.56    2.03    0.65    0.26    1.12    1.85
    2.41    1.18    0.77    1.68    3.95    4.59
   -1.27   -0.73   -0.10    0.31    0.59    0.35
   -0.45    0.77    1.95    1.84    0.51   -0.54
    3.46    4.08    5.22    4.93    3.06    1.32
    2.73    3.23    6.48    6.73    3.57    1.60
    1.80    2.18    6.32    6.72    2.81    1.04
2020 2029
    2.70    2.72    3.45    3.29    2.17    3.00
    1.46    2.39    4.24    5.23    5.19    4.13
   -2.81   -1.16    1.06    1.38   -0.03    0.81
   -1.64    0.32    2.36    1.56   -2.17   -0.50
    2.82    4.52    5.71    4.05   -1.36    0.01
   -1.39   -0.43    1.56    1.50   -0.85    1.23
   -5.33   -5.62   -6.25   -4.98   -2.19    1.01
2030 2039
    9.74    8.14    6.93    5.40    3.96    5.12
    7.47    5.34    2.51    2.49    5.54    7.12
    4.99    2.44   -0.67    0.59    6.22    7.26
    5.54    3.16   -0.42    0.34    5.41    6.25
    7.49    5.73    1.58    1.00    3.70    4.55
    2.13    1.57    0.66    0.91    2.45    3.13
   -1.88   -1.93   -1.33   -0.34    0.64    1.35
2040 2049
    9.22    8.84    8.13    7.32    6.63    5.88
    7.41    8.01    9.00    9.06    8.07    6.01
   -2.53   -0.98    2.78    4.44    4.43    4.87
   -8.77   -7.14   -0.30    2.59    3.10    4.58
   -8.06   -7.65   -0.19    3.03    3.73    4.73
   -4.65   -4.00    0.51    2.89    2.58    2.40
   -2.67   -1.77   -0.12    0.16   -1.19   -1.77
2050 2059
   10.95    8.68    6.12    4.92    5.60    6.08
   10.04    7.77    5.28    5.39    8.37    9.05
    5.88    3.16    1.02    1.91    5.83    6.92
    6.17    2.60    0.16    0.82    4.59    5.60
    9.37    5.27    1.77    1.56    4.53    4.93
    4.60    3.34    2.45    2.05    2.27    1.79
    0.69    1.13    1.53    0.95   -0.43   -1.14
2060 2069
   16.24   13.83   11.97   11.36   12.35   11.83
   12.47   11.64    8.66    8.38   11.10   11.00
    8.09    6.80    3.97    4.18    7.28    6.88
    6.34    5.74    5.12    5.11    5.67    4.35
    6.85    7.54    9.13    8.63    5.76    3.23
    1.32    2.97    6.64    7.18    4.16    3.13
   -3.34   -2.40   -2.04   -1.21   -0.25    2.16
2070 2079
   11.64    9.51    9.52    8.97    7.96    7.06
    4.69    3.81    4.19    7.00   12.28   12.22
    1.48   -1.59   -3.33    0.07    8.96   10.59
    5.37    0.87   -2.98   -0.99    7.21    8.85
   11.64    7.55    1.85    1.69    7.01    7.37
    5.81    3.91    1.22    1.24    4.30    4.45
    1.27    0.60   -0.62   -0.23    1.78    2.29
2080 2089
   15.81   14.45   12.40   11.60   12.47   12.07
    9.85    7.73    3.98    4.97   11.11   12.47
    7.63    2.29   -2.69    0.16   10.93   11.69
   10.85    2.62   -3.38   -1.08    9.78   10.10
   15.32    6.58   -0.52   -0.21    7.72    7.70
    7.68    4.00   -0.61   -0.81    3.96    3.07
    0.90   -0.13   -4.78   -5.28   -0.94   -1.45
2090 2099
   18.66   15.15   10.15    9.23   13.19   13.57
   15.21   11.27    6.01    6.99   14.77   15.71
   14.57    8.51    2.04    3.45   12.56   11.47
    8.18    2.06   -0.54    1.36    8.19    6.18
   -0.04   -4.61   -1.90    0.22    2.89    0.81
   -3.79   -6.09   -6.13   -4.68   -1.74   -1.44
   -5.90   -7.67  -13.81  -13.96   -7.39   -3.54
