Mean monthly rainfall - Model Simulations
NaN indicates insufficient data is available
Refer to Accompanying Documentation
GRIDBOX LONGITUDES
           6
   11.25   13.75   16.25   18.75   21.25   23.75
GRIDBOX LATITUDES
           7
   -3.75   -6.25   -8.75  -11.25  -13.75  -16.25  -18.75
MODEL CLIMATOLOGY 1970-1999 (mm)
  115.87  131.63  142.89  149.64  147.91  137.68
   69.26   93.88  115.22  133.26  135.11  120.76
   31.88   62.11   89.53  114.11  117.74  100.40
   24.32   47.20   70.42   93.98   96.27   77.29
   17.93   35.24   52.89   70.88   70.98   53.17
   12.09   24.94   37.01   48.28   46.42   31.44
    7.96   16.63   25.18   33.63   32.37   21.40
Mean Anomalies over 10-year time slices (%)
2000 2009
    1.49    2.42    3.02    3.44    4.50    6.43
    8.98    7.91    8.00    8.70    9.63   11.18
   25.73   14.25   11.48   10.93   11.26   12.56
   18.55    5.72    1.90    0.45    0.41    1.61
   12.77    0.87   -5.02   -9.30  -11.27  -12.95
    7.65   -0.63  -10.51  -21.29  -27.76  -37.26
   -2.64   -4.10  -17.15  -33.06  -40.22  -46.80
2010 2019
   -5.54   -5.19   -3.61   -0.95    0.39    0.61
   -4.86   -8.29   -6.84   -2.72   -0.51    0.79
   -3.52  -12.54  -10.11   -4.32   -1.57    0.19
   -8.86  -14.99  -10.76   -3.89   -1.90   -2.69
  -12.01  -15.73  -12.29   -7.09   -5.33   -5.24
  -13.96  -15.79  -15.67  -15.05  -13.47   -8.79
  -19.74  -21.91  -22.57  -22.89  -20.98  -13.87
2020 2029
    4.40    5.49    7.06    9.15    9.92    9.47
    4.98    8.39    8.39    6.61    6.08    6.53
    3.10    8.41    6.43    2.25    1.08    1.84
   -4.85   -4.08   -2.67   -1.10   -0.62   -0.75
   -5.84   -7.78   -6.19   -3.73   -3.22   -4.13
   -1.36   -3.97   -5.36   -6.53   -7.55   -9.68
   -9.83   -9.98   -9.45   -8.75   -8.83   -9.92
2030 2039
    4.83    3.27    2.74    2.96    3.34    3.93
    9.54    5.90    4.41    3.91    3.57    3.23
   15.77    8.74    5.99    4.24    3.35    2.66
   12.24    7.31    3.86    0.82    0.97    4.13
    6.21    3.43   -1.21   -6.25   -6.12   -0.72
   -2.70   -2.74   -9.67  -18.67  -20.67  -16.96
   -5.20   -4.34  -14.24  -26.78  -31.97  -35.60
2040 2049
   -7.65   -2.97    1.02    4.85    7.62    9.81
   -3.93   -1.55    1.33    4.68    6.85    8.77
    4.16   -0.21    0.82    3.44    5.07    6.82
    5.94    0.79    0.43    1.32    2.76    5.89
    3.82   -1.80   -2.42   -1.75   -1.43   -1.12
   -2.22   -7.70   -8.05   -7.12   -9.52  -18.83
   -6.41   -8.20  -11.25  -14.62  -18.59  -28.64
2050 2059
   -8.86   -5.18   -2.02    1.03    2.69    3.24
   -7.25   -5.39   -1.20    4.52    6.87    6.96
   -2.75   -5.94   -1.46    5.49    7.92    7.85
    7.05   -4.34   -4.88   -2.60   -1.41   -0.21
    9.34   -3.57   -9.80  -14.25  -15.20  -13.64
    2.99   -4.96  -17.66  -32.18  -37.53  -38.82
  -13.01  -16.12  -28.39  -42.95  -48.31  -50.12
2060 2069
   -1.77   -0.39    3.12    8.57   11.06   10.96
   -1.13   -2.17    1.66    8.30   11.19   11.66
   -4.17   -7.32   -2.06    5.95    9.39   10.91
   -4.66  -11.87   -6.92    1.11    4.65    7.03
   -2.73  -11.88  -10.42   -6.30   -3.37    1.35
   -0.13   -9.11  -14.02  -18.16  -17.28   -9.39
  -13.70  -19.05  -22.53  -25.61  -24.96  -19.04
2070 2079
   -0.71    1.59    5.06    9.75   12.99   15.33
    4.18    2.68    5.16    9.88   12.97   15.76
   10.39    1.53    3.30    8.16   11.42   15.28
   -1.85   -2.99    0.16    4.39    7.95   13.87
   -3.14   -4.30   -4.05   -3.44   -1.53    3.61
    5.64   -3.42  -10.59  -17.64  -20.61  -22.48
   -0.97   -9.64  -19.38  -29.48  -34.32  -39.59
2080 2089
   -8.12   -7.18   -3.09    3.80    8.43   11.54
   -6.75   -6.88   -1.30    7.65   12.24   14.54
   -4.33   -4.59    2.58   12.36   16.21   17.21
    0.89    0.27    6.33   14.05   16.60   16.55
    3.05   -0.42    3.43    9.06   11.11   11.64
    1.10   -7.03   -6.60   -4.00   -2.83   -1.88
  -11.42  -14.20  -15.15  -15.67  -16.58  -19.21
2090 2099
   -8.93   -7.59   -4.37    0.60    3.11    3.54
   -4.85   -9.09   -5.93    1.30    4.60    5.45
    2.33  -11.51   -7.40    2.04    5.86    7.08
    2.60   -9.42   -6.16    1.01    4.37    7.04
    6.34   -2.90   -2.69   -0.09    2.00    5.70
   12.59    6.11    1.30   -3.32   -3.64    0.70
   -0.78   -5.34  -11.55  -18.21  -18.92  -13.59
