Mean monthly rainfall - Model Simulations
NaN indicates insufficient data is available
Refer to Accompanying Documentation
GRIDBOX LONGITUDES
           6
   11.25   13.75   16.25   18.75   21.25   23.75
GRIDBOX LATITUDES
           7
   -3.75   -6.25   -8.75  -11.25  -13.75  -16.25  -18.75
MODEL CLIMATOLOGY 1970-1999 (mm)
  139.84  214.95  227.39  211.57  202.38  210.13
  138.94  206.77  225.29  202.98  177.75  161.96
  162.48  214.60  199.42  168.29  144.92  131.51
  138.70  169.64  146.77  125.98  112.93  104.35
   91.99  102.92   99.81   92.65   87.35   80.60
   40.10   56.38   69.07   65.35   63.61   59.06
   11.68   27.15   48.75   52.66   50.54   45.48
Mean Anomalies over 10-year time slices (%)
2000 2009
   -8.98   -1.18    2.89    5.26    5.86    6.88
   -8.96   -5.67   -1.45    2.03    6.12   10.02
   -5.02   -4.53    0.36    4.95    9.54   10.97
    1.59    7.76   12.22   13.02   10.53    6.40
   15.75   34.12   35.93   24.60    5.74   -6.02
   13.75   34.92   43.84   31.76    2.10  -15.53
   -5.38    4.45   26.75   26.35    8.13  -12.94
2010 2019
   -2.88    7.67   13.14   13.08   11.40   12.13
    0.28    6.62   10.40   10.36    9.61   12.77
    0.39    5.22    7.88   10.49   11.82   14.73
    4.31   13.71   15.11   10.13    6.30    6.34
   10.86   21.61   13.39   -3.15  -15.85  -19.46
   19.24   13.05   -2.04  -13.83  -27.94  -34.91
   -0.46   -7.41  -11.70  -20.53  -34.77  -37.22
2020 2029
  -10.26   -5.46   -6.56   -8.58   -9.00   -6.97
   -7.82   -5.53   -3.33   -1.20    1.15    3.94
   -1.34   -0.25    5.36   10.57   11.38    7.89
    5.16   10.24   19.31   22.80   15.16    5.60
   16.92   31.57   34.27   23.85    5.27   -5.38
   15.33   31.84   29.83   10.13  -17.19  -28.55
   -6.08   -4.49    1.00  -10.01  -29.70  -40.64
2030 2039
    3.10    4.08    6.48    5.82    5.33    6.16
   -5.96   -2.87    1.80    3.20    4.68    7.26
   -3.72    0.39    5.55    9.62   11.43   10.81
    9.02   19.04   23.75   21.39   12.92    6.48
   10.88   36.11   34.96    9.56  -14.85  -25.94
  -24.27   -7.75   -6.59  -25.33  -40.61  -48.58
  -64.32  -60.66  -52.84  -53.28  -50.85  -51.63
2040 2049
    8.52    8.45    8.23    7.55    6.79    6.16
    9.54    7.64    7.71    9.84   11.22   15.08
   10.55    7.85    7.46    9.11   10.72   13.84
   12.10   10.77    6.66    1.09   -2.09   -0.17
    4.75   10.37    5.60   -7.81  -15.37  -11.83
  -19.67  -17.70   -8.10   -7.97  -13.93  -12.36
  -41.01  -43.05  -33.66  -13.37   -7.67   -5.86
2050 2059
   -0.81    3.48    4.18    0.42   -2.49    0.63
   -4.40    1.59    5.35    5.22    4.82    6.48
   -5.37    3.00   11.30   13.48   11.77    7.96
    0.53   11.70   19.38   15.35    7.74    1.25
   -3.34   15.21   19.09    9.09   -1.90   -7.35
  -32.92  -10.11   -1.14    0.07   -4.91  -10.90
  -64.48  -43.77  -21.94  -13.51  -10.79  -12.95
2060 2069
  -13.79   -6.28   -2.03   -0.70   -1.50   -1.66
  -13.05   -7.64   -3.55   -0.32    0.97    4.58
   -9.18   -4.36   -0.13    5.03    8.26   12.85
   -1.99    8.74   15.57   19.42   18.30   17.86
    2.71   28.91   37.28   29.52   14.78    4.87
   -3.41   25.23   33.82   17.61   -8.09  -20.35
  -15.01   -4.52    7.23   -1.78  -18.95  -26.11
2070 2079
   28.15   16.00   11.78    9.00    8.84   10.12
   30.44   16.73    9.04    7.98    9.14   11.94
   21.56   10.59    6.25   10.00   12.68   12.20
   14.27   12.50   16.64   23.22   24.42   22.17
   11.20   21.88   27.76   26.38   22.83   23.76
    4.03   13.42   19.93   21.21   19.44   23.96
  -17.41  -13.48   -4.45   12.55   21.25   23.55
2080 2089
   -4.01    4.39    8.07    7.46    3.45    5.08
   -2.40    3.05    6.04    9.06    8.50   11.43
   -0.15    3.46    6.64    9.47    9.85   11.23
   -2.96    2.94    5.77    5.07    3.09    4.31
  -15.01   -0.63   -1.64   -7.98  -12.93   -8.32
  -34.53  -29.83  -26.18  -23.82  -26.90  -23.57
  -57.83  -59.61  -51.70  -42.70  -36.41  -30.97
2090 2099
   -0.10    1.12    2.13    2.61   -0.54   -4.67
   -0.86   -1.75   -0.29    4.53    5.99    7.04
    2.29    2.87    8.05   15.05   16.87   16.96
    1.62   11.94   19.33   22.11   16.60   11.83
  -14.50    9.29   18.57   12.91    3.91    0.86
  -35.60  -13.95   -2.45   -1.93   -3.82   -3.02
  -55.43  -41.03  -17.50  -15.86  -17.92  -13.90
