Mean monthly rainfall - Model Simulations
NaN indicates insufficient data is available
Refer to Accompanying Documentation
GRIDBOX LONGITUDES
           6
   11.25   13.75   16.25   18.75   21.25   23.75
GRIDBOX LATITUDES
           7
   -3.75   -6.25   -8.75  -11.25  -13.75  -16.25  -18.75
MODEL CLIMATOLOGY 1970-1999 (mm)
  172.67  180.56  187.18  201.45  211.11  217.49
  156.96  165.99  173.91  182.23  188.95  186.24
  119.98  133.36  152.69  167.57  174.87  168.10
   85.88  122.70  151.49  159.82  158.83  154.34
   61.44  121.44  148.90  145.66  138.63  135.58
   41.89  103.97  125.97  122.20  119.36  112.60
   32.00   76.58  105.81  105.80  102.63   93.37
Mean Anomalies over 10-year time slices (%)
2000 2009
    6.29    1.75    0.90    2.71    3.22    1.34
   11.35    5.56    3.36    3.87    3.55    2.66
   18.07    9.40    3.80    0.61    0.90    2.80
   28.59   18.18    5.16   -2.70   -3.46   -1.26
   36.38   18.51    1.74   -5.38   -5.96   -5.05
   33.62    8.19   -7.02   -7.98   -4.41   -3.12
   20.30    2.05   -8.25   -5.33   -2.34   -1.49
2010 2019
    0.74   -0.92    0.63    1.61   -0.75   -5.25
    7.13    2.21    4.97    3.74    2.08   -0.32
   25.72   16.84   14.27    5.61   -1.02   -2.48
   39.69   27.75   14.76    2.13   -4.61   -6.28
   38.13   26.95   10.52   -0.90   -3.47   -4.99
   32.36   25.10   11.19    2.57    0.88   -1.30
   19.34   22.64   11.86    6.32    2.62   -1.39
2020 2029
    4.37    0.35    4.29    3.92    1.80    1.39
    1.98   -2.54    3.14    6.55    4.75    3.74
   -1.50   -3.77   -0.69    3.12    2.99    2.85
   -7.49   -6.18   -1.06    1.15    1.77    2.43
  -14.03   -7.69   -1.15    0.20    1.51    4.21
  -17.93   -3.93   -0.25    1.02    2.61    8.41
  -11.50    3.27    6.36    9.10    8.23   11.77
2030 2039
    3.53    1.25   -2.13   -5.31   -6.18   -8.59
    4.64    2.26   -2.26   -7.13   -8.07   -7.99
    9.70    3.81    0.35   -4.32   -6.69   -6.41
   17.30   10.62    4.47   -1.37   -3.95   -3.43
   18.08    8.97   -0.05   -4.67   -3.35   -0.80
   11.64    2.85   -7.86  -10.18   -4.72   -1.11
   11.33   11.43   -2.24   -6.86   -3.12   -1.49
2040 2049
    0.19   -4.74   -4.51   -4.66   -8.32  -12.98
   -1.08   -9.12   -8.97   -9.42   -9.72   -8.69
    5.20   -4.15   -4.05   -2.73   -1.89    2.42
    7.75    0.09    2.05    4.15    4.36    6.74
    3.00   -1.82   -0.25    2.33    4.25    3.70
    5.33   -0.10   -4.02   -1.83    2.93    1.90
    9.26    8.42    1.46    2.70    7.58    6.70
2050 2059
   -1.73   -2.20    2.26    8.99   10.68    5.33
   -3.24   -4.33   -1.71    1.54    3.26    3.08
    1.73   -3.99   -5.89   -4.49   -1.32    2.83
    3.63   -3.64   -4.74   -1.62    1.88    4.27
   -1.38   -3.47   -3.05    0.70    4.59    5.84
    0.11    0.47   -2.17   -2.04    1.95    7.00
   11.76    9.57    5.42    0.36    0.40    5.41
2060 2069
   -1.60   -4.42   -0.50    0.41    0.53    3.02
    4.93    5.97    6.95    3.12    2.69    7.19
   17.01   16.89   13.25    6.22    4.33    7.24
   29.99   22.56   15.20    6.86    3.47    4.00
   34.17   20.93    9.39    2.38    1.27    1.77
   31.62   16.53    0.10   -3.16    1.63    3.66
   32.90   14.59   -0.06   -0.19    5.33    5.74
2070 2079
    0.49    7.20   11.33   11.88   10.47    6.92
   11.02   13.92   10.64    5.26    2.12    0.92
   29.35   22.82   10.72    4.06   -0.12   -0.54
   40.68   27.12   13.35    7.06    4.36    3.70
   41.03   22.37   10.75    5.33    5.51    6.04
   47.91   18.77    3.55   -2.68    0.21    6.19
   48.89   23.89    1.41   -8.78   -4.44    7.62
2080 2089
   17.11    7.94    9.65    8.02    4.15    0.78
   20.21    9.71    8.11    5.29    2.62    1.79
   30.06   18.06    9.98    7.28    7.04    9.83
   43.01   31.95   15.83   12.27   13.08   13.94
   50.60   35.57   14.19   10.10   11.76   10.03
   57.10   29.28    4.19    3.03    5.97    4.75
   55.85   23.22   -1.33    3.63    7.14    4.03
2090 2099
   21.98    8.93    2.88   -0.05    0.88    0.73
   16.92    8.21    5.80    5.84    4.68    2.50
   27.42   20.27   15.35   10.67    4.74    2.65
   43.73   30.05   16.47    8.78    5.49    4.35
   48.02   26.52    9.78    4.39    7.87    7.62
   50.14   19.07    4.13    3.54   10.24   11.60
   57.92   14.36    0.29    4.63   10.94   13.34
