Mean monthly rainfall - Model Simulations
NaN indicates insufficient data is available
Refer to Accompanying Documentation
GRIDBOX LONGITUDES
           5
   -6.25   -3.75   -1.25    1.25    3.75
GRIDBOX LATITUDES
           4
   11.25    8.75    6.25    3.75
MODEL CLIMATOLOGY 1970-1999 (mm)
   47.62   48.38   45.82   42.69   40.33
   80.03   76.49   74.97   75.56   76.64
  117.71  109.25  106.43  115.33  131.65
  134.09  137.36  144.40  169.54  208.37
Mean Anomalies over 10-year time slices (mm)
2000 2009
    3.05   10.30   11.08    8.87    5.37
    2.13    7.49    7.15    5.10    3.14
    2.30    5.42    6.55    7.83    9.36
    3.10    4.69    6.96    9.70   12.62
2010 2019
   -8.66   -6.84   -7.02   -7.10   -6.78
   -4.62   -5.88   -7.38   -8.38   -8.62
   -3.64   -5.17   -7.34   -8.65   -8.77
  -12.76  -13.04  -12.93  -11.67   -8.89
2020 2029
   -5.85   -2.26    2.51    6.42    8.97
    1.78    4.00    7.62    9.83   10.39
   12.57   13.50   15.20   15.52   14.37
   11.14   11.61   10.35   11.98   17.17
2030 2039
    7.03    9.77   11.93   12.23   10.68
    9.34    9.80   11.99   12.34   10.75
    7.61    7.87   12.24   15.00   15.34
   -5.34   -2.17    2.99    8.75   15.03
2040 2049
   -6.79   -4.53   -3.44   -2.94   -2.91
  -11.89  -12.41  -13.23  -12.90  -11.25
  -14.28  -17.19  -19.05  -16.99  -11.74
  -26.94  -29.34  -33.13  -30.64  -21.47
2050 2059
   -6.92   -5.91   -4.89   -4.01   -3.14
    1.46   -1.60   -1.90   -1.62   -1.06
    7.74    3.45    1.90    1.04    0.40
  -12.08  -11.85  -11.77  -10.65   -8.17
2060 2069
   -8.81   -6.59   -6.56   -6.98   -7.40
    1.81   -1.95   -3.97   -5.95   -7.94
    1.01   -4.49   -8.30   -9.53   -8.54
  -27.57  -30.96  -36.64  -35.59  -26.87
2070 2079
   -1.70    1.86    1.67    0.42   -1.00
   11.96    8.82    5.74    4.38    4.52
   11.56    6.35    4.14    5.29    8.48
  -21.42  -23.82  -25.33  -18.69   -4.61
2080 2089
   -4.31   -1.53   -2.06   -3.21   -4.21
    5.33    1.88    0.43   -0.70   -1.89
    2.43   -2.67   -1.07    1.42    2.74
  -28.64  -30.50  -30.71  -26.43  -17.75
2090 2099
   -8.26   -6.26   -5.41   -4.46   -2.97
    4.05   -1.83   -1.54    1.91    6.91
    8.43   -0.42    0.01    8.44   21.22
  -17.48  -22.78  -23.33  -13.28    5.76
