Mean monthly rainfall - Model Simulations
NaN indicates insufficient data is available
Refer to Accompanying Documentation
GRIDBOX LONGITUDES
           5
   -6.25   -3.75   -1.25    1.25    3.75
GRIDBOX LATITUDES
           4
   11.25    8.75    6.25    3.75
MODEL CLIMATOLOGY 1970-1999 (mm)
   49.48   56.06   61.71   64.15   63.58
   89.97  104.25  103.87  107.81  104.51
  122.85  133.69  131.25  145.68  173.84
  150.53  158.07  163.70  186.01  219.89
Mean Anomalies over 10-year time slices (mm)
2000 2009
   -3.70   -1.77    0.58    0.65   -3.13
    1.12    4.75    6.06    3.01    3.82
   -4.38   -3.26   -3.90   -2.77    0.19
   -5.00   -5.86   -3.31   -0.59    4.42
2010 2019
   -1.26   -0.28    2.36    1.53    2.50
    2.55    2.11    1.17   -2.36   -1.16
   -4.79   -3.42   -5.10   -3.37    1.47
    5.08    3.95    1.98   -0.34    5.66
2020 2029
   -1.94   -0.45   -1.17   -1.37   -0.35
   -1.30    1.36    0.78   -1.89   -3.34
   -6.45    1.98    1.97   -0.96   -2.11
   17.78   19.92   15.16   11.21    5.89
2030 2039
    0.93   -1.31    1.05    3.32    3.14
    5.17    4.71    4.21    2.38    3.06
    2.79    3.73    0.50    2.00   13.47
    6.39    5.99    4.55    3.17   11.45
2040 2049
   -1.23   -2.45   -1.37    0.91   -0.63
    8.33    5.01    3.65    1.48    1.36
    1.07    7.78    5.37   -0.08    2.80
    8.54   11.29    6.60    9.03   11.40
2050 2059
    3.46    4.85    5.09    7.49    9.71
   13.39   11.44    7.50    7.54   11.04
    9.32   12.22    7.06    6.77   10.90
   19.41   19.63   17.26   14.46   15.74
2060 2069
   -2.56   -1.68    2.72    6.64    8.73
    5.83    5.96    9.66   11.79   14.75
    3.02   12.68   14.85   18.83   24.09
   14.02   18.56   18.86   20.49   14.86
2070 2079
    0.93    1.86    5.47    8.34   12.60
    6.69    8.40   14.18   13.82   21.52
    4.57   16.84   16.41   21.90   25.27
   23.38   28.25   27.74   28.48   19.26
2080 2089
   -0.39    0.65    3.42    7.92    9.12
    9.45    8.55   10.28   12.89   21.35
    8.54   13.99   11.12   18.80   32.84
   12.43   12.62    7.97   12.64   26.05
2090 2099
   12.93   14.94   13.22   13.24   13.50
   12.03   11.37   11.78   12.91   16.48
   10.08   10.05    7.65   16.04   33.45
   15.56   17.15   11.06   12.57   22.29
