Mean monthly rainfall - Model Simulations
NaN indicates insufficient data is available
Refer to Accompanying Documentation
GRIDBOX LONGITUDES
           5
   -6.25   -3.75   -1.25    1.25    3.75
GRIDBOX LATITUDES
           4
   11.25    8.75    6.25    3.75
MODEL CLIMATOLOGY 1970-1999 (mm)
  184.05  185.02  180.43  172.61  167.25
  248.55  237.06  230.70  219.86  215.97
  233.95  219.58  208.39  204.75  207.63
  188.90  173.23  160.34  160.82  164.08
Mean Anomalies over 10-year time slices (mm)
2000 2009
   -4.10   -6.94  -11.43  -11.80  -14.64
  -15.83  -11.27   -8.55   -4.14   -4.36
    0.98    2.03    8.79   13.18   10.76
   38.37   41.72   42.22   38.80   26.98
2010 2019
  -10.27  -15.59  -14.93  -17.76  -17.18
  -19.35  -19.20  -18.23  -18.92  -17.47
   11.05    6.32    4.48    1.44    3.08
   31.80   24.29   18.63   13.94   15.84
2020 2029
   14.23   13.80   14.51   15.31   14.18
   18.89   20.02   14.41    6.73    2.32
   32.85   19.08    8.68   -0.10   -9.00
   17.65   12.79    9.50    3.72   -6.49
2030 2039
   -4.00   -0.43    5.74    6.75    1.37
  -15.86  -14.80  -10.22   -9.20  -11.43
  -15.22  -22.77  -19.65  -15.08  -11.69
    4.89    3.00    3.06    4.46    4.70
2040 2049
  -19.70  -26.10  -23.71  -23.80  -23.69
   -7.65  -15.17  -24.55  -31.93  -34.27
   19.56    3.43  -12.50  -19.09  -19.36
    8.83    2.60   -3.33   -2.15   -2.20
2050 2059
   -3.80  -22.66  -30.22  -35.94  -38.28
  -11.14  -27.09  -37.26  -44.67  -47.30
   -0.33  -17.64  -29.21  -34.46  -33.06
   15.51    7.19   -5.97  -13.43  -10.14
2060 2069
    1.79  -13.67  -27.88  -39.18  -42.72
  -12.27  -20.26  -26.62  -35.05  -44.90
   22.58    6.05   -5.43  -13.67  -16.05
   51.27   33.12   16.54    5.81    0.57
2070 2079
   11.87    8.61    1.11   -2.36   -6.42
    0.72    6.91   -1.31  -12.26  -17.09
   -0.70   -9.26  -18.45  -26.24  -25.07
   -2.52  -17.25  -25.19  -27.16  -22.10
2080 2089
  -14.85  -21.77  -23.04  -27.23  -34.64
   -9.51  -22.64  -28.94  -33.87  -43.35
   18.20    1.33   -9.57  -16.61  -23.83
   32.58   20.44   12.09    4.35   -2.11
2090 2099
    5.85  -24.74  -33.26  -32.58  -32.60
   20.55   -6.15  -20.16  -26.72  -29.47
   28.36    3.63   -5.80  -12.41  -18.61
    8.58   -1.35   -3.59   -7.95  -14.50
