Mean monthly rainfall - Model Simulations
NaN indicates insufficient data is available
Refer to Accompanying Documentation
GRIDBOX LONGITUDES
           5
   -6.25   -3.75   -1.25    1.25    3.75
GRIDBOX LATITUDES
           4
   11.25    8.75    6.25    3.75
MODEL CLIMATOLOGY 1970-1999 (mm)
    3.28    4.09    4.30    4.66    4.99
   14.30   15.24   15.23   18.02   21.27
   31.10   31.07   30.98   36.11   42.80
   45.02   44.55   45.91   50.12   56.32
Mean Anomalies over 10-year time slices (mm)
2000 2009
    0.13    0.63    0.95    1.20    1.31
   -0.51    0.51    1.16    1.80    2.28
   -2.77   -1.14   -0.28    1.15    2.87
   -5.30   -2.78   -1.28    1.69    5.75
2010 2019
   -0.56   -0.40   -0.20   -0.15   -0.30
    0.53    1.32    1.60    1.77    1.61
    2.68    2.74    2.30    3.57    5.27
    1.77    0.10   -0.92    3.01    8.64
2020 2029
    0.54    0.21   -0.04    0.07    0.25
   -0.41   -0.76   -0.97   -1.22   -1.43
   -0.52   -0.28   -0.20   -1.23   -2.09
    2.22    2.66    1.62    0.07   -1.04
2030 2039
    1.38    0.73    0.59    0.73    0.43
    2.90    2.08    2.05    2.49    2.01
    0.86    0.84    1.28    2.10    1.94
   -4.54   -2.74   -1.82   -1.93   -2.61
2040 2049
    1.42    0.58    0.41    0.82    1.03
    2.33    1.72    1.07    1.02    1.11
    1.12    0.70    0.86    1.72    2.60
    1.26   -1.58   -0.43    2.77    4.24
2050 2059
   -0.26   -0.81   -0.94   -0.29    0.33
    1.04    0.80    0.69    2.07    3.30
    2.32    2.84    2.99    4.64    6.83
    3.34    3.03    3.36    4.83    6.93
2060 2069
   -1.28   -0.94   -0.81   -0.41   -0.02
   -1.70   -0.31   -0.19    0.19    1.49
   -1.19    0.71    0.68    0.81    3.05
   -0.25    1.48    2.37    2.91    4.12
2070 2079
    2.30    3.20    3.11    3.20    2.98
    2.26    5.71    6.45    6.66    6.84
    2.46    8.41   11.25   12.14   13.44
    9.70   15.77   21.44   24.82   26.60
2080 2089
   -0.17    0.12    0.42    0.77    1.09
   -1.33    0.47    1.88    3.53    4.67
   -2.77    1.40    5.07    8.68   10.64
    0.29    6.53   13.76   18.57   18.73
2090 2099
   -0.04    0.05    0.79    1.81    2.37
    0.11    1.75    3.62    5.21    5.82
   -0.39    1.95    5.19    7.08    6.84
   -0.37   -0.37    2.88    5.90    5.74
