Mean monthly rainfall - Model Simulations
NaN indicates insufficient data is available
Refer to Accompanying Documentation
GRIDBOX LONGITUDES
           5
   -6.25   -3.75   -1.25    1.25    3.75
GRIDBOX LATITUDES
           4
   11.25    8.75    6.25    3.75
MODEL CLIMATOLOGY 1970-1999 (mm)
  150.44  142.16  133.27  125.47  121.54
  194.51  181.48  171.96  161.67  161.14
  183.34  164.57  150.50  149.69  156.90
  129.66  118.76  110.32  116.13  121.55
Mean Anomalies over 10-year time slices (mm)
2000 2009
    4.89    4.32    1.28   -1.29   -3.40
    0.40    2.71    3.66    3.19    1.17
    7.21    6.60    8.95   11.79   10.76
   16.34   15.38   15.03   16.99   15.79
2010 2019
   -4.25   -8.21   -7.62   -5.86   -5.19
   -2.12   -4.95   -6.15   -3.93   -3.34
   11.20    6.81    4.34    2.45    0.11
   15.37   12.08   10.63    8.59    5.81
2020 2029
    1.34    2.41    2.49    2.58    1.16
    7.61    8.93    6.43    3.89    0.91
   13.71   11.08    8.32    7.08    2.76
    6.60    5.14    5.06    6.15    2.16
2030 2039
   -6.72   -3.59    0.52   -0.33   -4.07
   -7.24   -6.25   -3.55   -4.00   -7.47
    0.41   -2.63   -4.38   -3.56   -3.93
    4.59    3.06    2.53    5.69    5.14
2040 2049
  -12.35  -18.73  -21.37  -20.66  -19.27
    2.74   -2.42   -9.37  -13.66  -14.97
   12.09    6.23   -0.18   -0.81    0.79
   -3.76   -4.59   -3.78    2.85   11.63
2050 2059
   -6.91  -16.13  -19.51  -20.20  -21.56
    2.98   -7.25  -12.76  -13.88  -15.65
    6.94    0.73   -3.23   -2.66   -1.76
    1.36   -0.94   -1.60    2.41    8.23
2060 2069
   -8.40  -14.28  -17.67  -20.67  -22.55
    1.20   -2.97   -9.42  -12.78  -17.81
   14.77    9.58    4.08    0.75   -1.77
   13.77    8.85    5.73    5.13    6.15
2070 2079
  -12.07  -14.32  -15.46  -17.24  -19.53
   -4.29   -6.22   -9.17  -13.22  -16.22
    3.22   -0.97   -4.61   -5.77   -5.50
   -1.38   -5.03   -5.22   -3.11    0.82
2080 2089
  -17.08  -21.08  -21.34  -21.46  -22.73
   -2.60   -9.67  -14.73  -17.03  -22.65
   12.88    5.69    0.98   -0.73   -4.01
    6.29    4.38    3.96    4.89    7.88
2090 2099
  -17.67  -28.03  -30.36  -29.23  -28.43
   -8.43  -20.66  -26.90  -26.18  -26.81
   -5.35  -13.32  -15.32  -13.91  -13.46
  -17.87  -17.77  -13.79   -9.55   -3.42
