Mean monthly rainfall - Model Simulations
NaN indicates insufficient data is available
Refer to Accompanying Documentation
GRIDBOX LONGITUDES
           5
   -6.25   -3.75   -1.25    1.25    3.75
GRIDBOX LATITUDES
           4
   11.25    8.75    6.25    3.75
MODEL CLIMATOLOGY 1970-1999 (mm)
   96.91  100.10  102.03  108.41  104.09
  127.76  122.97  117.87  115.49  143.09
  121.97   99.92  102.70  118.86  169.70
   91.21   99.18  123.42  150.85  195.99
Mean Anomalies over 10-year time slices (mm)
2000 2009
   -1.60   -6.93  -10.41   -9.04   -6.72
    3.00    0.26   -2.98   -0.97   -0.19
    0.92    2.10    2.59    6.30    8.16
   -8.63   -7.82   -5.71   -0.08    2.98
2010 2019
    4.04    1.59    0.14   -1.40    2.23
    1.21    0.46    1.06    3.21    6.12
   -4.40   -3.91   -3.70    0.82    5.98
  -12.64  -13.92   -9.73   -3.33   -0.65
2020 2029
   -7.96  -14.08  -12.93   -5.64   -3.39
   -1.02   -3.18   -7.70   -5.09   -3.65
   -0.35   -2.19   -1.76   -0.20    0.82
   -7.73   -9.93   -9.81   -9.01   -9.07
2030 2039
   -5.81   -8.41   -7.93   -7.16   -4.53
    1.17    3.42    3.16    2.92   -0.07
    7.81    7.00    4.57    3.55    4.54
    1.81   -1.58   -2.88   -0.41    5.41
2040 2049
   -5.96   -9.68   -6.53   -5.06   -4.67
    2.21    0.96    0.19   -0.56    0.16
    2.37    2.33    0.61    3.64    8.89
  -10.31  -10.88   -8.95   -3.50    5.05
2050 2059
   -5.02   -9.50   -7.29   -7.91   -6.61
    0.16    0.37   -1.13    0.36    1.03
   -3.36   -2.69   -4.01   -0.43    5.69
  -10.94  -11.50  -11.25   -7.93   -1.61
2060 2069
  -12.79  -17.56  -18.41  -16.58  -13.02
   -4.95   -2.67   -4.54   -6.13   -6.97
   -8.19  -10.63  -12.94  -11.99   -6.25
  -19.81  -19.73  -20.36  -17.73  -12.06
2070 2079
   -5.88   -7.57   -9.55  -11.70   -9.16
    0.75    0.74   -3.96   -6.83   -5.08
   -8.86   -7.79   -6.94   -4.91    0.64
  -15.17  -14.56  -12.02  -11.49   -6.56
2080 2089
   -8.69  -14.36  -17.20  -15.52  -14.29
   -5.36   -5.68   -7.80   -7.57  -10.76
   -7.34   -8.99   -9.94   -6.22   -3.26
  -18.91  -20.36  -19.01  -14.67   -6.73
2090 2099
  -13.96  -16.61  -14.95  -12.51  -12.55
   -5.60   -6.29   -6.68   -8.16  -11.15
   -5.53   -6.90   -9.05   -7.13    0.32
  -14.06  -15.79  -18.46  -16.07   -5.67
