Mean monthly rainfall - Model Simulations
NaN indicates insufficient data is available
Refer to Accompanying Documentation
GRIDBOX LONGITUDES
           4
  -18.75  -16.25  -13.75  -11.25
GRIDBOX LATITUDES
           3
   16.25   13.75   11.25
MODEL CLIMATOLOGY 1970-1999 (mm)
   22.41   37.15   54.31   70.36
   58.80   85.98  112.04  132.75
  185.07  237.36  253.25  230.28
Mean Anomalies over 10-year time slices (%)
2000 2009
   -9.83   -7.88   -5.98   -4.78
   -6.10   -6.63   -5.33   -3.33
    0.96    1.95    3.04    4.59
2010 2019
  -11.21  -12.55   -6.49    1.36
    6.60    6.14    4.94    3.91
   10.33   12.15   11.29    8.47
2020 2029
  -14.73  -22.16  -21.40  -16.93
  -13.18  -13.20  -10.32   -5.57
   -3.99   -0.28    2.52    5.38
2030 2039
  -41.57  -49.18  -43.60  -33.82
  -12.99  -19.21  -19.14  -15.96
    8.46   10.00    8.40    3.52
2040 2049
  -49.82  -57.70  -50.51  -38.50
  -43.21  -40.87  -32.01  -20.61
  -14.13   -7.81   -4.76   -3.81
2050 2059
  -33.55  -38.39  -33.25  -24.70
  -16.10  -19.37  -15.67   -8.51
    3.95    4.65    4.97    5.02
2060 2069
  -34.50  -42.40  -38.51  -30.15
  -16.43  -19.45  -16.26   -9.70
   20.04   19.24   16.36   11.05
2070 2079
  -27.54  -26.20  -22.46  -18.08
   11.10   -0.27   -2.59   -0.65
   26.27   19.27   15.65   13.60
2080 2089
  -33.69  -37.07  -31.44  -22.97
  -15.59  -20.11  -16.53   -9.29
    3.98    2.11    2.53    4.51
2090 2099
  -36.25  -44.24  -43.40  -39.14
   -6.82  -17.36  -19.39  -16.88
   17.23   14.62   11.83    8.08
