Mean monthly rainfall - Model Simulations
NaN indicates insufficient data is available
Refer to Accompanying Documentation
GRIDBOX LONGITUDES
           4
  -18.75  -16.25  -13.75  -11.25
GRIDBOX LATITUDES
           3
   16.25   13.75   11.25
MODEL CLIMATOLOGY 1970-1999 (mm)
    0.88    0.27    0.23    0.19
    1.14    1.91    2.91    1.73
    4.47   13.61   27.31   14.90
Mean Anomalies over 10-year time slices (%)
2000 2009
   -3.60   18.56   37.40   58.26
   -1.78  -19.55  -40.97   49.79
    3.20   12.25    2.77   -3.24
2010 2019
   73.69  139.70  350.84   84.53
   86.72   84.55   94.58   79.75
   41.24   25.24   30.60   41.94
2020 2029
   -8.42   35.93  251.23  192.93
   26.87   88.11   62.78   31.50
    9.73   14.41    5.53    4.99
2030 2039
  -37.35  -66.87  -79.69  -38.86
   -3.82  140.45   74.16   13.70
   -2.57    9.00   -0.40    7.39
2040 2049
   26.00   74.10   36.41  113.91
   27.33   32.48   53.59   58.50
   12.00   10.89    4.00   13.95
2050 2059
   30.50  -40.13  110.85  356.12
   52.36    8.42  105.34  146.78
   -3.36    0.35    3.67   36.17
2060 2069
   -4.64  128.26  162.78  116.07
   46.45  204.40  149.73  148.97
   26.07   31.89   16.26   54.80
2070 2079
  -11.43   -8.55   12.38   -8.01
   36.96  141.18   98.61   18.41
   49.48   56.37   38.89   49.41
2080 2089
   14.43  -23.09   13.44  158.89
   59.40   49.54   44.26   77.39
   48.61   49.09   40.52   33.44
2090 2099
   -3.68  -34.91   42.72  212.37
   82.08  133.82  122.05  116.81
   92.73  116.74   75.42   63.64
