Mean monthly rainfall - Model Simulations
NaN indicates insufficient data is available
Refer to Accompanying Documentation
GRIDBOX LONGITUDES
           4
  -18.75  -16.25  -13.75  -11.25
GRIDBOX LATITUDES
           3
   16.25   13.75   11.25
MODEL CLIMATOLOGY 1970-1999 (mm)
    1.90    0.79    0.82    0.73
    2.19    0.78    0.54    0.79
    2.28    1.14    1.25    4.15
Mean Anomalies over 10-year time slices (%)
2000 2009
   -1.01  -10.92  -15.96  -17.86
   -1.76   -3.42  -32.51  -32.03
  -12.60  -14.09  -19.99  -29.96
2010 2019
   -7.74  -18.29   -5.62    1.83
   -2.08   -5.33   -4.89  -34.86
   12.60   -3.75  -14.40  -48.33
2020 2029
  -25.86  -35.99  -42.83  -44.53
  -21.82  -29.11  -47.89  -64.19
  -25.27  -28.70  -17.12  -20.44
2030 2039
  -26.86  -29.61  -29.36  -16.04
  -16.34  -18.10  -16.66  -26.09
  -10.18  -10.29  -16.73  -19.78
2040 2049
   -2.35  -26.77  -33.48  -27.74
   -8.31  -19.44  -32.41  -34.91
  -19.38  -25.80  -23.19  -26.23
2050 2059
    2.79  -16.82  -28.00  -30.87
    2.81  -17.13  -38.56  -38.16
   -8.05  -18.51  -15.39  -33.80
2060 2069
   -5.85  -26.14  -42.21  -39.17
    8.06    8.33  -34.04  -35.25
   -2.31   -7.91  -39.44  -34.93
2070 2079
    0.31  -29.35  -49.18  -54.22
    7.23  -13.19  -46.23  -51.14
    3.93   -5.66  -38.37  -59.11
2080 2089
    4.31  -13.49  -15.65  -26.17
    3.68    9.09   -9.05  -34.98
    7.43   11.20  -16.51  -39.01
2090 2099
   -4.06  -37.03  -57.60  -43.58
   10.78   -2.82  -42.58  -51.19
    3.70   -4.62  -43.10  -50.44
