Mean monthly rainfall - Model Simulations
NaN indicates insufficient data is available
Refer to Accompanying Documentation
GRIDBOX LONGITUDES
           4
  -18.75  -16.25  -13.75  -11.25
GRIDBOX LATITUDES
           3
   16.25   13.75   11.25
MODEL CLIMATOLOGY 1970-1999 (mm)
   12.33    4.42    0.59    1.22
   15.38    6.86    4.18    7.99
   19.69   16.47   22.15   34.41
Mean Anomalies over 10-year time slices (%)
2000 2009
    1.78    1.34   -3.81   -2.17
    4.03    2.82   -6.11   -7.22
   -1.86   -5.58   -8.89   -8.65
2010 2019
   -1.19   -1.35  -11.21  -14.02
    1.41   -2.32  -11.12   -7.17
   -8.42  -13.06  -11.85   -8.01
2020 2029
    2.33   -0.62  -53.50  -39.88
    0.69   -9.79  -36.44  -27.10
  -12.57  -23.72  -24.79  -18.24
2030 2039
    4.03    2.16  -30.82  -25.43
   -0.03   -2.29  -15.08  -16.82
   -9.82  -14.55  -16.46  -15.36
2040 2049
    1.95   -1.13  -44.20  -33.63
    2.63   -5.83  -28.47  -22.40
  -12.19  -22.12  -22.53  -17.26
2050 2059
   15.84   13.40  -63.03  -54.08
    9.43   -3.91  -43.07  -33.06
  -10.32  -27.11  -30.29  -22.71
2060 2069
    7.21    4.18  -40.02  -30.27
    9.54   -3.25  -37.04  -26.25
  -11.13  -27.26  -28.73  -20.07
2070 2079
   14.36   12.62  -61.06  -48.52
    8.60   -3.60  -41.75  -32.82
  -11.73  -28.63  -32.23  -24.94
2080 2089
   17.24   15.96  -55.81  -52.58
   10.21   -4.40  -48.56  -37.65
  -16.49  -33.84  -35.78  -26.64
2090 2099
   28.48   26.88  -65.09  -57.24
   16.12    2.80  -45.10  -38.23
  -13.28  -30.29  -34.63  -27.75
