Mean monthly rainfall - Model Simulations
NaN indicates insufficient data is available
Refer to Accompanying Documentation
GRIDBOX LONGITUDES
           4
  -18.75  -16.25  -13.75  -11.25
GRIDBOX LATITUDES
           5
   18.75   16.25   13.75   11.25    8.75
MODEL CLIMATOLOGY 1970-1999 (mm)
    1.56    4.01    8.48   11.82
    5.25   10.04   19.91   26.07
   15.52   25.49   46.13   63.39
   46.77   78.19  110.79  139.57
  131.47  179.55  235.82  241.32
Mean Anomalies over 10-year time slices (%)
2000 2009
  -41.37  -34.68  -37.60  -30.27
  -51.79  -51.90  -60.52  -42.88
  -66.44  -67.27  -55.02  -25.41
  -49.68  -46.00  -32.66   -9.90
  -16.18  -12.63   -9.59   -1.62
2010 2019
  -51.40  -38.82   -8.35   -5.68
  -30.66  -18.05   -6.62   -2.61
  -23.35   -9.97    3.28    7.39
  -25.52  -17.67   -4.49    5.15
  -14.16  -11.21   -7.23   -2.57
2020 2029
  -29.39   -2.92    0.71    3.21
    5.90   11.10   -7.84    0.89
   -5.14   -0.82    5.58   10.24
    1.19    5.95   13.79    9.65
   18.18   17.95   12.62    7.76
2030 2039
  220.35  120.57   28.20  -23.71
  105.53   48.18   -0.62  -17.40
    5.72   -7.62   -4.52    3.85
  -12.20   -8.80    1.12    9.12
   -2.40   -1.27   -0.95    3.06
2040 2049
  122.25   71.38   36.96    2.11
   46.23   29.81   10.81   14.81
   16.65   25.78   24.58   24.12
    6.36   10.29   15.70   17.25
   14.25    9.91    8.73    8.58
2050 2059
  -13.38  -53.82  -52.80  -53.44
  -41.79  -56.45  -45.28  -33.34
  -27.25  -29.92  -21.08  -13.94
  -19.53  -14.82   -5.29   -4.26
   -6.00   -3.36    1.13    7.97
2060 2069
   -3.25  -56.83  -80.70  -78.52
  -50.14  -52.89  -67.72  -63.89
  -60.93  -60.60  -48.93  -35.07
  -37.48  -36.10  -24.05  -12.37
   -6.43   -6.44   -4.36   -2.97
2070 2079
   52.50   40.21   26.86    0.93
   77.92   46.49   25.66    7.63
   57.60   51.47   31.65   14.40
   11.76   12.02   16.21   14.41
   -1.40   -1.65    4.12    9.34
2080 2089
   -5.95    1.94  -14.50  -32.32
   16.60   23.62   -1.11  -15.31
   21.18   15.70    4.38   -8.29
    7.38    4.26    4.56   -3.07
    5.85    3.89   -2.18   -3.37
2090 2099
  159.96  106.44   55.83   17.55
   87.59   78.18   41.18   10.43
   43.04   63.42   48.03   11.36
   19.84   18.81   22.69    8.65
   18.64   15.10   15.32   16.86
