Mean monthly rainfall - Model Simulations
NaN indicates insufficient data is available
Refer to Accompanying Documentation
GRIDBOX LONGITUDES
           4
  -18.75  -16.25  -13.75  -11.25
GRIDBOX LATITUDES
           5
   18.75   16.25   13.75   11.25    8.75
MODEL CLIMATOLOGY 1970-1999 (mm)
   10.00    9.21   14.58   17.34
   19.14   24.67   48.89   68.82
   71.78   99.84  150.73  179.95
  199.43  259.41  279.45  281.38
  309.53  362.17  318.79  300.75
Mean Anomalies over 10-year time slices (%)
2000 2009
    7.44  -12.20   -5.38   -1.05
    9.22    0.51    2.41   -6.11
    4.29    1.80   -4.59   -9.87
    2.59    2.39   -0.46   -3.14
    3.39    2.64    0.34   -1.35
2010 2019
    3.42    1.78   20.12   31.99
   11.79    0.79   -5.75    0.07
   -7.96  -12.71  -12.26   -7.59
   -4.52   -7.87   -5.78   -2.11
    2.31   -1.65    0.81    2.90
2020 2029
   -7.50   -0.74    2.12   16.67
   15.00    4.03   -0.09    5.65
    8.16    0.27   -6.19   -6.79
    5.20    1.44   -1.23   -2.30
    7.60    5.97    6.38    4.54
2030 2039
  -20.23  -29.62   -3.64    2.91
    2.75   -0.17    7.75    4.81
    6.16   -1.75   -7.22   -7.22
    8.65    3.56    0.98    0.40
   12.14    7.93   12.97   15.42
2040 2049
   -8.27  -21.50  -11.33    0.46
   -2.85   -2.99   -4.40   -3.39
    0.48   -0.52   -5.61   -6.55
   12.33    8.07    2.30   -1.50
   18.98   17.68   15.99    8.98
2050 2059
  -23.15   -9.73    3.75    0.64
   -6.67   -7.73  -10.51  -13.58
    2.97   -5.57  -13.63  -14.27
    5.22    0.54   -2.54   -2.73
   13.24   12.66   12.52   10.04
2060 2069
  -28.47  -51.79  -31.91  -14.21
  -47.39  -46.96  -31.85  -22.09
  -35.64  -32.02  -23.76  -21.16
   -8.06  -12.42   -8.61   -9.09
   10.20    5.05    7.76    6.18
2070 2079
  -20.92  -31.75  -12.77   -7.74
  -22.10  -24.39  -23.75  -21.14
  -16.57  -19.35  -20.57  -20.96
    1.65   -2.11   -2.06   -7.28
   22.74   20.42   18.22    9.75
2080 2089
  -23.61  -48.79  -55.38  -53.57
  -31.17  -46.98  -49.82  -47.94
  -28.22  -30.07  -26.19  -25.16
   -1.29   -4.31   -1.81   -6.31
   20.63   16.10   18.77   13.13
2090 2099
   11.45   30.87   12.46    8.39
   25.11   26.33    3.53   -1.31
   22.75   12.26   -1.96   -6.68
   23.64   15.46    6.84    2.15
   26.13   23.49   21.97   19.81
