Mean monthly rainfall - Model Simulations
NaN indicates insufficient data is available
Refer to Accompanying Documentation
GRIDBOX LONGITUDES
           7
  -11.25   -8.75   -6.25   -3.75   -1.25    1.25    3.75
GRIDBOX LATITUDES
           7
   26.25   23.75   21.25   18.75   16.25   13.75   11.25
MODEL CLIMATOLOGY 1970-1999 (mm)
    2.25    1.83    1.01    0.50    0.34    0.31    0.35
    1.77    1.66    1.01    0.48    0.26    0.23    0.27
    1.65    1.34    0.74    0.40    0.39    0.44    0.39
    1.44    0.99    0.77    0.69    0.57    0.43    0.35
    1.23    0.92    0.97    0.74    0.47    0.33    0.26
    4.05    3.20    2.69    1.86    1.31    1.06    0.72
   26.60   23.63   16.34   11.29    9.50    9.04    7.55
Mean Anomalies over 10-year time slices (mm)
2000 2009
   -1.31   -0.94   -0.51   -0.24   -0.11   -0.03    0.03
   -1.21   -1.13   -0.66   -0.20    0.01    0.07    0.23
   -0.62   -0.63   -0.06    0.08    0.20    0.26    0.34
    0.47    0.25    0.20    0.19    0.35    0.39    0.26
    1.53    1.16    0.62    0.44    0.49    0.48    0.33
    2.32    2.05    1.66    1.41    1.22    0.80    0.41
    2.21    1.21    3.01    3.43    2.52    1.46    1.41
2010 2019
   -0.76   -0.89   -0.43   -0.13   -0.08   -0.05   -0.01
   -0.86   -1.04   -0.69   -0.33   -0.12    0.02    0.11
   -0.92   -0.70   -0.35   -0.13   -0.12   -0.18   -0.10
   -0.63   -0.12   -0.06    0.05    0.18    0.21    0.23
   -0.24    0.37    0.11    0.22    0.56    0.60    0.45
    2.13    2.08    0.93    0.55    0.47    0.19    0.01
    0.13    0.13   -0.76   -1.95   -1.92   -2.08   -2.37
2020 2029
   -1.28   -0.54    0.55    0.64    0.41    0.39    0.83
   -0.59   -0.10    0.30    0.39    0.33    0.51    1.05
    0.23    0.15    0.31    0.28    0.13    0.34    0.70
    0.22    0.40    0.17   -0.14   -0.01    0.28    0.26
   -0.20    0.12   -0.33   -0.14    0.15    0.15    0.05
    1.43    1.63    0.23   -0.24   -0.32   -0.43   -0.32
    1.52    1.30    0.38   -0.82   -1.76   -1.81   -1.22
2030 2039
   -1.37   -1.17   -0.44   -0.12   -0.14   -0.16   -0.21
   -0.73   -0.50   -0.21   -0.16   -0.12   -0.11   -0.17
    0.23    0.32    0.12   -0.06   -0.18   -0.28   -0.30
    0.12    0.08   -0.19   -0.20   -0.21   -0.24   -0.23
   -0.16   -0.30   -0.56   -0.29    0.01   -0.01   -0.12
   -0.39   -0.13   -0.15   -0.06    0.10    0.08   -0.00
   -1.38   -1.32    0.01    0.07   -0.52   -0.95   -0.72
2040 2049
   -0.38    0.00    0.14    0.13    0.18    0.11   -0.12
   -0.67    0.10    0.09    0.15    0.13   -0.03   -0.18
   -0.81   -0.14    0.04    0.02   -0.18   -0.37   -0.33
   -0.81   -0.11   -0.04   -0.27   -0.39   -0.34   -0.23
   -0.57   -0.05   -0.21   -0.34   -0.18   -0.07   -0.07
    0.62    0.37   -0.22    0.06    0.11   -0.11   -0.03
    0.19    0.44    0.79    0.17   -0.90   -1.07   -0.11
2050 2059
   -1.21   -1.19   -0.65   -0.22   -0.12   -0.14   -0.15
   -0.46   -0.83   -0.51   -0.17    0.00    0.01   -0.08
   -0.00    0.13    0.31    0.29    0.26    0.21    0.15
   -0.23    0.36    0.26    0.32    0.20    0.17    0.49
   -0.33    0.31    0.29    0.17    0.15    0.20    0.47
    1.41    1.20    0.53    0.19   -0.03    0.09    0.52
    1.02    0.25   -0.41   -0.18   -0.69   -1.02   -0.58
2060 2069
   -1.01   -0.39    0.21    0.27    0.26    0.40    0.61
   -0.82   -0.13    0.08    0.12    0.10    0.17    0.28
   -0.86   -0.17   -0.02   -0.01   -0.04   -0.03    0.14
   -0.46    0.14    0.00   -0.16   -0.01    0.21    0.46
   -0.08    0.29    0.07    0.29    0.48    0.51    0.55
    1.25    1.12    0.93    1.74    1.72    1.12    1.04
   -1.44   -1.48    0.12    1.25    0.90    0.23    0.66
2070 2079
    1.12    2.42    2.22    1.95    1.57    1.08    0.61
    0.36    1.65    1.53    1.30    1.07    0.92    0.67
    0.11    1.11    0.64    0.31    0.29    0.19    0.01
   -0.30    0.00   -0.16   -0.31   -0.19   -0.10   -0.14
   -0.60   -0.36   -0.38   -0.04    0.11    0.06    0.01
    1.01    0.61    0.41    0.82    1.00    0.71    0.39
   -0.41   -0.06    1.05    0.62    0.30    0.64    0.80
2080 2089
   -1.60   -1.06   -0.05    0.40    0.40    0.45    0.69
   -1.18   -0.86   -0.23    0.07    0.09    0.34    0.54
   -0.67   -0.71   -0.28   -0.09   -0.19   -0.16   -0.04
   -0.57   -0.37   -0.23   -0.33   -0.36   -0.26   -0.19
   -0.18   -0.14   -0.30   -0.26   -0.13   -0.00    0.05
    4.70    3.24    1.71    0.87    0.73    1.02    1.07
    4.77    3.31    4.02    3.25    2.30    2.77    3.39
2090 2099
   -0.40    0.22    0.77    0.39    0.05    0.09    0.29
   -0.71   -0.54   -0.16    0.02    0.09    0.14    0.13
   -0.91   -0.33   -0.07    0.02   -0.08   -0.17   -0.17
   -0.64   -0.42   -0.47   -0.43   -0.30   -0.20   -0.18
   -0.13   -0.33   -0.72   -0.56   -0.23   -0.11   -0.09
    2.52    2.02    1.37    1.05    1.08    1.08    1.00
   -0.95   -0.82    1.63    2.64    3.10    4.11    5.09
