Mean temperature - Model Simulations
NaN indicates insufficient data is available
Refer to Accompanying Documentation
GRIDBOX LONGITUDES
           7
  -11.25   -8.75   -6.25   -3.75   -1.25    1.25    3.75
GRIDBOX LATITUDES
           7
   26.25   23.75   21.25   18.75   16.25   13.75   11.25
MODEL CLIMATOLOGY 1970-1999
  300.09  300.73  301.35  300.80  299.07  298.06  297.76
  302.32  302.34  302.00  300.80  298.74  297.55  297.25
  304.07  304.18  303.60  302.51  300.92  299.80  299.17
  304.94  305.18  304.41  303.61  302.78  302.03  301.37
  304.81  305.12  304.20  303.76  303.80  303.63  303.25
  302.97  303.08  302.61  302.39  302.43  302.34  302.13
  300.60  300.43  300.39  300.34  300.28  300.19  300.09
Mean Anomalies over 10-year time slices
2000 2009
    0.67    0.87    1.14    1.36    1.52    1.60    1.58
    0.77    0.93    1.18    1.41    1.61    1.69    1.65
    0.80    0.95    1.22    1.45    1.66    1.73    1.66
    0.83    0.97    1.22    1.43    1.59    1.65    1.59
    0.84    0.98    1.18    1.32    1.41    1.45    1.45
    0.86    0.93    0.98    1.04    1.11    1.15    1.15
    0.82    0.83    0.77    0.77    0.84    0.86    0.85
2010 2019
    1.02    1.22    1.35    1.53    1.76    1.87    1.85
    1.13    1.30    1.40    1.59    1.86    1.99    1.98
    1.11    1.25    1.38    1.56    1.79    1.94    2.00
    1.08    1.19    1.36    1.52    1.69    1.82    1.92
    1.04    1.11    1.30    1.45    1.54    1.63    1.70
    0.91    0.95    0.98    1.03    1.10    1.15    1.19
    0.78    0.80    0.72    0.70    0.75    0.77    0.76
2020 2029
    1.31    1.50    1.54    1.63    1.78    1.85    1.83
    1.42    1.61    1.75    1.87    1.95    1.96    1.89
    1.37    1.52    1.73    1.90    2.05    2.10    2.06
    1.28    1.39    1.64    1.84    2.01    2.09    2.11
    1.15    1.23    1.48    1.67    1.78    1.89    1.99
    0.91    0.96    1.07    1.15    1.22    1.28    1.35
    0.75    0.77    0.75    0.76    0.79    0.81    0.82
2030 2039
    1.77    1.93    1.91    1.93    1.99    2.05    2.13
    1.85    1.94    1.92    1.99    2.15    2.23    2.25
    1.68    1.75    1.84    2.03    2.30    2.43    2.40
    1.56    1.63    1.83    2.07    2.34    2.46    2.44
    1.52    1.61    1.88    2.08    2.22    2.31    2.33
    1.51    1.63    1.74    1.80    1.83    1.84    1.85
    1.45    1.57    1.54    1.50    1.46    1.43    1.40
2040 2049
    2.20    2.57    2.79    2.98    3.16    3.28    3.33
    2.39    2.69    2.84    3.05    3.33    3.53    3.67
    2.22    2.42    2.67    2.99    3.38    3.59    3.64
    2.07    2.23    2.57    2.92    3.27    3.45    3.46
    2.00    2.18    2.54    2.81    2.99    3.09    3.13
    1.98    2.12    2.23    2.34    2.42    2.48    2.52
    1.89    1.99    1.92    1.90    1.93    1.95    1.96
2050 2059
    2.09    2.44    2.67    2.85    2.95    3.01    3.02
    2.41    2.72    2.91    3.06    3.18    3.22    3.20
    2.26    2.51    2.86    3.18    3.49    3.64    3.64
    2.17    2.35    2.79    3.17    3.50    3.67    3.68
    2.15    2.29    2.70    2.99    3.14    3.23    3.25
    2.04    2.15    2.25    2.34    2.39    2.40    2.37
    1.89    1.98    1.86    1.81    1.81    1.77    1.69
2060 2069
    2.96    3.31    3.41    3.55    3.73    3.87    3.97
    3.24    3.53    3.59    3.76    4.03    4.22    4.32
    3.03    3.24    3.48    3.82    4.26    4.54    4.66
    2.85    3.00    3.35    3.74    4.17    4.44    4.56
    2.74    2.87    3.21    3.50    3.73    3.89    3.97
    2.66    2.78    2.85    2.92    3.01    3.04    3.01
    2.51    2.63    2.51    2.44    2.43    2.37    2.27
2070 2079
    3.28    3.91    4.30    4.59    4.79    4.81    4.66
    3.57    4.11    4.46    4.76    4.99    5.03    4.87
    3.39    3.79    4.21    4.58    4.90    5.04    5.00
    3.16    3.43    3.89    4.26    4.54    4.70    4.73
    2.93    3.08    3.52    3.80    3.92    4.00    4.04
    2.77    2.89    3.01    3.08    3.09    3.07    3.02
    2.63    2.75    2.64    2.56    2.51    2.43    2.31
2080 2089
    4.05    4.60    4.79    5.07    5.43    5.63    5.67
    4.41    4.91    5.13    5.43    5.80    6.01    6.04
    4.26    4.62    5.05    5.51    6.01    6.28    6.32
    4.05    4.30    4.84    5.32    5.74    5.98    6.03
    3.85    4.02    4.50    4.81    4.96    5.08    5.15
    3.57    3.69    3.79    3.84    3.84    3.83    3.81
    3.25    3.36    3.18    3.06    2.99    2.91    2.81
2090 2099
    4.30    4.82    5.00    5.26    5.60    5.81    5.88
    4.77    5.18    5.30    5.55    5.94    6.17    6.23
    4.50    4.77    5.13    5.47    5.80    6.00    6.07
    4.30    4.47    4.95    5.31    5.54    5.69    5.74
    4.23    4.36    4.76    5.03    5.16    5.23    5.23
    4.00    4.12    4.19    4.23    4.24    4.22    4.16
    3.69    3.82    3.66    3.55    3.49    3.42    3.33
