Mean monthly rainfall - Model Simulations
NaN indicates insufficient data is available
Refer to Accompanying Documentation
GRIDBOX LONGITUDES
           7
  -11.25   -8.75   -6.25   -3.75   -1.25    1.25    3.75
GRIDBOX LATITUDES
           7
   26.25   23.75   21.25   18.75   16.25   13.75   11.25
MODEL CLIMATOLOGY 1970-1999 (mm)
    6.82    5.31    3.99    2.85    2.44    2.76    3.08
    3.34    2.06    1.51    1.67    1.79    1.87    2.06
    1.95    1.66    1.59    1.73    1.72    1.56    1.49
    2.06    2.57    2.79    2.70    2.36    1.78    1.36
    6.25    7.89    8.40    7.80    6.48    4.45    3.23
   17.96   19.16   18.68   16.50   13.91   10.90    9.25
   52.44   46.23   39.37   31.86   28.06   27.98   28.30
Mean Anomalies over 10-year time slices (mm)
2000 2009
    0.14   -0.68   -1.17   -1.33   -1.27   -0.98   -0.39
   -0.65   -0.62   -0.69   -0.85   -0.70   -0.23    0.63
   -0.74   -0.43   -0.25   -0.21    0.10    0.66    1.51
   -0.27   -0.70   -0.56    0.15    0.76    1.28    1.61
   -0.05    0.72    1.45    2.13    2.14    1.49    1.17
    0.65    2.75    3.94    4.23    3.54    1.88    1.13
    3.88    3.94    3.82    3.52    3.52    3.83    3.78
2010 2019
   -1.76   -1.33   -0.92   -0.52   -0.38   -0.48   -0.01
   -1.02   -0.43   -0.17   -0.24   -0.26   -0.20    0.31
   -0.45   -0.03    0.05   -0.21   -0.23    0.00    0.46
    0.31    0.55    0.42   -0.06   -0.24   -0.12    0.07
    0.65    0.54    0.87    1.64    1.69    1.02    0.44
    1.12    0.97    1.87    3.84    4.08    2.61    1.46
    2.90    4.37    5.07    5.00    4.47    3.48    3.60
2020 2029
   -0.73   -1.13   -1.29   -1.20   -1.03   -0.78   -0.46
   -0.69   -0.74   -0.81   -0.90   -0.84   -0.63   -0.41
   -0.59   -0.54   -0.58   -0.73   -0.63   -0.31   -0.05
   -0.07   -0.37   -0.53   -0.54   -0.36    0.02    0.48
    0.10   -0.50   -0.54   -0.01    0.41    0.72    1.05
    0.68   -0.69   -0.76    0.47    1.24    1.56    1.66
    3.64   -0.56   -1.76    0.02    1.33    2.16    2.31
2030 2039
   -2.36   -2.27   -2.03   -1.61   -1.39   -1.36   -1.29
   -1.47   -1.02   -0.85   -0.96   -1.01   -0.99   -1.01
   -0.89   -0.55   -0.48   -0.67   -0.72   -0.61   -0.61
   -0.31   -0.21   -0.30   -0.58   -0.57   -0.27   -0.10
    0.67    0.28    0.30    0.73    0.98    1.05    0.83
    1.91    1.45    1.75    2.81    3.19    2.88    2.19
    3.41    5.10    5.85    5.67    5.34    4.88    4.57
2040 2049
   -0.35   -1.04   -1.28   -1.07   -1.05   -1.23   -0.78
   -0.63   -0.67   -0.72   -0.78   -0.77   -0.68   -0.21
   -0.90   -0.71   -0.59   -0.52   -0.35   -0.08    0.35
   -0.45   -0.44   -0.25    0.12    0.37    0.48    0.62
   -0.76    0.18    0.83    1.20    1.46    1.61    1.35
   -0.17    0.81    1.75    2.67    3.29    3.61    2.82
    5.64    0.80    0.57    4.94    7.44    8.07    6.38
2050 2059
   -1.85   -1.54   -1.21   -0.87   -0.66   -0.59   -0.69
   -0.97   -0.58   -0.44   -0.53   -0.57   -0.56   -0.63
   -0.56   -0.54   -0.49   -0.42   -0.37   -0.33   -0.38
   -0.20   -0.62   -0.66   -0.31   -0.18   -0.28   -0.37
   -0.09   -0.19   -0.15    0.03    0.02   -0.18   -0.32
   -0.10   -0.28   -0.09    0.47    0.62    0.37    0.25
   -0.12   -3.59   -3.24    0.92    2.88    2.64    2.87
2060 2069
   -2.90   -2.68   -2.06   -1.04   -0.69   -1.00   -1.03
   -1.72   -0.93   -0.48   -0.37   -0.38   -0.52   -0.44
   -0.87   -0.45   -0.20   -0.12   -0.10   -0.15    0.01
   -0.18   -0.71   -0.60    0.13    0.34    0.03    0.15
    0.26   -0.53   -0.69   -0.23    0.12    0.36    0.60
    0.68   -0.38   -0.73   -0.37    0.04    0.50    0.65
    1.54   -1.22   -1.21    1.57    1.82   -0.45   -1.50
2070 2079
   -2.24   -2.53   -2.41   -1.89   -1.65   -1.68   -1.69
   -1.61   -1.22   -1.11   -1.28   -1.36   -1.36   -1.40
   -1.36   -1.03   -0.95   -1.13   -1.19   -1.13   -1.11
   -1.17   -1.34   -1.41   -1.35   -1.23   -1.06   -0.87
   -1.88   -2.76   -3.00   -2.57   -2.06   -1.44   -1.23
   -1.76   -4.33   -4.91   -3.50   -2.31   -1.35   -1.40
    3.61   -4.31   -5.91   -1.19    1.30    1.57    0.46
2080 2089
   -2.74   -2.40   -1.96   -1.41   -1.38   -1.87   -2.13
   -1.88   -1.09   -0.76   -0.91   -1.09   -1.30   -1.46
   -1.33   -0.69   -0.47   -0.65   -0.76   -0.80   -0.89
   -0.84   -0.50   -0.28   -0.19   -0.23   -0.42   -0.58
   -0.33   -0.66   -0.34    0.63    0.65   -0.29   -1.01
    1.14   -0.58   -0.33    1.88    2.04    0.16   -1.14
    6.54    1.16    0.38    4.20    4.88    2.42    1.35
2090 2099
   -3.23   -3.00   -2.47   -1.62   -1.24   -1.32   -1.26
   -1.96   -1.35   -1.07   -1.11   -1.16   -1.21   -1.14
   -1.35   -1.07   -1.00   -1.14   -1.09   -0.85   -0.65
   -1.42   -1.63   -1.62   -1.38   -0.95   -0.35    0.06
   -1.52   -1.50   -0.63    1.09    1.90    1.78    1.35
    0.55    0.19    1.66    4.93    6.06    5.04    3.78
   11.45    6.88    6.06    8.99   10.20    9.68    9.74
