Maximum 5-day rainfall - Model Simulations
NaN indicates insufficient data is available
Refer to Accompanying Documentation
GRIDBOX LONGITUDES
           7
   33.75   36.25   38.75   41.25   43.75   46.25   48.75
GRIDBOX LATITUDES
           5
   13.75   11.25    8.75    6.25    3.75
Timeseries in anomalies relative to 1970-1999 mean (mm)
2060s
  -13.64  -14.49  -16.87  -11.66   -2.51    3.81    3.17
  -13.99  -11.50  -12.18  -10.65   -5.96   -0.48    0.20
   -7.31   -4.44  -12.16  -12.40   -9.57   -7.61   -7.27
    0.79    4.71   -8.49  -12.06   -7.69   -7.02   -8.35
    7.24    6.54    5.39    4.34    4.14   -1.27   -4.10
2090s
  -17.50  -14.52  -12.40  -12.25   -6.96   -2.87   -2.17
  -12.83   -9.92   -9.78  -14.85   -7.08   -4.38   -3.01
   -3.16    0.03   -9.66   -6.47    3.66   -5.19   -8.24
   -5.02   10.44   -2.40   -4.64    4.89    0.98   -5.32
   -1.45    9.55   12.01    6.80    8.36    3.98   -1.89
