Maximum 5-day rainfall - Model Simulations
NaN indicates insufficient data is available
Refer to Accompanying Documentation
GRIDBOX LONGITUDES
           7
   33.75   36.25   38.75   41.25   43.75   46.25   48.75
GRIDBOX LATITUDES
           5
   13.75   11.25    8.75    6.25    3.75
Timeseries in anomalies relative to 1970-1999 mean (mm)
2060s
   -0.74   -4.51   -6.20   -3.40   -1.58   -1.01    0.76
   -1.57   -8.15  -10.47   -7.21   -3.14   -0.92   -0.53
   -2.94   -7.49   -8.17   -5.22   -3.22   -1.42   -1.26
   -3.58   -4.07   -2.85   -0.95   -0.75   -0.77    0.39
    0.03   -1.53   -1.63   -0.88   -1.22   -0.78    1.84
2090s
   -1.03   -2.30   -2.30    1.69    1.66    0.29   -0.40
    0.52   -3.55   -3.89    1.04    1.08   -0.29   -0.67
    2.41   -2.18   -3.57    0.15   -0.51   -1.16   -0.86
    3.63   -2.39   -4.42   -1.40   -0.78   -0.88   -1.15
    4.19   -1.61   -2.95   -0.16   -0.70   -0.49   -1.42
