Mean monthly rainfall - Model Simulations
NaN indicates insufficient data is available
Refer to Accompanying Documentation
GRIDBOX LONGITUDES
           4
   31.25   33.75   36.25   38.75
GRIDBOX LATITUDES
           4
   -8.75  -11.25  -13.75  -16.25
MODEL CLIMATOLOGY 1970-1999 (mm)
  180.86  199.78  277.48  285.53
  169.85  182.03  288.88  295.42
  144.97  157.36  304.20  300.40
  182.30  179.67  249.60  225.49
Mean Anomalies over 10-year time slices (mm)
2000 2009
   -4.32   -6.25   -4.01   -6.71
    2.02    0.02   -0.22   -2.78
   14.64   10.40    4.52    2.24
   17.84   17.33   12.88    8.48
2010 2019
   -0.14    0.21    1.96    1.17
    0.92    1.95    4.62    4.15
    1.67    4.21    8.92   10.54
    2.85    5.68   11.47   12.34
2020 2029
   -6.31   -8.04   -3.57   -3.09
   -3.50   -6.08   -5.54   -5.26
    0.77   -0.44    1.96    1.55
   -3.29   -1.82    2.71    2.47
2030 2039
  -13.01   -9.32   11.72   12.73
  -12.40   -9.79    7.25    7.29
  -12.09  -10.77    2.83    2.81
  -17.39  -18.23   -7.77   -5.75
2040 2049
   -8.63   -4.68   13.71   17.64
  -10.55   -6.23   13.00   15.84
   -5.72   -2.80   11.22   10.49
   -8.81   -5.76    7.19    7.02
2050 2059
  -17.53  -16.19   -3.81   -5.78
  -13.84  -13.51   -8.97  -11.49
   -4.34   -1.86    1.10    0.88
   -2.83    0.71    2.25    2.60
2060 2069
   -8.52   -8.23    7.03   10.18
   -6.02   -6.05    4.92    5.97
   -3.86   -3.24    9.08    8.17
   -1.86   -2.98    5.67    5.35
2070 2079
   -8.00   -6.82   12.71   18.54
   -1.69   -3.71    8.60    8.44
    6.11    2.67   10.43    5.81
    5.83    1.94    5.27    0.76
2080 2089
    0.99    3.50   31.98   37.58
    1.07    2.11   23.65   22.84
   -3.58    0.10   14.84    9.44
  -13.13  -11.77   -3.76   -6.11
2090 2099
   -8.44   -6.11   18.03   22.03
  -11.97  -10.77    6.73    6.65
  -12.13  -12.39   -5.27   -7.40
  -21.95  -21.38  -17.64  -15.70
