Mean monthly rainfall - Model Simulations
NaN indicates insufficient data is available
Refer to Accompanying Documentation
GRIDBOX LONGITUDES
           4
   31.25   33.75   36.25   38.75
GRIDBOX LATITUDES
           4
   -8.75  -11.25  -13.75  -16.25
MODEL CLIMATOLOGY 1970-1999 (mm)
   60.84   63.68   83.95  131.27
   55.52   59.51   79.57  127.50
   47.47   53.25   76.64  129.80
   42.66   58.01   84.88  136.31
Mean Anomalies over 10-year time slices (mm)
2000 2009
  -11.14  -10.95   -5.06    5.90
  -14.13  -15.22  -12.49   -5.81
  -16.32  -18.62  -20.14  -18.70
  -15.13  -18.64  -22.12  -26.86
2010 2019
   -3.34  -10.58  -18.74  -21.94
   -7.72  -14.52  -15.42  -12.51
   -6.21  -10.46  -10.56   -4.19
   -5.51   -5.87   -8.66   -2.78
2020 2029
    3.33    2.18    0.33   -4.83
    0.39   -2.23   -3.41  -10.20
   -1.25   -3.24   -4.21  -10.50
    1.67    4.11   -1.00   -8.04
2030 2039
   -6.53   -7.50   -7.67   -8.94
   -9.29  -12.15  -15.90  -22.24
   -9.46  -14.62  -18.64  -24.41
   -8.88  -11.93  -14.47  -15.29
2040 2049
   -5.63  -10.56  -11.59  -12.38
  -16.84  -18.49  -16.70  -14.09
  -20.40  -22.32  -20.21  -13.73
  -18.20  -19.02  -15.49   -4.04
2050 2059
   -3.15   -7.50  -13.71  -19.86
   -5.59  -10.26  -13.38  -15.26
   -5.98  -10.41  -14.96  -14.25
   -6.66  -11.97  -16.26  -14.83
2060 2069
    2.94   -2.30   -6.90  -22.11
   -5.50   -8.91  -12.42  -26.06
   -9.19  -11.41  -15.00  -24.42
  -12.79  -14.12  -16.42  -22.33
2070 2079
    4.98    2.29   -3.13  -14.55
    1.86    0.84   -0.58   -8.00
    0.76    1.87    0.78   -4.89
    5.40    8.44    4.10   -1.80
2080 2089
    5.95    1.51   -3.60  -17.02
    6.62    9.09    4.34   -1.37
    3.99   10.43   12.00   10.53
   -4.37    2.09    8.42    5.18
2090 2099
   10.07    2.74   -9.63  -28.48
    5.21    1.75  -10.28  -22.09
    0.91   -2.07  -11.99  -22.97
   -4.53   -9.03  -16.61  -29.88
