Mean monthly rainfall - Model Simulations
NaN indicates insufficient data is available
Refer to Accompanying Documentation
GRIDBOX LONGITUDES
           4
   31.25   33.75   36.25   38.75
GRIDBOX LATITUDES
           4
   -8.75  -11.25  -13.75  -16.25
MODEL CLIMATOLOGY 1970-1999 (mm)
    0.64    1.05    1.80    2.02
    0.85    1.14    1.14    1.47
    0.68    1.55    2.38    3.31
    1.56    2.86    6.89   11.88
Mean Anomalies over 10-year time slices (mm)
2000 2009
   -0.40   -0.34   -0.26   -0.02
   -0.29   -0.53   -0.33   -0.10
    0.01   -0.19   -0.30   -0.32
    0.44    0.85    0.47   -0.82
2010 2019
   -0.38   -0.34    0.24    0.08
   -0.29   -0.58    0.21    0.40
    0.28   -0.15   -0.42    0.12
    0.10    0.15   -0.80   -0.77
2020 2029
   -0.31   -0.24   -0.40   -0.80
   -0.24   -0.29   -0.13   -0.48
   -0.05   -0.06   -0.28   -0.92
    0.27    1.25    0.72   -2.00
2030 2039
   -0.37   -0.64   -0.76   -0.35
   -0.51   -0.82   -0.70   -0.49
   -0.56   -1.02   -1.48   -1.24
   -1.30   -2.07   -3.31   -4.39
2040 2049
    0.00   -0.55   -1.11   -0.96
   -0.21   -0.80   -0.81   -0.80
   -0.00   -0.71   -1.40   -1.80
   -0.71   -0.11   -2.41   -5.37
2050 2059
   -0.48   -0.45   -0.47   -0.49
   -0.66   -0.61   -0.23   -0.36
   -0.60   -0.91   -0.67   -0.64
   -1.19   -1.34   -2.12   -3.56
2060 2069
   -0.53   -0.66   -0.98   -0.78
   -0.75   -0.92   -0.64   -0.59
    0.04   -0.90   -1.40   -1.45
    1.36    0.26   -1.90   -3.13
2070 2079
    0.65    0.57    0.06   -0.38
    0.02    0.23    0.12   -0.27
   -0.23   -0.32   -0.81   -1.40
   -0.16   -0.44   -1.91   -3.82
2080 2089
   -0.47   -0.61   -0.98   -1.01
   -0.59   -0.71   -0.72   -0.71
   -0.48   -0.51   -1.06   -1.69
   -1.18   -1.31   -2.53   -4.32
2090 2099
   -0.61   -0.83   -1.23   -1.10
   -0.80   -0.97   -0.70   -0.73
   -0.49   -1.02   -1.18   -1.63
   -1.04   -1.47   -3.38   -5.71
