Mean monthly rainfall - Model Simulations
NaN indicates insufficient data is available
Refer to Accompanying Documentation
GRIDBOX LONGITUDES
           4
  -18.75  -16.25  -13.75  -11.25
GRIDBOX LATITUDES
           5
   18.75   16.25   13.75   11.25    8.75
MODEL CLIMATOLOGY 1970-1999 (mm)
    5.79    1.95    0.23    0.26
   12.33    4.42    0.59    1.22
   15.38    6.86    4.18    7.99
   19.69   16.47   22.15   34.41
   68.82   63.36   74.41   96.07
Mean Anomalies over 10-year time slices (mm)
2000 2009
   -0.13   -0.17   -0.13   -0.08
    0.22    0.06   -0.02   -0.03
    0.62    0.19   -0.26   -0.58
   -0.37   -0.92   -1.97   -2.98
   -6.61   -6.54   -7.29   -8.06
2010 2019
   -0.54   -0.27   -0.08   -0.13
   -0.15   -0.06   -0.07   -0.17
    0.22   -0.16   -0.46   -0.57
   -1.66   -2.15   -2.62   -2.76
   -7.29   -7.18   -7.41   -7.41
2020 2029
    0.92    0.30   -0.10   -0.16
    0.29   -0.03   -0.31   -0.49
    0.11   -0.67   -1.52   -2.17
   -2.48   -3.91   -5.49   -6.28
   -8.82   -9.12   -9.53   -9.07
2030 2039
    1.11    0.27   -0.17   -0.17
    0.50    0.10   -0.18   -0.31
   -0.00   -0.16   -0.63   -1.34
   -1.93   -2.40   -3.64   -5.29
   -9.93   -9.91  -11.11  -12.47
2040 2049
    0.56    0.08   -0.15   -0.17
    0.24   -0.05   -0.26   -0.41
    0.40   -0.40   -1.19   -1.79
   -2.40   -3.64   -4.99   -5.94
  -11.85  -12.20  -13.29  -13.87
2050 2059
    1.77    0.53   -0.17   -0.21
    1.95    0.59   -0.37   -0.66
    1.45   -0.27   -1.80   -2.64
   -2.03   -4.47   -6.71   -7.81
  -11.85  -12.82  -14.61  -15.79
2060 2069
    0.62    0.08   -0.05    0.09
    0.89    0.18   -0.23   -0.37
    1.47   -0.22   -1.55   -2.10
   -2.19   -4.49   -6.36   -6.91
  -14.51  -14.75  -15.70  -16.00
2070 2079
    1.97    0.64   -0.14   -0.16
    1.77    0.56   -0.36   -0.59
    1.32   -0.25   -1.74   -2.62
   -2.31   -4.72   -7.14   -8.58
  -16.18  -16.93  -18.58  -19.55
2080 2089
    1.60    0.57   -0.01   -0.08
    2.13    0.71   -0.33   -0.64
    1.57   -0.30   -2.03   -3.01
   -3.25   -5.57   -7.92   -9.17
  -17.21  -17.16  -18.60  -19.60
2090 2099
    2.47    0.76   -0.16   -0.19
    3.51    1.19   -0.38   -0.70
    2.48    0.19   -1.88   -3.06
   -2.61   -4.99   -7.67   -9.55
  -17.07  -17.71  -19.54  -20.95
