Frequency of Hot Days - Model Simulations
NaN indicates insufficient data is available
Refer to Accompanying Documentation
GRIDBOX LONGITUDES
           5
   31.25   33.75   36.25   38.75   41.25
GRIDBOX LATITUDES
           7
  -11.25  -13.75  -16.25  -18.75  -21.25  -23.75  -26.25
Timeseries (% days occurring)
2060s
   22.17   21.10   21.97   25.30   37.44
   21.45   20.69   21.64   25.29   37.48
   20.85   20.38   21.52   26.35   40.35
   19.74   19.53   24.54   35.43   40.94
   18.20   19.21   32.67   36.20   37.25
   16.34   18.52   30.45   31.48   31.14
   16.06   20.62   28.39   28.18   27.06
2090s
   23.74   22.67   22.83   27.23   41.90
   22.52   21.79   22.15   25.88   41.80
   22.52   21.94   22.86   28.76   47.08
   22.24   21.81   28.23   42.42   48.22
   21.51   23.57   39.50   43.98   44.04
   21.01   23.62   37.11   39.14   38.47
   20.38   26.14   35.27   35.97   35.15
