Frequency of Hot Nights - Model Simulations
NaN indicates insufficient data is available
Refer to Accompanying Documentation
GRIDBOX LONGITUDES
           5
   31.25   33.75   36.25   38.75   41.25
GRIDBOX LATITUDES
           7
  -11.25  -13.75  -16.25  -18.75  -21.25  -23.75  -26.25
Timeseries (% days occurring)
2060s
   34.72   32.00   32.34   31.94   30.88
   30.27   28.96   29.97   30.23   30.34
   25.44   24.41   26.78   29.02   29.40
   21.30   21.27   25.90   29.57   30.17
   18.65   20.15   23.72   26.11   27.20
   16.94   19.28   20.95   21.75   22.17
   17.12   18.55   18.60   18.11   17.70
2090s
   41.77   39.79   38.58   38.53   43.10
   34.80   33.10   33.40   34.64   41.20
   27.29   25.40   28.34   32.60   38.90
   24.09   21.84   25.17   31.56   36.22
   21.38   20.53   20.93   24.52   29.05
   19.67   20.04   18.39   19.07   21.64
   19.70   20.05   17.61   16.28   16.49
