Maximum 1-day rainfall - Model Simulations
NaN indicates insufficient data is available
Refer to Accompanying Documentation
GRIDBOX LONGITUDES
           5
   31.25   33.75   36.25   38.75   41.25
GRIDBOX LATITUDES
           7
  -11.25  -13.75  -16.25  -18.75  -21.25  -23.75  -26.25
Timeseries in anomalies relative to 1970-1999 mean (mm)
2060s
    0.03   -0.24   -0.07    0.16    0.28
   -0.07   -0.32   -0.23   -0.34   -0.66
   -0.27   -0.59   -0.93   -1.32   -1.68
   -0.58   -0.71   -1.86   -2.60   -2.70
   -0.72   -0.55   -1.96   -2.77   -2.74
   -0.52   -0.04   -0.51   -0.91   -1.17
   -0.77    0.01   -0.27   -0.90   -1.76
2090s
   -0.15   -0.50   -0.52   -0.19    0.34
   -0.24   -0.80   -0.62   -0.34   -0.04
   -0.55   -1.43   -0.91   -0.63   -0.81
   -0.89   -1.61   -1.71   -1.58   -1.42
   -0.89   -1.56   -1.98   -1.95   -1.68
   -0.34   -1.39   -0.91   -0.85   -1.39
   -0.66   -1.37    0.59    0.71   -1.20
