Frequency of Hot Nights - Model Simulations
NaN indicates insufficient data is available
Refer to Accompanying Documentation
GRIDBOX LONGITUDES
           5
   31.25   33.75   36.25   38.75   41.25
GRIDBOX LATITUDES
           7
  -11.25  -13.75  -16.25  -18.75  -21.25  -23.75  -26.25
Timeseries (% days occurring)
2060s
   32.62   32.28   30.78   33.77   44.52
   29.73   29.29   24.31   28.94   41.97
   25.93   25.37   25.59   35.30   48.49
   20.43   20.10   33.96   51.35   63.62
   18.18   22.98   49.08   51.71   67.30
   17.98   25.02   47.71   56.01   65.21
   21.06   38.18   44.04   49.99   57.01
2090s
   35.62   32.76   29.82   32.94   47.67
   33.14   30.20   22.58   25.86   43.67
   30.37   26.21   23.35   37.43   53.38
   24.57   22.69   38.17   63.58   73.05
   23.83   30.09   66.59   62.42   73.82
   28.33   36.46   69.43   69.46   72.45
   32.05   55.43   64.71   64.24   64.23
