Mean temperature - Model Simulations
NaN indicates insufficient data is available
Refer to Accompanying Documentation
GRIDBOX LONGITUDES
           7
  -11.25   -8.75   -6.25   -3.75   -1.25    1.25    3.75
GRIDBOX LATITUDES
           7
   26.25   23.75   21.25   18.75   16.25   13.75   11.25
MODEL CLIMATOLOGY 1970-1999
  290.85  290.34  289.71  289.06  288.78  288.47  287.97
  292.21  291.52  290.87  290.32  290.10  289.90  289.51
  293.26  292.44  291.93  291.68  291.46  291.22  290.87
  295.59  294.68  294.03  293.73  293.53  293.18  292.64
  298.71  297.82  297.12  296.71  296.35  295.95  295.48
  300.29  299.60  299.15  298.98  298.76  298.45  298.05
  299.84  299.55  299.57  299.79  299.88  299.73  299.35
Mean Anomalies over 10-year time slices
2000 2009
    0.89    1.08    1.49    2.02    1.68    1.46    1.51
    0.94    1.28    1.75    2.22    1.80    1.32    0.99
    0.96    1.39    1.82    2.09    1.64    1.19    0.89
    0.88    1.13    1.46    1.74    1.32    0.95    0.76
    0.85    1.09    1.22    1.20    1.01    0.85    0.76
    0.86    1.00    1.06    1.03    0.96    0.86    0.77
    0.85    0.94    0.98    0.96    0.92    0.86    0.80
2010 2019
    0.07    0.14    0.28    0.46    0.57    0.78    1.10
    0.23    0.34    0.48    0.64    0.79    0.96    1.14
    0.34    0.57    0.81    1.02    1.11    1.21    1.31
    0.52    0.70    0.91    1.16    1.32    1.38    1.36
    0.80    0.98    1.12    1.23    1.32    1.34    1.30
    1.01    1.13    1.18    1.17    1.17    1.14    1.11
    1.11    1.18    1.16    1.07    1.05    1.00    0.93
2020 2029
    2.04    2.19    2.27    2.36    2.06    1.75    1.55
    2.20    2.14    2.00    1.86    1.73    1.52    1.30
    1.62    1.62    1.63    1.65    1.55    1.46    1.39
    1.20    1.21    1.28    1.41    1.45    1.44    1.40
    1.30    1.35    1.38    1.45    1.52    1.50    1.41
    1.42    1.48    1.49    1.49    1.51    1.48    1.42
    1.39    1.44    1.43    1.42    1.42    1.41    1.38
2030 2039
    1.68    1.78    1.89    2.04    1.70    1.50    1.52
    1.46    1.69    1.80    1.76    1.64    1.49    1.35
    1.36    1.53    1.62    1.61    1.63    1.57    1.45
    1.18    1.30    1.44    1.59    1.60    1.55    1.48
    1.34    1.46    1.57    1.62    1.56    1.50    1.48
    1.60    1.66    1.66    1.61    1.58    1.54    1.49
    1.71    1.74    1.70    1.65    1.65    1.64    1.60
2040 2049
    2.67    2.91    3.09    3.23    3.18    2.85    2.28
    2.61    2.96    3.11    3.04    2.72    2.28    1.80
    2.46    2.84    2.86    2.48    2.06    1.74    1.56
    2.22    2.13    1.98    1.81    1.70    1.61    1.53
    1.89    1.85    1.76    1.68    1.62    1.57    1.55
    1.85    1.82    1.75    1.67    1.66    1.63    1.58
    1.93    1.86    1.77    1.70    1.70    1.68    1.66
2050 2059
    3.18    3.15    2.95    2.73    2.82    2.78    2.58
    3.09    2.87    2.75    2.82    2.72    2.65    2.69
    2.85    2.79    2.73    2.73    2.77    2.81    2.83
    2.54    2.52    2.59    2.71    2.77    2.82    2.84
    2.60    2.70    2.75    2.76    2.81    2.85    2.85
    2.79    2.87    2.88    2.85    2.87    2.86    2.82
    2.84    2.89    2.86    2.82    2.81    2.77    2.71
2060 2069
    2.95    3.01    3.16    3.43    3.54    3.39    3.01
    3.00    3.17    3.36    3.56    3.49    3.23    2.86
    3.17    3.28    3.38    3.46    3.37    3.19    2.95
    3.06    3.13    3.23    3.32    3.25    3.12    2.93
    3.21    3.35    3.38    3.31    3.22    3.08    2.91
    3.34    3.40    3.35    3.24    3.15    3.02    2.87
    3.24    3.25    3.18    3.11    3.07    2.98    2.85
2070 2079
    3.29    3.67    3.83    3.85    4.07    4.10    3.86
    3.47    3.67    3.77    3.81    3.83    3.66    3.32
    3.52    3.71    3.88    4.00    3.85    3.61    3.33
    3.60    3.72    3.86    4.00    3.95    3.74    3.42
    3.80    3.99    4.06    4.02    3.88    3.73    3.59
    3.97    4.14    4.16    4.06    3.93    3.78    3.65
    3.93    4.07    4.09    4.06    4.01    3.87    3.66
2080 2089
    3.36    3.64    3.96    4.30    4.25    4.00    3.66
    3.72    3.90    4.03    4.13    4.12    3.96    3.72
    3.95    4.04    4.04    3.99    4.00    4.02    3.99
    4.04    4.15    4.14    4.06    4.06    4.12    4.16
    4.20    4.28    4.25    4.16    4.14    4.16    4.18
    4.34    4.39    4.28    4.11    4.06    4.04    4.02
    4.32    4.30    4.16    3.99    3.94    3.86    3.74
2090 2099
    4.13    4.12    4.22    4.49    4.58    4.48    4.19
    4.26    4.39    4.50    4.62    4.55    4.37    4.09
    4.44    4.60    4.63    4.56    4.64    4.52    4.17
    4.50    4.49    4.49    4.51    4.46    4.33    4.12
    4.64    4.70    4.66    4.56    4.45    4.31    4.15
    4.81    4.87    4.77    4.59    4.47    4.33    4.17
    4.78    4.83    4.75    4.65    4.59    4.47    4.29
