Mean monthly rainfall - Model Simulations
NaN indicates insufficient data is available
Refer to Accompanying Documentation
GRIDBOX LONGITUDES
           7
  -11.25   -8.75   -6.25   -3.75   -1.25    1.25    3.75
GRIDBOX LATITUDES
           7
   26.25   23.75   21.25   18.75   16.25   13.75   11.25
MODEL CLIMATOLOGY 1970-1999 (mm)
    4.41    4.69    3.81    3.35    4.42    6.25    7.68
    4.66    4.04    3.78    4.59    7.17    9.73   11.78
    7.74    7.18    8.15   10.78   14.91   17.66   17.60
   16.93   17.50   21.19   26.83   32.55   34.68   32.33
   44.57   46.36   51.24   58.62   64.98   65.65   67.08
  100.14  105.87  110.79  118.44  119.12  115.68  116.90
  180.20  185.54  184.05  185.02  180.43  172.61  167.25
Mean Anomalies over 10-year time slices (mm)
2000 2009
   -2.84   -2.10   -0.41   -0.01   -1.03   -1.70   -1.50
   -2.50   -1.35   -0.31   -0.13   -1.84   -3.08   -3.49
   -1.13    0.49    1.12    0.34   -1.84   -2.99   -2.76
    2.20    0.30   -0.35   -1.11   -1.40   -4.64   -2.79
    4.91    8.08    6.05    2.27   -2.85   -7.91  -10.46
   10.70   15.06    9.45    1.94   -6.65  -10.88  -14.54
   11.23    2.55   -4.10   -6.94  -11.43  -11.80  -14.64
2010 2019
   -2.71   -2.14    0.21    1.41   -0.08   -2.32   -2.81
   -0.20    1.10    1.88    1.71   -2.38   -5.06   -3.74
    1.21    2.25    2.64    0.60   -5.67   -5.94   -1.53
    0.36    2.45    2.51    0.68   -1.93   -0.80    0.32
   -1.43    0.56    2.93    4.63    6.71    5.39    0.90
   -2.32   -1.17    0.61   -0.73    1.02    2.11   -1.45
   -8.60   -5.99  -10.27  -15.59  -14.93  -17.76  -17.18
2020 2029
   -0.18    3.73    4.68    4.59    2.92    0.88    1.56
    2.71    6.80    6.45    4.28    2.43    2.42    4.53
    5.48    9.13    9.33    7.21    8.12   11.98   12.70
    3.03    5.97    8.10    9.81   17.12   22.54   19.45
   -5.05    1.81   11.41   22.97   28.73   26.38   21.63
   -9.68    5.71   16.34   21.15   21.97   23.65   17.63
  -15.39    3.78   14.23   13.80   14.51   15.31   14.18
2030 2039
   -0.75    1.19    4.20    3.82    4.62    8.34    7.84
    4.50    6.34    9.29   10.22   10.14   10.39    4.44
    9.39   12.80   14.99   11.38    8.11    6.70    3.97
   18.74   20.18   20.50   12.04    8.01    6.82    2.90
   19.89   26.73   28.55   17.44   13.98    8.45   -0.24
    7.06   15.91   16.40    6.43    7.03    6.10   -1.66
  -12.02   -7.63   -4.00   -0.43    5.74    6.75    1.37
2040 2049
    2.35    1.60    1.28    0.75   -0.12   -1.49   -1.47
    2.97    2.27    1.30    0.80   -0.51   -1.11   -3.60
    0.61   -0.13    0.04    2.21   -0.46    0.30   -1.80
   -2.92   -3.09   -2.80   -2.04   -2.72   -2.28   -4.40
   -2.26    3.78    4.37    2.53   -1.37   -6.63  -13.61
   -6.14    5.98    2.18   -5.83   -7.18  -11.28  -18.54
   -6.25   -9.36  -19.70  -26.10  -23.71  -23.80  -23.69
2050 2059
   -1.75   -1.39   -0.72    0.08   -1.12   -1.61   -2.07
    1.71    0.96   -0.11   -0.02   -1.45   -4.02   -5.98
    1.72    1.11   -0.62   -0.29   -1.13   -7.01  -10.08
    0.66    2.21   -2.10   -2.13   -2.39   -9.13  -14.04
   -7.91   -5.24   -6.00   -5.74  -11.21  -18.86  -24.87
   -9.85  -11.95   -9.29  -15.27  -23.53  -28.21  -32.06
   11.60    3.19   -3.80  -22.66  -30.22  -35.94  -38.28
2060 2069
   -1.08   -0.52   -0.22   -0.94   -1.89   -2.68   -3.81
    0.10    1.23    0.63   -1.17   -4.09   -4.94   -6.60
    3.12    2.03   -0.76   -3.85   -7.49   -7.68   -7.95
    3.65    0.23   -3.75   -6.72  -11.47  -12.49  -14.13
    1.17    1.52   -1.99   -7.80  -15.68  -19.81  -27.05
    5.01   11.27    4.30  -11.13  -26.90  -29.34  -34.24
   -1.32    7.70    1.79  -13.67  -27.88  -39.18  -42.72
2070 2079
   -0.59    1.30    4.36    5.05    4.94    6.62    7.84
    4.70    4.26    4.99    5.55    6.66    7.19    5.41
    9.76    7.55    5.75    7.04    8.03    5.60    1.39
   11.89    9.30    5.12    6.07    7.46    3.80   -3.06
   12.76    9.22    7.99    8.67    6.63    0.23   -9.25
    2.60    4.23    8.49    7.60    2.39   -2.19   -8.51
   -4.88    2.98   11.87    8.61    1.11   -2.36   -6.42
2080 2089
   -2.10    0.21    3.37    3.03   -0.35   -3.26   -3.40
    0.86    4.88    7.56    4.88   -1.14   -4.41   -5.74
    0.48    3.67    7.23    5.63   -2.69   -6.41   -6.36
   -0.84    0.95    3.00    1.27   -5.25   -8.78   -8.40
   -1.92    2.23    2.47   -0.21   -7.39  -13.43  -15.57
    8.12    5.74   -2.28   -7.00   -9.13   -9.83  -16.93
   10.84   -4.28  -14.85  -21.77  -23.04  -27.23  -34.64
2090 2099
   -1.54    0.50    1.43    1.30    0.46   -1.64   -2.96
    1.72    3.44    3.91    3.59   -0.50   -2.70   -3.28
    2.14    3.40    4.15    2.77   -3.41   -6.37   -7.54
   -0.18    3.21    2.06   -3.15   -9.09  -13.54  -15.59
   -2.56    4.95   -0.35   -6.20  -12.44  -21.46  -27.10
   -3.23    2.60   -7.24  -18.09  -21.68  -26.00  -34.14
   20.74   30.27    5.85  -24.74  -33.26  -32.58  -32.60
