Mean monthly rainfall - Model Simulations
NaN indicates insufficient data is available
Refer to Accompanying Documentation
GRIDBOX LONGITUDES
           7
  -11.25   -8.75   -6.25   -3.75   -1.25    1.25    3.75
GRIDBOX LATITUDES
           7
   26.25   23.75   21.25   18.75   16.25   13.75   11.25
MODEL CLIMATOLOGY 1970-1999 (mm)
    3.30    2.19    2.01    2.21    1.66    1.38    1.24
    4.59    3.74    3.29    3.62    2.76    2.02    2.90
    7.22    5.22    6.05    5.95    5.29    6.34    5.65
   17.34   15.65   17.62   17.61   17.91   19.02   13.90
   68.82   69.63   69.76   59.46   54.83   53.92   48.43
  179.95  177.32  178.05  159.48  133.40  117.39  105.47
  281.38  269.55  248.93  223.79  192.00  184.38  174.77
Mean Anomalies over 10-year time slices (mm)
2000 2009
    2.23    3.04    2.39    0.40    0.49   -0.77   -0.56
    1.99    4.10    2.37   -0.24   -0.45   -0.83   -0.02
    0.31    0.84    1.17   -0.61   -0.89   -1.27   -1.07
   -2.27   -1.29   -1.85   -3.74   -5.17   -5.19   -3.77
   -8.34  -10.06   -9.10   -7.77  -10.13   -8.78   -9.20
  -16.97  -19.11  -14.60  -10.45   -7.57   -7.77  -11.67
  -15.68  -13.87  -13.68   -6.58   -1.17    3.40   -1.46
2010 2019
    0.84    0.44   -0.68   -1.72   -1.01   -0.79   -0.38
    0.92    0.12   -0.64   -1.99   -1.67   -1.03   -1.12
    0.96    0.17   -1.84   -2.07   -1.54   -1.55   -2.23
    5.06    1.81   -2.40   -3.61   -4.43   -4.61   -4.42
    3.31   -2.95   -9.05   -9.18   -8.31   -6.81   -7.38
  -16.54  -10.87   -8.52   -8.22   -5.29   -3.50   -2.09
   -7.44   -4.89   -1.02    4.30    1.11    5.42    9.77
2020 2029
   -0.53   -0.95   -0.87   -1.43   -0.87   -0.42   -0.27
   -1.69   -0.76   -0.65   -1.46   -0.28    0.28    0.00
   -2.45   -1.89   -2.13   -0.29    0.83    0.82    0.47
   -2.94   -5.13   -5.38   -1.55    0.69    1.02    0.61
   -5.97   -6.65   -4.45   -1.31   -0.30   -0.21    0.47
  -22.72  -10.98   -1.38    0.16   -1.32   -1.53   -2.45
  -20.42  -11.41   -3.75   -0.02   -1.28    4.93    7.45
2030 2039
   -0.98   -0.54   -1.12   -1.18    1.02    1.08   -0.22
   -0.43    0.44   -0.93   -1.41    1.17    0.67   -0.54
   -0.82   -0.37   -1.27   -0.45    2.04    1.04   -0.79
   -3.08   -3.34   -4.88   -4.59   -2.43   -1.51   -1.23
  -17.96  -19.28  -18.09  -14.70  -11.11   -9.28   -6.69
  -30.40  -28.94  -23.72  -17.17  -15.18  -15.21  -13.04
   -7.65   -6.71   -2.13    1.95   -8.51   -7.63   -2.64
2040 2049
    0.10    1.35    1.48    0.49    0.12   -0.21   -0.09
    0.74    2.98    2.04    0.24   -0.49   -0.25    0.26
    1.69    0.90   -0.90   -1.18   -0.39    0.10   -0.45
    0.01   -0.71   -2.68   -3.81   -3.29   -2.39   -1.25
   -7.87  -10.28  -11.28   -6.02   -3.53   -2.82   -2.74
  -24.25  -15.22   -7.12   -2.32   -0.51   -0.41    0.16
   -5.90    1.79    4.64    3.21    1.99   11.58   13.60
2050 2059
   -0.31   -0.02   -0.44   -1.52   -1.17   -0.66   -0.73
   -0.37    0.78    0.15   -2.10   -1.60   -1.14   -1.39
   -1.29    0.74    0.22   -1.25   -1.73   -2.41   -2.47
   -5.12   -4.02   -3.30   -4.30   -5.33   -4.96   -3.55
  -14.98  -12.17   -8.94   -8.13   -9.16   -8.07   -5.00
  -25.54  -15.96   -2.15   -3.78  -10.38   -6.66   -4.43
  -13.90   -9.20    4.81    0.94   -5.13   -1.37    2.70
2060 2069
   -0.04   -0.32   -0.22   -0.74   -0.34   -0.52   -0.58
   -0.18   -0.45   -1.27   -1.39   -0.74   -0.23    0.65
   -1.67   -0.74   -2.17   -1.04   -0.02    2.01    2.47
   -2.76   -2.10   -3.97   -2.53    0.55    2.28    2.69
  -14.76  -11.61  -12.33   -6.36    1.37    3.76    4.55
  -30.46  -20.87   -7.97   -0.32    4.02    7.05   11.34
   -1.34    7.16   20.08   23.59   17.99   22.87   25.37
2070 2079
   -2.00   -2.08   -1.53   -1.45   -0.89   -0.76   -0.06
   -2.48   -2.84   -2.00   -1.23   -1.62   -1.22   -0.89
   -4.04   -2.78   -2.41   -1.74   -2.09   -2.28   -0.54
   -7.28   -7.04   -5.51   -5.23   -4.93   -5.21   -2.03
  -20.07  -21.72  -20.14  -14.78  -10.20   -6.55   -4.84
  -32.73  -26.42  -20.52  -11.41  -10.73   -4.85   -1.50
   -3.97    3.21    7.04   10.36    6.35   14.73   22.44
2080 2089
   -0.71   -0.96   -0.83   -0.62    0.16    0.35    0.63
   -0.07   -1.04   -0.89    0.10    0.74    0.96    1.45
    0.20   -0.78   -1.50    1.36    3.39    3.59    2.82
   -2.67   -2.87   -4.27   -1.12    2.63    6.93    4.91
  -19.15  -18.54  -15.34   -5.23   -3.81    2.76    3.11
  -40.09  -28.37  -10.52    3.55    3.21    5.32    3.10
   -4.20    6.78   23.10   23.67   22.90   30.50   29.69
2090 2099
    0.18   -0.35   -0.58   -0.80   -0.81   -0.43   -0.36
   -0.23   -0.13   -0.77   -1.89   -1.48   -0.79   -0.82
    0.05    0.92   -0.86   -2.48   -2.16   -2.05   -0.80
   -1.62   -0.50   -4.21   -6.53   -6.13   -4.47   -0.74
  -18.93  -12.85  -14.29  -14.71  -10.59   -6.72   -3.55
  -37.45  -23.65  -14.95  -14.23  -13.26   -7.41   -3.37
  -11.75    2.83   12.95   11.88    5.39   16.20   23.82
