Mean temperature - Model Simulations
NaN indicates insufficient data is available
Refer to Accompanying Documentation
GRIDBOX LONGITUDES
           7
  -11.25   -8.75   -6.25   -3.75   -1.25    1.25    3.75
GRIDBOX LATITUDES
           7
   26.25   23.75   21.25   18.75   16.25   13.75   11.25
MODEL CLIMATOLOGY 1970-1999
  292.30  290.75  289.88  289.96  291.19  291.22  289.86
  293.47  292.63  292.49  293.05  293.56  292.59  290.25
  294.91  293.96  293.77  294.31  294.56  293.87  292.36
  296.29  295.30  295.02  295.41  295.50  295.25  294.71
  297.22  296.38  296.04  296.17  296.20  296.32  296.48
  296.88  296.55  296.23  295.92  296.06  296.25  296.36
  296.26  296.04  296.00  295.96  296.23  296.36  296.26
Mean Anomalies over 10-year time slices
2000 2009
    0.57    0.51    0.38    0.25    0.31    0.37    0.39
    0.57    0.43    0.31    0.24    0.34    0.42    0.44
    0.55    0.46    0.40    0.40    0.48    0.52    0.50
    0.53    0.45    0.38    0.35    0.38    0.39    0.37
    0.54    0.48    0.36    0.24    0.21    0.19    0.19
    0.62    0.66    0.54    0.32    0.25    0.19    0.12
    0.58    0.63    0.56    0.41    0.34    0.28    0.24
2010 2019
    1.30    1.36    1.32    1.23    1.22    1.14    0.95
    1.28    1.31    1.30    1.25    1.18    1.04    0.82
    1.22    1.21    1.16    1.09    0.94    0.76    0.59
    1.13    1.10    1.00    0.85    0.71    0.59    0.49
    1.06    1.02    0.87    0.66    0.60    0.56    0.50
    1.16    1.06    0.90    0.75    0.79    0.74    0.58
    0.96    0.93    0.86    0.79    0.84    0.80    0.69
2020 2029
    1.93    2.00    1.95    1.84    1.82    1.75    1.61
    1.89    1.93    1.90    1.81    1.73    1.61    1.44
    1.75    1.77    1.71    1.57    1.42    1.30    1.21
    1.57    1.57    1.50    1.39    1.30    1.23    1.15
    1.43    1.41    1.36    1.28    1.30    1.28    1.19
    1.46    1.49    1.41    1.26    1.29    1.29    1.21
    1.28    1.34    1.29    1.17    1.17    1.17    1.14
2030 2039
    2.29    2.32    2.28    2.23    2.25    2.14    1.88
    2.29    2.26    2.21    2.17    2.05    1.84    1.57
    2.03    1.95    1.87    1.79    1.61    1.44    1.30
    1.69    1.59    1.48    1.36    1.26    1.22    1.22
    1.40    1.34    1.22    1.07    1.08    1.14    1.19
    1.36    1.44    1.40    1.24    1.22    1.16    1.05
    1.28    1.39    1.39    1.32    1.31    1.25    1.16
2040 2049
    2.39    2.44    2.43    2.40    2.38    2.31    2.18
    2.44    2.36    2.29    2.25    2.19    2.12    2.03
    2.35    2.25    2.15    2.06    1.94    1.88    1.88
    2.19    2.10    1.95    1.78    1.76    1.81    1.88
    2.03    1.95    1.77    1.54    1.63    1.78    1.89
    1.98    1.93    1.77    1.55    1.56    1.61    1.65
    1.78    1.81    1.74    1.61    1.60    1.62    1.63
2050 2059
    2.68    2.75    2.68    2.54    2.51    2.45    2.32
    2.65    2.60    2.54    2.50    2.47    2.43    2.34
    2.37    2.38    2.39    2.40    2.36    2.33    2.31
    2.39    2.44    2.42    2.34    2.33    2.32    2.29
    2.54    2.63    2.52    2.29    2.32    2.31    2.23
    2.60    2.68    2.52    2.19    2.21    2.14    1.95
    2.37    2.44    2.34    2.11    2.12    2.07    1.93
2060 2069
    3.04    3.12    3.08    3.02    3.00    2.97    2.88
    3.27    3.20    3.13    3.09    3.04    2.96    2.84
    3.31    3.22    3.17    3.17    3.06    2.93    2.81
    3.29    3.19    3.08    3.00    2.90    2.83    2.77
    3.21    3.13    2.96    2.74    2.70    2.70    2.70
    3.06    3.05    2.89    2.65    2.63    2.61    2.53
    2.72    2.75    2.68    2.54    2.56    2.57    2.52
2070 2079
    3.54    3.60    3.55    3.48    3.47    3.39    3.21
    3.67    3.56    3.45    3.41    3.37    3.27    3.10
    3.42    3.32    3.24    3.19    3.07    2.96    2.89
    3.34    3.22    3.09    3.00    2.92    2.88    2.86
    3.41    3.24    3.04    2.87    2.91    2.94    2.91
    3.56    3.37    3.12    2.91    2.99    3.01    2.91
    3.15    3.08    2.94    2.81    2.86    2.86    2.77
2080 2089
    3.56    3.63    3.58    3.49    3.51    3.45    3.31
    3.71    3.63    3.56    3.55    3.48    3.36    3.18
    3.59    3.50    3.45    3.44    3.25    3.07    2.93
    3.56    3.48    3.40    3.30    3.15    2.99    2.87
    3.57    3.50    3.34    3.13    3.06    2.98    2.86
    3.53    3.41    3.16    2.83    2.82    2.77    2.66
    3.18    3.15    2.98    2.74    2.77    2.75    2.68
2090 2099
    4.37    4.48    4.41    4.26    4.23    4.13    3.93
    4.55    4.49    4.40    4.30    4.19    3.99    3.73
    4.27    4.16    4.05    3.93    3.73    3.56    3.43
    4.03    3.89    3.74    3.60    3.53    3.46    3.37
    3.92    3.77    3.57    3.40    3.53    3.55    3.41
    4.03    3.95    3.72    3.45    3.64    3.64    3.39
    3.57    3.60    3.50    3.33    3.44    3.39    3.17
