Mean monthly rainfall - Model Simulations
NaN indicates insufficient data is available
Refer to Accompanying Documentation
GRIDBOX LONGITUDES
           7
  -11.25   -8.75   -6.25   -3.75   -1.25    1.25    3.75
GRIDBOX LATITUDES
           7
   26.25   23.75   21.25   18.75   16.25   13.75   11.25
MODEL CLIMATOLOGY 1970-1999 (mm)
    3.06    3.41    2.67    2.52    2.75    3.34    2.87
    3.75    3.25    3.03    3.15    3.11    2.39    1.68
    5.51    4.64    4.42    3.77    2.73    1.76    1.56
   11.11    9.65    8.20    6.66    4.10    3.00    2.77
   27.48   23.60   19.60   17.08   12.61    9.27    7.40
   55.79   47.35   40.65   34.77   29.09   25.66   22.60
   91.13   79.00   72.66   64.25   56.85   52.19   50.98
Mean Anomalies over 10-year time slices (%)
2000 2009
  152.46  132.48  195.65  114.62   22.09  -24.92  -18.91
   50.06   56.39   77.80   40.54   -4.38  -39.38    1.34
  -24.23    4.09   66.16   67.25    1.34  -12.51   74.62
  -22.29    1.41   23.37   16.58   -8.69  -18.17    0.66
   -1.66    5.26  -11.32  -21.57  -25.37  -10.19   16.84
   12.56   19.72    8.08  -10.16   -4.53    9.11   26.14
   22.98   26.93   20.58   12.78   18.55   16.89   14.56
2010 2019
   76.99   48.26   29.45   17.44    3.34   -7.68    7.75
  135.21   58.95  -30.66  -52.02  -52.37  -11.79   13.59
  111.80   31.94  -30.72  -39.06  -24.84  -27.12  -59.61
   57.19    4.21  -31.31  -34.27  -28.20  -35.69  -48.34
   39.51   20.73    6.02   -3.44  -10.90   13.76   26.02
   27.00   28.06   24.79   21.17   18.34   34.77   59.79
   27.37   29.10   26.40   29.54   29.97   35.34   34.12
2020 2029
  -44.28  -65.56  -82.22  -87.24  -84.03  -80.16  -60.71
  -48.53  -78.23  -83.41  -82.51  -70.07  -55.05   13.44
  -37.20  -62.43  -66.78  -43.61  -10.54   47.08   65.79
   -5.67  -31.31  -29.14   -8.17   40.21   73.10   21.70
    0.06  -17.27  -25.41  -11.61    0.12   34.84   48.37
    5.01    6.17   -2.90    5.79   10.41   21.76   27.08
   10.52    9.95    3.94    6.79    9.46   10.77    6.34
2030 2039
  -28.76  -29.24   -7.96   -7.59  -32.49  -64.98  -79.25
  -80.09  -79.91  -74.41  -74.25  -80.65  -81.07  -72.85
  -83.26  -88.97  -89.77  -86.42  -88.45  -90.74  -84.34
  -68.14  -66.20  -59.19  -56.36  -56.28  -64.10  -69.72
  -48.38  -43.56  -26.11  -21.15  -27.78  -27.64  -44.43
  -19.19  -19.39  -13.31  -15.20  -23.77  -23.54  -16.67
    1.34   -1.76   -8.25  -14.62  -14.31  -13.88  -15.26
2040 2049
   10.37   21.64  108.10  205.80  173.90   82.40   88.53
   31.38   64.82  151.36  174.97  106.58  150.92  216.54
    1.65   38.25  155.00  244.01  257.78  342.81  220.71
  -15.71   19.17   87.17  136.79  185.27  175.69   95.43
  -14.30    3.20   24.29   27.56   28.77   41.38   23.09
    3.04    6.43    0.03   -2.07   -2.51   -1.42   -6.60
   15.33   11.32    0.66   -1.63    0.68   -3.73   -6.76
2050 2059
   79.07   83.65  137.84  141.38  110.27   68.99   98.47
  130.51  113.09   57.65    1.21  -19.84    7.47   41.50
  202.84  183.89   81.06   40.31    8.33   58.98    5.16
  133.81  137.84  114.79  107.05  151.00  235.63  128.53
   51.74   58.99   62.54   60.77   95.87  186.87  162.17
   14.43   25.91   24.64   27.27   37.04   54.79   53.71
    9.20   11.24   11.78   14.04   13.41   13.79   14.79
2060 2069
  135.43   86.72   40.15   -5.25  -59.34  -90.13  -95.62
  112.77   75.32   -1.43  -36.07  -68.79  -90.26  -96.80
   62.29   38.25  -24.46  -44.98  -44.55  -57.57  -87.14
   41.80    6.65  -26.94  -41.14  -33.46  -44.15  -70.31
   24.51    4.05  -18.67  -25.54  -26.52  -34.07  -40.47
   16.90   11.30   -2.37  -10.02  -11.53   -2.69   13.82
   25.33   28.68   18.66    8.39    6.21   10.81   14.00
2070 2079
  -52.27  -55.18  -22.35    6.87   27.75   31.54   66.95
  -54.87  -33.30  -26.37  -25.39  -21.19   11.66   65.55
  -14.58  -26.02  -45.94  -51.23  -49.21  -15.30   -2.71
   42.93   31.06   10.63   -5.35    5.38   45.46   56.64
   51.86   61.28   43.39   25.74   34.31   61.74   72.52
   30.40   42.98   39.26   35.05   38.61   46.06   46.44
   24.75   30.97   31.14   35.89   35.92   30.61   22.64
2080 2089
    0.06  -22.37  -19.99   37.52   61.30   51.59   88.73
   45.68    4.93  -17.56  -11.44    6.58   64.52  104.18
   63.63    2.44  -38.62  -18.66   55.86  151.54   77.65
   50.63   34.67    4.67    6.49   86.25  195.83  135.75
   21.16   29.39   25.36   15.81   58.36  118.84  102.84
    2.11    8.01   14.43   26.90   54.96   67.10   61.04
   14.60   15.30   14.46   18.82   25.71   29.46   21.40
2090 2099
  -11.12    8.50   64.86   35.15  -25.86  -45.20  -14.26
  -37.50  -25.30  -28.48  -67.06  -86.21  -73.09  -22.81
  -19.88  -35.91  -50.88  -72.08  -79.87  -74.30  -46.69
   24.64   -9.10  -24.75  -30.32  -28.56  -12.69    1.05
   41.63   18.81   16.61   20.27   36.50   67.81   66.50
   23.27   16.15   14.32   27.23   35.87   59.64   61.05
   23.37   19.30   14.17   19.87   22.19   26.92   24.81
