Mean monthly rainfall - Model Simulations
NaN indicates insufficient data is available
Refer to Accompanying Documentation
GRIDBOX LONGITUDES
           7
  -11.25   -8.75   -6.25   -3.75   -1.25    1.25    3.75
GRIDBOX LATITUDES
           7
   26.25   23.75   21.25   18.75   16.25   13.75   11.25
MODEL CLIMATOLOGY 1970-1999 (mm)
    7.71    9.40    8.67    6.85    5.56    4.71    4.53
   13.56   12.32    9.60    7.71    6.42    6.00    6.70
   20.35   16.14   13.00   11.58   10.94   10.50   10.11
   33.02   26.81   23.03   22.53   22.85   20.97   18.54
   62.76   56.34   51.85   50.54   49.67   45.06   40.33
  109.87  103.73   98.57   94.10   89.30   83.15   79.11
  163.04  154.81  147.53  142.22  137.16  130.80  128.05
Mean Anomalies over 10-year time slices (%)
2000 2009
    2.37    3.41    8.18   29.21   45.26   33.70   31.18
   10.00   10.82   22.56   32.23   27.82   17.48   14.37
   29.05   21.68   22.34   26.50   26.39   18.39    9.17
   33.03   25.67   19.25   15.37   16.86   18.73   19.38
   18.96   22.70   22.08   17.38   12.84   12.18   15.09
    3.53   10.25   13.33   12.32    9.84    8.93    9.58
   -2.44    1.25    3.71    3.86    4.10    5.13    5.02
2010 2019
  -47.99  -50.40  -49.06  -37.88  -24.73   -3.37   18.58
  -48.70  -48.46  -45.73  -35.85  -17.80   12.93   22.58
  -38.50  -36.17  -27.64  -12.17    4.35   13.15    8.55
  -24.65  -22.07  -12.72   -4.76    2.29    4.78    3.21
   -9.21  -10.68   -9.03   -8.33   -5.22   -1.92    0.31
    1.70   -3.07   -5.50   -5.24   -4.71   -3.34   -1.35
    8.57    4.13    1.08   -0.91   -2.02   -1.02   -0.21
2020 2029
    7.85   -1.74    0.47    8.17   25.99   55.97   69.73
   -0.07   -8.29    5.27   29.55   42.47   43.73   26.52
    7.68    3.97   15.60   27.85   16.90    1.28   -6.51
    9.93    5.58    9.16   11.50    7.16    2.29   -2.97
    6.31    1.57    1.94    2.57    1.06   -1.73   -1.55
    8.71    4.65    1.69    0.38   -1.31   -2.72   -2.50
    9.20    4.12    1.00    1.15    1.04   -0.07   -1.08
2030 2039
   -4.16   -6.89   -5.50    6.40   22.01   36.64   36.27
   -9.58  -11.29   -3.92    8.94   22.76   24.92    2.54
    4.84    1.69    4.68   11.30    8.45   -4.23  -10.26
   11.24    9.03    9.02   11.38    7.52    5.08    4.37
   12.93   10.64    8.98    5.69    3.19    5.06    9.82
    9.61   10.97   10.58    7.66    5.48    5.88    6.75
    5.90    9.66   11.31    8.68    6.11    6.06    5.18
2040 2049
    8.88    7.79   11.12   11.94    4.07    4.34   18.61
   -3.30   -6.10   -0.56   -4.81   -9.96   -0.10   12.93
   -2.09   -8.51   -5.86   -1.60   -6.58  -11.08  -12.25
    5.07    4.04    6.78    5.91    0.86   -0.53   -4.23
   15.55   14.75   12.50    6.12    0.76    0.01    1.72
   17.19   17.32   13.64    4.98   -1.04   -3.77   -5.29
   12.77   12.63   11.33    5.76    0.62   -1.80   -3.70
2050 2059
  -28.00  -33.27  -32.94  -19.53  -14.33   -9.59    6.70
  -40.35  -45.88  -43.67  -29.62  -27.18  -13.21    8.56
  -43.06  -43.27  -38.60  -34.73  -31.83  -19.68    8.11
  -42.06  -38.62  -32.53  -30.39  -20.25   -7.70    3.92
  -22.90  -23.19  -21.35  -19.10  -11.71   -6.33   -2.34
   -5.85   -9.77  -11.24  -10.71   -8.01   -5.46   -2.84
    0.06   -3.67   -4.45   -4.13   -2.54   -1.19   -0.52
2060 2069
  -53.07  -55.12  -53.74  -46.00  -37.73  -19.87    6.74
  -53.84  -52.02  -37.41  -21.87  -21.94  -23.69  -17.75
  -39.16  -38.13  -27.69  -18.17  -24.62  -31.16  -30.31
  -27.68  -25.73  -20.73  -15.80  -18.79  -19.73  -13.81
  -15.61  -15.76  -13.60  -13.03  -13.67  -10.73   -6.35
   -4.29   -8.17  -11.49  -13.71  -14.78  -13.36  -10.79
    7.57   -0.38   -7.49  -11.33  -12.58  -13.50  -12.84
2070 2079
    7.27   -1.25   -4.81  -10.88  -15.84   -7.76    1.62
   -9.61  -10.85  -11.22  -17.24  -13.74   -8.99  -15.77
  -12.70  -14.31  -10.95  -17.58  -20.98  -21.78  -21.72
   -4.32   -7.28   -5.02   -9.81  -14.17  -11.77  -11.64
    4.16    0.16   -0.67   -5.70  -10.66  -11.57  -12.61
    9.08    3.12   -0.33   -3.75   -7.97  -12.29  -14.44
   10.99    8.32    4.04   -1.28   -5.13   -7.84   -9.32
2080 2089
  -34.85  -45.88  -46.09  -33.29  -21.04  -22.87  -24.84
  -54.77  -51.04  -45.21  -36.93  -25.41  -27.02  -34.89
  -52.98  -48.65  -42.94  -42.77  -43.64  -41.85  -36.37
  -37.91  -35.09  -30.76  -30.94  -34.58  -31.16  -25.74
  -21.44  -22.96  -22.64  -22.49  -23.70  -21.36  -19.45
   -7.29  -15.77  -21.82  -23.90  -23.07  -21.70  -20.12
    3.72   -5.05  -13.40  -18.31  -19.08  -18.93  -18.28
2090 2099
  -22.89  -40.91  -47.95  -47.50  -45.34  -26.40  -12.60
  -43.55  -46.56  -47.02  -39.55  -35.33  -24.85  -14.20
  -38.07  -40.03  -34.10  -32.23  -36.57  -32.61  -28.30
  -28.59  -32.49  -26.36  -22.93  -23.55  -23.27  -22.75
  -16.37  -22.30  -18.44  -14.52  -16.20  -18.89  -17.58
   -0.61  -10.20  -13.30  -14.25  -17.60  -21.36  -22.68
   10.10   -0.37   -7.58  -11.60  -15.99  -20.07  -20.85
