Maximum 1-day rainfall - Model Simulations
NaN indicates insufficient data is available
Refer to Accompanying Documentation
GRIDBOX LONGITUDES
           7
  -11.25   -8.75   -6.25   -3.75   -1.25    1.25    3.75
GRIDBOX LATITUDES
           7
   26.25   23.75   21.25   18.75   16.25   13.75   11.25
Timeseries in anomalies relative to 1970-1999 mean (mm)
2060s
   -0.31   -0.41   -0.38    0.10    0.29    0.30    0.14
   -0.28   -0.29   -0.13   -0.03    0.02    0.16    0.10
   -0.12   -0.24   -0.10   -0.11   -0.15   -0.12    0.05
   -0.10   -0.21   -0.15   -0.17   -0.17   -0.10    0.21
    0.09   -0.26   -0.36   -0.26    0.05    0.91    2.27
    0.78    0.36   -0.32    0.29    1.59    2.52    3.02
    1.88    1.63    0.09    0.85    0.74    1.33    1.33
2090s
   -0.29    0.09    0.02   -0.03    0.02   -0.01    0.04
   -0.30   -0.29   -0.13   -0.02   -0.03   -0.03   -0.00
   -0.18   -0.17    0.08    0.09   -0.09   -0.11    0.06
   -0.06    0.05    0.17    0.13   -0.06   -0.09    0.05
    0.26   -0.14   -0.16    0.24    0.07    0.24    0.65
    1.36    0.25   -0.32    0.18    0.03   -0.08   -0.19
    1.64    1.42   -0.07   -0.45   -1.63   -1.46   -1.56
