Frequency of Cold Nights - Model Simulations
NaN indicates insufficient data is available
Refer to Accompanying Documentation
GRIDBOX LONGITUDES
           7
  -11.25   -8.75   -6.25   -3.75   -1.25    1.25    3.75
GRIDBOX LATITUDES
           7
   26.25   23.75   21.25   18.75   16.25   13.75   11.25
Timeseries (% days occurring)
2060s
    1.50    1.46    1.03    0.74    0.37    0.44    0.45
    1.12    1.35    0.90    0.53    0.41    0.56    0.64
    0.59    0.55    0.71    0.72    0.67    0.60    0.46
    0.78    0.72    0.77    0.95    0.79    0.60    0.51
    0.76    0.85    0.76    0.75    0.53    0.22    0.19
    0.14    0.25    0.31    0.30    0.28    0.18    0.28
    0.08    0.11    0.18    0.21    0.30    0.35    0.77
2090s
    0.01    0.00    0.00    0.00    0.02    0.02    0.02
    0.00    0.00    0.00    0.04    0.00    0.00    0.02
    0.00    0.00    0.00    0.01    0.00    0.00    0.00
    0.00    0.00    0.00    0.00    0.00    0.00    0.00
    0.00    0.00    0.00    0.00    0.00    0.00    0.00
    0.00    0.00    0.00    0.00    0.00    0.00    0.00
    0.00    0.00    0.00    0.00    0.00    0.00    0.00
