Percentage of total rainfall ocurring in 'heavy' rainfall events - Model Simulations
NaN indicates insufficient data is available
Refer to Accompanying Documentation
GRIDBOX LONGITUDES
           7
  -11.25   -8.75   -6.25   -3.75   -1.25    1.25    3.75
GRIDBOX LATITUDES
           7
   26.25   23.75   21.25   18.75   16.25   13.75   11.25
Timeseries in anomalies relative to 1970-1999 mean (% of total rainfall)
2060s
   -6.19  -12.90   -8.36   -5.03  -15.43  -24.31  -21.91
   -7.80   -4.84   -3.99   -0.01   -2.19   -4.17   -8.84
  -10.39   -1.37    1.24   -4.84   -8.79  -14.28  -21.23
  -15.72   -2.30    6.79    2.60   -5.35  -17.95  -29.70
  -13.40   -7.54   -0.22    0.43   -7.17  -16.78  -21.65
   -4.78   -6.95   -4.45   -3.33   -6.93  -10.48  -10.08
   -1.32   -4.14   -4.49   -3.56   -4.37   -4.54   -2.40
2090s
  -21.29  -38.31  -34.27  -25.15  -26.02  -33.26  -34.98
  -28.81  -32.94  -30.39  -23.42  -24.61  -25.41  -25.94
  -28.77  -26.92  -27.74  -25.40  -28.97  -26.81  -21.53
  -29.64  -22.58  -18.54  -12.95  -14.71  -15.59  -13.62
  -13.48  -13.42   -9.29   -6.18   -7.15   -8.85   -9.86
   -2.95   -6.22   -4.17   -3.66   -4.40   -4.81   -4.79
    1.42   -1.69   -1.44   -1.96   -2.63   -1.60    0.29
