Maximum 5-day rainfall - Model Simulations
NaN indicates insufficient data is available
Refer to Accompanying Documentation
GRIDBOX LONGITUDES
           7
  -11.25   -8.75   -6.25   -3.75   -1.25    1.25    3.75
GRIDBOX LATITUDES
           7
   26.25   23.75   21.25   18.75   16.25   13.75   11.25
Timeseries in anomalies relative to 1970-1999 mean (mm)
2060s
   -0.58   -0.05    0.37    0.54    0.53    0.30   -0.05
   -0.55   -0.35   -0.03    0.38    0.99    0.84    0.02
   -0.42   -0.19    0.18    0.57    0.29    0.07    0.04
   -0.54   -0.40   -0.23   -0.08   -0.03   -0.01    0.00
   -0.81   -0.60   -0.32   -0.08   -0.21   -0.29   -0.24
   -1.52   -0.60   -0.16   -0.33   -0.82   -1.11   -1.06
   -1.47   -1.09   -1.05   -1.10   -0.65   -0.58   -0.79
2090s
   -0.63   -1.10   -1.03   -0.50   -0.27   -0.24   -0.34
   -1.26   -1.18   -0.79   -0.29   -0.25   -0.25   -0.20
   -1.07   -0.60   -0.33   -0.28   -0.16   -0.07   -0.03
   -0.96   -0.60   -0.36   -0.22   -0.10   -0.04   -0.04
   -1.18   -0.95   -0.63   -0.33   -0.32   -0.34   -0.34
   -2.07   -1.46   -0.97   -0.71   -0.93   -1.11   -1.11
   -2.96   -2.47   -2.22   -1.88   -1.55   -1.65   -1.99
