Maximum 5-day rainfall - Model Simulations
NaN indicates insufficient data is available
Refer to Accompanying Documentation
GRIDBOX LONGITUDES
           7
  -11.25   -8.75   -6.25   -3.75   -1.25    1.25    3.75
GRIDBOX LATITUDES
           7
   26.25   23.75   21.25   18.75   16.25   13.75   11.25
Timeseries in anomalies relative to 1970-1999 mean (mm)
2060s
   -7.99  -12.00  -11.49   -9.55  -10.45  -11.52  -11.00
  -10.01  -10.81   -9.65   -8.88   -8.41   -8.00   -9.92
  -10.06  -11.71  -10.06   -8.14   -4.78   -4.78   -8.63
   -7.53   -6.83   -6.37   -5.05   -3.59   -3.78   -7.52
    0.09   -1.13   -2.18   -1.27   -1.02   -0.43   -4.34
   -5.89   -4.23   -5.31   -5.23   -3.67   -1.61   -3.65
  -13.83  -10.59   -8.13   -4.95   -1.57   -0.81   -2.80
2090s
    5.08    6.53    1.79    1.42    1.96    0.39   -1.65
    8.16    8.47    4.58    3.20    2.34    0.56   -2.86
    5.77    3.43    4.46    4.65    3.55    2.08   -1.73
    5.17    3.93    5.67    7.02    4.82    1.82   -2.31
   14.52    8.81    6.84    8.74    8.10    5.00    0.51
   12.22   10.60    7.89    6.86    8.24    8.82    6.95
    3.36    6.08    8.01    8.27   11.36   14.26   14.22
