Maximum 5-day rainfall - Model Simulations
NaN indicates insufficient data is available
Refer to Accompanying Documentation
GRIDBOX LONGITUDES
           7
  -11.25   -8.75   -6.25   -3.75   -1.25    1.25    3.75
GRIDBOX LATITUDES
           7
   26.25   23.75   21.25   18.75   16.25   13.75   11.25
Timeseries in anomalies relative to 1970-1999 mean (mm)
2060s
  -11.91  -18.53  -18.97  -17.31  -17.94  -15.69  -11.81
  -22.87  -25.85  -21.83  -19.21  -18.19  -15.81  -15.77
  -29.15  -25.59  -22.96  -20.11  -22.00  -21.61  -22.71
  -32.81  -26.09  -18.83  -20.55  -25.11  -26.22  -24.76
  -24.91  -24.63  -20.26  -23.20  -25.23  -23.01  -21.60
   10.18   -4.29  -14.25  -21.25  -22.49  -20.25  -19.52
   26.76    7.32   -4.12   -7.56  -11.84  -12.29  -12.95
2090s
  -17.19  -22.31  -21.32  -18.94  -18.05  -15.14  -12.47
  -26.67  -26.51  -24.30  -21.07  -18.29  -15.11  -15.21
  -30.72  -25.87  -25.37  -24.15  -22.92  -20.59  -20.70
  -31.44  -28.47  -27.81  -29.10  -30.06  -29.19  -25.76
  -18.03  -25.36  -31.00  -30.95  -29.91  -29.39  -26.62
    8.54   -7.34  -23.97  -27.50  -21.74  -16.38  -18.94
   41.49   -2.88  -15.30  -13.18   -5.83   -4.22   -3.15
