Frequency of Hot Nights - Model Simulations
NaN indicates insufficient data is available
Refer to Accompanying Documentation
GRIDBOX LONGITUDES
           7
  -11.25   -8.75   -6.25   -3.75   -1.25    1.25    3.75
GRIDBOX LATITUDES
           7
   26.25   23.75   21.25   18.75   16.25   13.75   11.25
Timeseries (% days occurring)
2060s
    5.88    2.47    2.45    2.82    3.22    3.61    3.92
    2.62    2.49    2.64    2.62    2.78    3.14    3.71
    2.78    3.65    3.72    3.47    3.53    3.80    3.93
    3.47    4.57    4.88    4.81    4.52    4.24    4.07
    3.78    4.87    5.64    5.05    4.27    4.01    4.13
    3.13    4.99    5.62    4.55    3.74    3.74    3.98
    4.33    5.03    5.96    4.94    4.09    4.20    4.64
2090s
   13.75    5.75    5.01    5.58    6.57    7.17    6.75
    5.72    5.26    5.23    5.85    6.07    5.80    5.53
    4.92    5.98    5.76    5.46    4.88    4.34    4.53
    5.50    6.67    6.27    5.20    4.09    3.75    4.29
    4.68    5.86    5.72    4.54    3.71    4.01    5.13
    4.16    4.97    4.88    3.93    3.59    4.21    5.29
    9.66    5.24    5.15    4.65    4.50    4.91    5.57
