Mean monthly rainfall - Model Simulations
NaN indicates insufficient data is available
Refer to Accompanying Documentation
GRIDBOX LONGITUDES
           4
  -18.75  -16.25  -13.75  -11.25
GRIDBOX LATITUDES
           3
   16.25   13.75   11.25
MODEL CLIMATOLOGY 1970-1999 (mm)
    2.72    1.67    1.62    1.23
    3.02    2.39    3.75    4.05
    9.37   15.46   23.79   26.60
Mean Anomalies over 10-year time slices (%)
2000 2009
    9.49   23.94   63.09  124.57
   -0.95   20.77   45.53   57.38
   16.79   16.10   12.06    8.32
2010 2019
   -5.50  -20.84  -30.37  -19.69
   -3.19   18.27   47.50   52.67
   -4.77   -9.67   -6.88    0.50
2020 2029
   41.14   -0.66  -24.02  -16.27
    9.06   -4.23   16.77   35.31
    2.91    3.48    5.71    5.71
2030 2039
  -40.90  -26.91  -20.20  -13.25
  -33.29  -25.55  -16.95   -9.57
  -12.29  -12.24   -7.27   -5.20
2040 2049
  -50.34  -68.89  -60.84  -46.12
  -47.01  -42.62   -6.32   15.25
  -29.03  -23.00   -9.63    0.73
2050 2059
  -16.79  -40.34  -52.45  -26.65
   -5.58  -12.98    1.23   34.89
   -2.17   -4.32   -2.51    3.82
2060 2069
   -5.29  -45.23  -43.78   -6.19
    9.26   21.05   34.16   30.88
   -9.85   -7.00   -4.20   -5.42
2070 2079
  -34.98  -82.09  -75.63  -48.72
  -13.66  -15.21   13.63   25.05
  -17.96  -15.73   -9.34   -1.56
2080 2089
    8.56  -16.07  -25.42  -14.75
   -1.59   50.20  104.41  116.13
   10.75   13.61   15.24   17.93
2090 2099
   -0.83  -29.06  -37.90  -10.56
    0.61   32.65   45.23   62.16
   -8.10  -14.40  -13.47   -3.58
