Mean monthly rainfall - Model Simulations
NaN indicates insufficient data is available
Refer to Accompanying Documentation
GRIDBOX LONGITUDES
           5
   13.75   16.25   18.75   21.25   23.75
GRIDBOX LATITUDES
           8
   23.75   21.25   18.75   16.25   13.75   11.25    8.75    6.25
MODEL CLIMATOLOGY 1970-1999 (mm)
    3.72    3.23    2.92    2.90    3.18
    4.21    3.67    3.37    3.33    3.53
    7.91    7.32    7.28    7.36    7.55
   16.19   15.70   16.30   16.68   16.83
   38.28   39.17   41.84   42.65   41.60
   65.43   66.43   70.04   71.58   71.04
   95.83   93.71   95.13   97.80  101.74
  117.57  112.69  109.44  108.73  110.57
Mean Anomalies over 10-year time slices (%)
2000 2009
   44.08   37.00   40.73   40.34   35.86
   13.85   17.93   42.77   56.34   55.33
   17.12   27.29   47.11   52.17   42.71
   24.24   31.98   41.58   40.17   28.44
   14.07   15.72   16.42   15.44   12.74
    9.71   10.02    9.26    8.79    8.57
    7.07    7.14    6.98    7.16    7.66
    3.70    3.66    3.35    3.36    3.71
2010 2019
  -13.74   -7.13  -10.73   -9.65   -4.11
   -7.98    7.44   18.46   21.45   15.45
    0.51    8.09   15.77   16.70   11.07
    3.64    4.95    7.65    7.64    5.09
    2.86    4.39    4.37    4.68    5.32
    3.03    4.58    5.14    6.09    7.49
    3.76    5.00    7.79    9.75   10.88
    2.15    3.03    5.31    6.52    6.58
2020 2029
    3.72   17.80   37.37   48.73   48.58
   13.54   33.79   64.71   75.13   62.02
   20.26   36.56   56.92   60.54   47.74
   17.43   27.64   38.51   39.90   32.51
    0.82    2.63    5.04    7.17    9.32
   -3.06   -2.67   -1.93    0.22    3.86
   -2.18   -1.17   -0.27    1.55    4.14
   -2.00   -1.45   -0.59    0.86    2.82
2030 2039
  -16.40  -10.87   -6.35   -7.76  -14.78
   -8.42    6.06   31.30   44.93   43.61
    9.55   21.70   42.16   51.62   50.00
   15.32   22.24   33.75   37.75   34.91
    5.58    8.00   12.11   14.04   14.18
    3.65    4.82    6.84    8.08    8.70
    5.00    5.54    6.50    7.27    7.85
    2.97    3.44    4.67    6.06    7.50
2040 2049
  -20.26   -0.92   28.79   36.82   20.63
  -13.30    5.99   33.35   39.70   22.86
   -4.92    6.00   19.35   20.92   11.01
   -2.33    3.50    9.88    9.81    3.73
   -4.14   -1.05    0.44   -0.10   -2.62
   -5.83   -3.30   -1.45   -1.09   -2.09
   -7.80   -5.43   -1.07    1.18    1.40
   -8.05   -6.57   -3.77   -1.76   -0.70
2050 2059
  -46.55  -41.65  -30.95   -6.87   24.05
  -54.25  -47.75  -23.75    6.10   35.71
  -32.93  -26.70   -9.14    2.97    9.23
  -16.85  -12.77   -3.65   -0.97   -4.17
  -10.12   -8.16   -4.65   -2.98   -2.84
   -8.04   -6.00   -3.19   -0.77    1.50
   -6.91   -3.67    0.26    4.21    8.04
   -6.29   -4.38   -0.87    2.61    5.82
2060 2069
  -46.30  -45.57  -38.01  -34.10  -34.98
  -48.05  -42.78  -27.03  -19.48  -22.05
  -21.60  -14.31    1.25    5.11   -2.55
   -4.98    0.81   11.71   12.70    4.47
   -0.70    4.08    9.20    9.71    5.95
    2.47    5.89    8.93    9.71    8.42
    6.35    8.00    9.80   11.23   12.26
   -0.66    0.75    4.07    6.59    8.10
2070 2079
  -50.87  -54.09  -62.59  -67.05  -66.17
  -55.97  -57.22  -61.04  -54.97  -39.90
  -33.59  -33.71  -29.47  -25.78  -22.80
  -17.16  -17.55  -12.46  -12.26  -16.61
   -7.89   -6.45   -4.36   -3.37   -3.26
   -2.05   -0.09    0.84    2.46    4.86
    4.20    6.82    7.56    9.77   13.27
   -0.84    0.91    3.33    5.99    8.71
2080 2089
  -45.54  -44.67  -46.95  -47.16  -45.19
  -33.30  -33.53  -36.19  -37.16  -36.15
   -8.49   -5.12   -1.04   -3.60  -12.50
    2.75    6.99   12.16    8.96   -2.18
    2.95    5.65    7.42    6.13    1.78
    3.41    5.68    6.43    5.76    3.71
    4.28    6.53    7.05    6.73    5.64
   -3.23   -1.17    1.24    2.71    3.12
2090 2099
  -39.19  -36.03  -35.22  -34.69  -34.59
  -46.14  -41.55  -39.29  -27.33   -7.83
  -23.20  -16.45  -13.00   -7.21    0.60
   -7.35   -1.45    0.92    1.44    0.27
   -3.80    0.39    3.04    4.52    5.08
   -3.47    1.00    4.70    6.90    7.90
   -4.08    1.60    7.22   10.18   10.59
   -8.52   -5.16    1.29    5.48    7.09
