Mean monthly rainfall - Model Simulations
NaN indicates insufficient data is available
Refer to Accompanying Documentation
GRIDBOX LONGITUDES
           5
   -6.25   -3.75   -1.25    1.25    3.75
GRIDBOX LATITUDES
           4
   11.25    8.75    6.25    3.75
MODEL CLIMATOLOGY 1970-1999 (mm)
   72.66   64.25   56.85   52.19   50.98
  110.88  103.62   92.95   87.87   91.70
  127.08  111.64   94.46   97.80  106.72
   96.05   85.46   77.81   88.04   91.63
Mean Anomalies over 10-year time slices (%)
2000 2009
   17.75   14.68    7.87    0.89    0.82
    7.56    6.45    4.34    4.97    6.52
    6.54    2.42    2.58   10.07   10.58
    3.13    2.30    5.35   12.10   13.07
2010 2019
   -0.97   -0.38    0.56    7.23   13.10
    7.14    7.25    3.23    6.15    7.43
    9.38    9.00    3.31    2.76   -0.21
    6.09    2.51    1.29    2.43   -0.05
2020 2029
   21.55   24.41   23.27   25.08   26.73
   12.43   13.97   11.08   11.55    9.90
    7.90    6.78    8.84   13.27    8.94
    6.87    4.82    4.54    7.56    7.65
2030 2039
  -16.81  -13.26   -5.76   -4.99  -10.62
    0.90    2.77    9.29   12.23    4.24
    3.62    4.35    6.05    8.56    3.78
    2.99    0.67    2.43    8.49    5.78
2040 2049
   29.98   28.02   21.25   22.73   22.62
   27.69   26.98   24.53   21.97   19.46
   19.55   22.64   25.15   28.61   25.42
    9.26   13.47   23.89   36.81   43.17
2050 2059
    9.07    6.77    7.41   15.65   13.76
   10.33   10.84   10.54   14.17   10.61
   10.63   14.30   16.48   19.11   13.39
    9.03   11.10   18.57   24.82   25.92
2060 2069
   33.05   33.90   39.69   49.06   42.95
   30.89   35.78   36.41   34.98   27.08
   24.77   28.03   31.49   28.90   19.63
   24.08   22.64   25.33   23.88   18.30
2070 2079
   17.09   22.19   33.67   35.01   21.61
   20.15   20.39   27.31   27.38   19.82
   12.29   13.01   18.74   22.37   20.22
   -1.59    0.40   10.90   20.38   24.45
2080 2089
   26.07   32.60   38.68   41.03   36.90
   24.96   27.21   34.83   37.12   28.44
   30.95   32.47   37.89   40.61   33.46
   21.88   24.25   29.71   35.46   37.66
2090 2099
   25.50   28.59   24.93   22.00   11.76
   16.63   13.71   13.62   17.39   12.31
   11.69   10.60   13.95   17.72   13.29
    6.01   10.05   19.96   26.14   31.84
