Mean monthly rainfall - Model Simulations
NaN indicates insufficient data is available
Refer to Accompanying Documentation
GRIDBOX LONGITUDES
           5
   -6.25   -3.75   -1.25    1.25    3.75
GRIDBOX LATITUDES
           4
   11.25    8.75    6.25    3.75
MODEL CLIMATOLOGY 1970-1999 (mm)
   12.16   13.75   12.53   11.18    9.70
   25.37   28.23   25.96   23.55   21.00
   72.84   65.72   62.81   65.62   74.15
  113.54   95.57   92.48  101.53  122.72
Mean Anomalies over 10-year time slices (%)
2000 2009
    7.56    0.24   -9.72  -16.88  -20.38
   20.73   13.84    3.73   -3.57   -7.24
    6.92    5.82    3.09   -0.96   -5.25
    1.47    1.22    1.65   -1.18   -5.69
2010 2019
   -0.13   -5.05  -11.34  -13.96  -11.50
   11.21    4.46   -6.16  -11.03   -8.27
    2.83   -1.28   -6.97  -13.02  -17.98
   -0.68   -4.37   -7.46  -13.10  -19.06
2020 2029
   -8.51   -7.68   -8.62   -8.51   -6.92
  -12.22   -8.62   -7.25   -4.50    0.17
    0.40    7.81    8.06    6.98    4.97
    5.01   14.44   14.10   11.07    6.86
2030 2039
    2.70    2.19   -4.60  -10.42  -15.13
   -1.11    1.14   -5.43  -10.95  -15.18
    0.09    7.70    9.18    7.46    3.28
    0.89   10.13   14.54   13.23    7.84
2040 2049
   -9.56   -8.31   -7.82   -9.23  -13.39
   -4.42   -3.36   -6.59   -7.14   -4.10
    0.47    3.17    1.08   -2.59   -6.81
    1.88    5.21    3.46   -1.66   -7.89
2050 2059
  -23.84  -25.12  -28.54  -31.18  -32.84
  -15.30  -16.06  -18.55  -21.15  -23.96
   -0.33    2.08    2.88    0.67   -3.70
    4.73    9.37   10.75    7.21    0.89
2060 2069
  -19.53  -18.05  -19.35  -20.33  -20.88
  -12.47   -8.94  -10.55  -11.74  -12.38
   -6.84   -0.97    3.08    1.70   -4.18
   -5.48    1.08    6.95    4.91   -2.69
2070 2079
  -31.35  -31.51  -34.85  -36.41  -35.51
  -20.04  -17.68  -20.32  -21.19  -19.68
    5.34   10.45   10.78    7.25    1.11
   12.32   19.71   20.40   14.39    4.95
2080 2089
  -16.04  -15.37  -16.59  -20.60  -28.74
   -8.67   -6.84   -6.23   -8.22  -13.74
    5.65   10.08   11.34    8.90    3.74
    9.62   15.68   16.78   13.08    6.74
2090 2099
  -20.89  -18.53  -19.82  -25.20  -36.59
  -18.64  -14.15  -13.11  -16.98  -27.51
   -4.61    2.55    3.23   -1.19   -9.11
    0.11    8.78    8.86    3.40   -4.76
