Maximum 1-day rainfall - Model Simulations
NaN indicates insufficient data is available
Refer to Accompanying Documentation
GRIDBOX LONGITUDES
           5
   13.75   16.25   18.75   21.25   23.75
GRIDBOX LATITUDES
           8
   23.75   21.25   18.75   16.25   13.75   11.25    8.75    6.25
Timeseries in anomalies relative to 1970-1999 mean (mm)
2060s
   -0.84   -0.47    0.03   -0.02   -0.08
   -0.13    0.35    0.37    0.14   -0.07
    0.35    0.33    0.10   -0.02   -0.22
    0.40   -0.15   -0.55   -0.60   -0.69
   -0.32   -0.58   -1.31   -1.85   -1.85
   -0.54   -0.02   -0.08   -0.52   -0.32
   -3.35   -1.30    0.48    0.19    0.47
  -13.65   -8.73   -3.45   -4.31   -4.35
2090s
   -1.01   -0.80   -0.60   -0.51   -0.36
   -0.69   -0.44   -0.29   -0.28   -0.17
   -0.48   -0.31   -0.24   -0.31   -0.30
   -0.34   -0.36   -0.54   -0.75   -0.76
   -0.14   -0.52   -1.37   -1.91   -1.69
   -0.51   -0.42   -0.75   -1.19   -1.04
   -3.60   -2.74   -1.32   -0.71   -0.37
  -13.13  -11.82   -7.08   -3.13   -1.45
