Maximum 1-day rainfall - Model Simulations
NaN indicates insufficient data is available
Refer to Accompanying Documentation
GRIDBOX LONGITUDES
           5
   13.75   16.25   18.75   21.25   23.75
GRIDBOX LATITUDES
           8
   23.75   21.25   18.75   16.25   13.75   11.25    8.75    6.25
Timeseries in anomalies relative to 1970-1999 mean (mm)
2060s
   -0.04   -0.05   -0.05   -0.03   -0.01
   -0.04   -0.05   -0.07   -0.07   -0.05
   -0.06   -0.14   -0.21   -0.24   -0.20
   -0.07   -0.29   -0.35   -0.37   -0.34
   -0.11   -0.36   -0.39   -0.55   -0.67
    0.59    0.28    0.14   -0.14   -0.32
    1.00    0.62    0.42    0.28    0.21
    0.94    0.41    0.11    0.22    0.31
2090s
   -0.04   -0.04   -0.02   -0.01   -0.01
   -0.05   -0.05   -0.04   -0.04   -0.04
   -0.15   -0.12   -0.06   -0.06   -0.09
   -0.23   -0.14    0.07    0.10   -0.05
    0.33    0.24    0.41    0.17   -0.29
    0.70    0.41    0.64    0.33   -0.02
    0.68    0.85    0.92    0.68    0.52
    0.61    1.36    1.01    0.85    0.73
