Maximum 5-day rainfall - Model Simulations
NaN indicates insufficient data is available
Refer to Accompanying Documentation
GRIDBOX LONGITUDES
           5
   13.75   16.25   18.75   21.25   23.75
GRIDBOX LATITUDES
           8
   23.75   21.25   18.75   16.25   13.75   11.25    8.75    6.25
Timeseries in anomalies relative to 1970-1999 mean (mm)
2060s
   -0.18   -0.36   -0.39   -0.39   -0.35
    0.09   -0.08   -0.27   -0.29   -0.17
   -0.07   -0.21   -0.26   -0.27   -0.18
   -0.47   -0.92   -0.52   -0.51   -0.71
    0.16   -0.69   -1.32   -1.69   -1.64
    1.19    0.91   -0.47   -2.06   -2.00
    2.30    3.13    1.57   -0.79   -0.54
    2.98    4.50    3.16    1.87    2.65
2090s
    0.38    0.55    0.38    0.03   -0.23
    0.01    0.19    0.11   -0.13   -0.27
   -0.67   -0.45   -0.28   -0.33   -0.38
   -1.31   -0.83   -0.07   -0.12   -0.64
   -0.06    0.15    1.15    0.17   -1.85
    2.12    2.40    2.35    0.90   -1.31
    3.28    4.63    3.64    1.57    0.24
    3.04    5.27    4.98    3.13    2.56
