Maximum 1-day rainfall - Model Simulations
NaN indicates insufficient data is available
Refer to Accompanying Documentation
GRIDBOX LONGITUDES
           5
   13.75   16.25   18.75   21.25   23.75
GRIDBOX LATITUDES
           8
   23.75   21.25   18.75   16.25   13.75   11.25    8.75    6.25
Timeseries in anomalies relative to 1970-1999 mean (mm)
2060s
    0.27    1.85    1.62    0.89   -0.42
    0.62    1.77    0.75   -0.33   -0.53
    1.01    0.96   -0.01   -0.33    0.03
    1.02    0.44   -0.06   -0.06    0.01
    0.45    0.06    0.05    0.35    0.05
    0.41    0.06    0.09    0.16    0.08
    1.62    1.16    1.21    0.84    0.65
    1.53    0.60   -0.02    0.99    1.39
2090s
   -0.45   -0.41   -0.43   -0.41   -0.89
   -0.20   -0.27   -0.42   -0.57   -0.72
   -0.06   -0.22   -0.41   -0.44   -0.21
   -0.42   -0.23   -0.11   -0.14   -0.50
   -0.31   -0.12    0.10   -0.16   -0.86
   -0.31   -0.50    0.50    0.18   -0.61
   -2.27   -1.47    0.34   -0.43   -0.57
   -2.66   -1.61   -0.42    0.36    0.61
