Maximum 1-day rainfall - Model Simulations
NaN indicates insufficient data is available
Refer to Accompanying Documentation
GRIDBOX LONGITUDES
           5
   13.75   16.25   18.75   21.25   23.75
GRIDBOX LATITUDES
           8
   23.75   21.25   18.75   16.25   13.75   11.25    8.75    6.25
Timeseries in anomalies relative to 1970-1999 mean (mm)
2060s
   -0.08   -0.06   -0.11   -0.13   -0.10
   -0.08   -0.08   -0.13   -0.07   -0.02
   -0.12   -0.10   -0.08   -0.06   -0.03
   -0.29   -0.28   -0.26   -0.24   -0.17
   -0.58   -0.60   -0.47   -0.53   -0.46
   -0.70   -0.59   -0.45   -0.50   -0.53
   -0.50   -0.57   -0.55   -0.45   -0.39
    1.40    0.71    0.24    0.28    0.56
2090s
   -0.11   -0.09   -0.12   -0.14   -0.10
   -0.08   -0.08   -0.13   -0.07   -0.02
   -0.11   -0.10   -0.05   -0.00    0.01
   -0.27   -0.22   -0.09   -0.01   -0.02
   -0.59   -0.43   -0.21   -0.37   -0.42
   -0.44   -0.17   -0.01   -0.07   -0.14
   -0.19    0.14    0.45    0.44    0.44
    0.66    0.65    0.61    0.75    0.79
