Mean monthly rainfall - Model Simulations
NaN indicates insufficient data is available
Refer to Accompanying Documentation
GRIDBOX LONGITUDES
           4
   -1.25    1.25    3.75    6.25
GRIDBOX LATITUDES
           5
   13.75   11.25    8.75    6.25    3.75
MODEL CLIMATOLOGY 1970-1999 (mm)
   87.27   75.82   68.84   55.36
  115.66  106.57   99.46   83.85
  123.93  124.04  120.02  112.31
  135.89  145.05  166.03  147.75
  166.11  180.42  204.45  210.77
Mean Anomalies over 10-year time slices (%)
2000 2009
    9.89    6.38    4.06    3.57
    1.22   -1.27    1.46    2.33
    0.48    0.42   -0.21    0.93
   -0.93   -1.75   -1.59   -1.44
   -1.82   -2.14   -1.70   -1.56
2010 2019
   15.65   14.82   13.23   12.89
    5.59    5.93    7.78    7.38
    4.11    3.59    4.32    4.38
   -0.36    0.24    1.16   -1.33
    1.20    1.45    2.62   -0.34
2020 2029
    4.76    4.32    1.38    0.69
    1.81    0.70    0.71    0.88
   -0.12   -1.22   -0.77   -1.15
   -2.55   -1.19   -2.09   -4.38
    0.62   -0.56   -1.83   -4.59
2030 2039
    5.41    2.67    2.84    4.82
    1.10   -1.73   -0.10    0.27
    1.35   -1.45   -0.54    1.08
    1.10    2.82    3.21    3.18
    6.21    4.66    2.68    1.07
2040 2049
   15.54   13.18   10.41    9.34
    3.47    1.19    3.13    1.67
   -1.51   -0.92    0.44    0.02
   -0.83   -1.28   -0.11   -3.26
    2.58    0.85   -0.81   -1.19
2050 2059
   12.48   10.22    7.20    5.67
    2.39    2.68    2.35    1.38
   -0.62    1.79    2.42    3.86
    0.83    3.73    3.66    3.19
    5.33    3.47    2.89    2.12
2060 2069
   15.09   12.24    9.69    9.58
    5.99    4.86    6.05    5.92
    0.10   -0.07    0.73    3.62
    2.46    4.28    5.31    1.67
    3.57    4.84    6.13    7.25
2070 2079
   11.75    9.35    7.04    6.70
    5.32    4.26    3.84    2.78
    2.11    0.34    0.95    0.36
    2.51    3.40    4.09    2.00
    3.12    3.35    2.28    3.17
2080 2089
    7.32    4.53    3.45    5.88
    1.14    1.07    3.11    3.51
    2.88    2.85    5.09    4.29
    8.03    8.89    9.16    5.69
   10.74    8.48    6.71    7.06
2090 2099
    9.96    8.77    5.40    8.05
    0.84   -0.94    1.36    2.12
    0.00   -0.73    0.01    0.33
    4.26    5.92    7.83    4.14
    4.67    4.14    5.82    6.44
