Mean temperature - Model Simulations
NaN indicates insufficient data is available
Refer to Accompanying Documentation
GRIDBOX LONGITUDES
           5
   31.25   33.75   36.25   38.75   41.25
GRIDBOX LATITUDES
           7
  -11.25  -13.75  -16.25  -18.75  -21.25  -23.75  -26.25
MODEL CLIMATOLOGY 1970-1999
  292.69  292.95  294.02  295.63  298.28
  293.42  293.98  294.55  295.82  298.46
  294.10  294.75  296.00  297.42  298.92
  293.63  295.05  297.76  298.64  299.16
  293.25  295.38  297.87  298.44  298.78
  292.91  295.82  297.26  297.47  297.68
  291.43  295.47  296.39  296.29  296.27
Mean Anomalies over 10-year time slices
2000 2009
    0.84    0.79    0.64    0.40    0.32
    0.75    0.74    0.70    0.53    0.38
    0.67    0.65    0.63    0.57    0.42
    0.60    0.60    0.53    0.46    0.44
    0.41    0.49    0.43    0.42    0.46
    0.31    0.34    0.38    0.42    0.45
    0.39    0.36    0.37    0.40    0.43
2010 2019
    0.94    0.78    0.63    0.64    0.63
    0.96    0.85    0.68    0.68    0.66
    1.02    0.89    0.74    0.73    0.72
    1.02    0.90    0.77    0.72    0.77
    1.10    0.92    0.75    0.73    0.79
    1.17    0.98    0.78    0.77    0.81
    1.10    0.88    0.78    0.79    0.82
2020 2029
    0.94    0.93    0.90    0.87    0.77
    0.90    0.92    0.92    0.87    0.76
    0.87    0.88    0.84    0.79    0.75
    0.92    0.88    0.78    0.74    0.75
    1.05    0.97    0.76    0.76    0.78
    1.09    0.97    0.76    0.77    0.81
    1.11    0.87    0.76    0.78    0.81
2030 2039
    1.50    1.46    1.39    1.21    1.06
    1.46    1.43    1.37    1.24    1.10
    1.46    1.37    1.30    1.22    1.14
    1.56    1.40    1.18    1.13    1.18
    1.69    1.45    1.11    1.12    1.21
    1.71    1.45    1.08    1.08    1.16
    1.57    1.24    1.03    1.04    1.05
2040 2049
    1.83    1.71    1.58    1.51    1.35
    1.85    1.79    1.69    1.56    1.38
    1.93    1.83    1.69    1.52    1.40
    2.01    1.84    1.50    1.35    1.39
    2.00    1.79    1.32    1.27    1.39
    1.91    1.65    1.25    1.22    1.32
    1.70    1.38    1.16    1.15    1.19
2050 2059
    2.02    1.96    1.87    1.66    1.43
    2.03    2.01    1.94    1.74    1.47
    2.16    2.11    2.02    1.76    1.53
    2.15    2.04    1.80    1.61    1.58
    2.04    1.98    1.64    1.61    1.68
    2.05    1.91    1.61    1.64    1.74
    2.00    1.71    1.56    1.63    1.69
2060 2069
    2.42    2.32    2.22    2.02    1.71
    2.52    2.43    2.25    2.07    1.74
    2.69    2.57    2.31    2.06    1.82
    2.75    2.55    2.12    1.90    1.93
    2.75    2.47    1.93    1.88    2.03
    2.81    2.41    1.91    1.89    2.04
    2.58    2.09    1.84    1.85    1.91
2070 2079
    3.37    3.15    2.94    2.69    2.24
    3.55    3.37    3.08    2.77    2.29
    3.67    3.49    3.14    2.74    2.37
    3.65    3.43    2.81    2.48    2.47
    3.65    3.35    2.55    2.45    2.57
    3.71    3.24    2.52    2.48    2.59
    3.56    2.83    2.44    2.44    2.48
2080 2089
    4.05    3.90    3.63    3.22    2.70
    4.10    3.95    3.71    3.33    2.74
    4.26    4.02    3.69    3.24    2.81
    4.48    4.11    3.33    2.94    2.91
    4.68    4.17    3.05    2.91    3.07
    4.62    3.99    3.00    2.91    3.06
    4.12    3.35    2.88    2.84    2.87
2090 2099
    4.50    4.32    4.06    3.70    3.06
    4.65    4.44    4.18    3.77    3.11
    4.83    4.52    4.11    3.64    3.19
    5.00    4.53    3.67    3.27    3.26
    5.03    4.39    3.31    3.18    3.33
    4.89    4.14    3.18    3.10    3.28
    4.40    3.53    3.02    2.98    3.04
