Mean monthly rainfall - Model Simulations
NaN indicates insufficient data is available
Refer to Accompanying Documentation
GRIDBOX LONGITUDES
           5
   31.25   33.75   36.25   38.75   41.25
GRIDBOX LATITUDES
           7
  -11.25  -13.75  -16.25  -18.75  -21.25  -23.75  -26.25
MODEL CLIMATOLOGY 1970-1999 (mm)
  100.34   95.91   98.50  122.30  159.70
   66.33   66.29   72.22  103.61  146.26
   38.53   42.76   61.44   97.56  135.55
   26.70   35.60   71.42   88.22   81.28
   21.65   28.25   56.72   64.37   50.78
   26.09   27.20   35.71   38.25   35.73
   47.92   44.30   35.99   32.75   36.56
Mean Anomalies over 10-year time slices (mm)
2000 2009
   -2.31   -0.47   -2.78   -0.70    4.92
    0.03    3.06    2.74    5.84   11.52
    2.61    2.83    4.03    8.22   14.54
    1.44    3.72    5.69    7.55   10.05
   -0.10    0.79   -0.24   -0.93    0.49
    0.59   -1.41   -2.52   -3.26   -2.97
    5.48    4.17    1.33   -1.32   -3.37
2010 2019
  -10.39   -4.95   -2.63    5.55   18.20
  -11.52   -8.54   -3.80    6.54   19.30
   -7.59   -6.10   -1.92    7.46   18.86
   -4.99   -3.91    2.40    7.49    9.90
   -4.44   -3.75   -0.87   -0.11   -0.73
   -4.10   -3.67   -2.62   -2.62   -2.77
   -3.41   -2.87   -2.62   -2.69   -2.30
2020 2029
  -11.12   -5.69   -2.84    3.88   13.50
   -2.08   -1.21   -0.28    4.72   12.30
   -1.40    0.06    4.32    8.77   11.95
   -3.36   -1.36    7.23   10.74    8.17
   -2.46   -1.61    3.95    6.93    6.77
    2.34   -0.14   -0.84    0.00    2.55
    9.06   -0.50   -3.59   -2.30    2.30
2030 2039
   -3.42    2.30    3.05    4.10    6.74
   -5.97   -2.69    0.68    6.43   13.34
   -5.89   -3.50    1.24   10.69   22.05
   -6.72   -4.17   -0.51    5.09   11.48
   -6.40   -5.27   -2.89   -0.14    2.94
   -4.08   -5.14   -2.32   -1.06   -1.24
    4.65   -2.97   -1.28    0.16    0.16
2040 2049
    8.64   16.29   18.61   21.25   25.11
    9.76   19.03   15.14   19.21   31.43
    3.71    7.78   10.28   21.56   38.11
   -2.10   -0.24    6.06   14.96   23.73
   -4.03   -3.63    0.55    4.61    8.28
   -4.07   -4.04   -2.44   -0.91    1.26
    5.00    4.60    1.03   -1.07   -0.27
2050 2059
   10.92    9.44    9.21   15.03   25.26
   -2.37   -0.71    3.36   16.72   35.24
   -6.56   -4.70    4.03   23.74   47.45
   -7.62   -4.68    7.24   21.36   34.26
   -6.28   -4.83   -1.83    4.74   14.22
   -2.14   -4.45   -3.91   -1.27    3.00
   -0.25   -7.21   -6.39   -4.91   -3.79
2060 2069
   -4.21    2.02    2.72    3.30    6.01
   -5.07    0.47    2.21    9.76   22.21
   -3.45   -0.07    4.76   17.68   34.96
   -3.78    1.54   18.59   30.63   34.83
   -2.98    0.69   18.65   28.33   28.19
    0.10    1.93   14.73   20.55   18.94
    6.71    4.09    7.43   11.88   16.45
2070 2079
    8.71   18.54   20.94   21.20   22.51
    4.97   15.33   14.70   21.76   35.91
   -3.46    0.87    6.80   27.59   56.00
   -7.02   -3.66   10.23   27.94   43.78
   -6.22   -4.18    2.20   12.10   23.32
   -2.59   -4.82   -1.45    3.60    9.92
   -0.27   -3.29    0.60    2.40    2.52
2080 2089
    6.00   12.52   14.99   24.32   39.38
   -3.03    1.34    3.64   17.27   38.46
   -7.67   -4.34    1.23   21.94   51.09
   -9.23   -7.22    1.15   17.45   36.94
   -6.61   -8.28   -8.12   -0.15   13.93
   -8.17  -10.78   -8.78   -3.37    4.73
   -7.37  -15.64   -9.92   -3.41    1.93
2090 2099
   16.96   26.08   26.78   32.00   42.77
   -1.80    3.72    7.31   29.15   62.76
   -7.40   -7.11   -3.07   25.21   68.15
  -13.34  -11.65   -0.84   18.66   41.71
  -12.77  -11.54   -0.55    9.26   17.27
  -11.34  -12.70   -1.48    3.15    1.91
  -12.69  -18.69   -8.35   -2.86   -3.52
