Mean monthly rainfall - Model Simulations
NaN indicates insufficient data is available
Refer to Accompanying Documentation
GRIDBOX LONGITUDES
           4
  -16.25  -13.75  -11.25   -8.75
GRIDBOX LATITUDES
           5
   13.75   11.25    8.75    6.25    3.75
MODEL CLIMATOLOGY 1970-1999 (mm)
    3.66    3.76    5.56    5.21
   13.59   19.80   28.39   23.45
   52.03   63.02   80.13   66.59
  149.15  140.25  134.75  127.02
  190.19  168.48  143.71  123.98
Mean Anomalies over 10-year time slices (%)
2000 2009
   -1.21   19.65   18.65   27.02
   -8.05   -5.19   -4.29   -1.02
   -7.96   -6.10   -4.41   -2.08
   -3.85   -2.12   -0.98   -0.81
    2.69    3.76    4.75    4.71
2010 2019
  -26.21  -29.13  -20.46  -16.48
  -23.80  -19.41  -11.59   -9.05
  -13.32  -10.37   -6.78   -5.64
   -3.65   -1.78   -1.78   -2.07
    3.93    5.38    6.08    6.89
2020 2029
  -14.95  -32.27  -20.95  -15.14
  -26.89  -21.85  -11.88  -10.07
  -18.63  -13.66   -7.33   -4.81
   -9.89   -7.41   -5.41   -3.73
   -4.27   -3.13   -3.19   -0.09
2030 2039
  -32.02  -42.31  -29.73  -23.25
  -37.31  -30.11  -19.12  -18.38
  -19.31  -15.76  -11.63  -12.07
   -6.83   -4.93   -3.98   -3.94
    2.70    3.79    4.95    6.20
2040 2049
  -34.13  -43.29  -28.47  -21.91
  -40.53  -31.09  -19.13  -17.12
  -22.80  -18.52  -14.22  -12.50
   -7.44   -4.99   -4.37   -5.38
   -0.31    1.39    3.92    3.48
2050 2059
  -25.74  -46.93  -31.27  -24.14
  -41.14  -33.27  -20.53  -16.25
  -26.40  -20.45  -13.35   -9.39
   -9.68   -6.37   -4.98   -3.96
   -1.31    0.51    1.57    2.80
2060 2069
  -38.39  -47.97  -33.40  -22.72
  -38.09  -32.98  -21.78  -14.88
  -20.47  -17.06  -12.60   -7.99
   -6.82   -2.53   -1.33   -3.02
   -0.95    2.00    3.57    3.54
2070 2079
  -20.86  -38.18  -21.81   -7.86
  -36.65  -30.53  -18.63   -8.14
  -23.50  -17.97  -11.92   -5.08
  -10.99   -6.17   -3.60   -3.12
   -5.10   -2.43    1.03    2.65
2080 2089
  -37.32  -57.94  -39.08  -18.15
  -53.46  -43.44  -25.18  -12.38
  -33.37  -26.82  -18.48  -10.25
  -11.16   -5.85   -3.78   -3.32
   -3.86   -0.66    1.75    4.38
2090 2099
  -37.46  -69.81  -52.85  -31.49
  -62.47  -56.38  -39.04  -21.43
  -40.72  -35.20  -27.65  -15.30
  -16.68  -10.40   -7.71   -5.58
   -5.78   -1.52    3.33    6.67
