Mean monthly rainfall - Model Simulations
NaN indicates insufficient data is available
Refer to Accompanying Documentation
GRIDBOX LONGITUDES
           5
    6.25    8.75   11.25   13.75   16.25
GRIDBOX LATITUDES
           5
    3.75    1.25   -1.25   -3.75   -6.25
MODEL CLIMATOLOGY 1970-1999 (mm)
   91.91  118.80  173.90  209.87  206.72
   33.31   44.32   83.76  155.61  185.26
    8.63   10.68   25.02   66.77   91.13
    4.77    4.75    5.64   18.00   29.36
   14.30   16.50    4.38    3.38    7.56
Mean Anomalies over 10-year time slices (%)
2000 2009
   -7.28   -3.01    0.84    4.84    5.34
  -21.95  -15.34   -7.75   -3.11    1.91
  -10.20  -12.01  -13.13   -7.53   -6.76
   15.18    5.61  -17.04  -10.74  -12.51
    2.13    0.11  -12.72  -18.15  -24.48
2010 2019
    1.89    0.26    3.95    3.37   -0.29
   -5.08   -0.22    9.59    9.37    7.27
   -3.19    1.15    4.18   -2.18   -2.07
   -6.64   -4.05   -3.52   -8.85   -9.76
   -8.75   -8.45   -6.33   -2.36  -19.38
2020 2029
   -1.28    1.22    4.46    7.14    7.48
   -7.61   -4.28   -1.68    2.64    4.87
   -6.73   -6.97   -6.11    0.16   -0.46
    2.83   -4.11   -8.94   -5.16   -3.17
   -4.23   -8.60   -9.58  -18.39  -14.51
2030 2039
    4.50    5.72    6.66    7.97    4.85
   -0.59   -0.65    0.20    1.17   -0.45
   -6.39   -4.28   -3.44   -5.79   -6.65
   -6.55   -5.09   -1.89   -9.76   -9.89
   -5.39   -7.35   -9.18  -10.17  -14.01
2040 2049
   12.45   13.14   12.53   13.21   11.00
   12.59   17.73   17.59   10.95    6.47
    0.60   12.49   17.25    7.70    1.74
  -18.96  -10.92    6.15    0.99   -6.87
   -2.30   -3.72   -9.56  -14.10  -29.65
2050 2059
   14.57   17.20   16.14   13.51   13.25
    9.32    9.53   14.09   12.73   15.70
    6.36    9.01   12.77    8.02    7.25
  -12.43   -2.48   16.69   11.13    2.11
  -14.44  -14.94  -11.12   13.67  -11.62
2060 2069
    3.20    4.66    2.96    4.08    4.15
   -4.08    0.50    2.63    1.24    1.76
  -14.04   -3.47   -0.35  -10.40  -12.52
  -14.43  -15.63  -12.99  -27.62  -32.31
  -11.99  -16.86  -17.09  -46.31  -56.03
2070 2079
    6.85   13.73   17.99   17.25   13.53
  -11.86    2.89   10.66    7.10    4.27
  -24.73  -11.08   -0.67   -1.40   -5.50
  -12.62  -12.01  -11.93  -11.40  -15.06
   -1.06   -9.27  -17.46  -25.29  -30.19
2080 2089
   13.97   18.66   19.76   18.16   13.56
    0.20   12.28   21.15   13.92    6.96
   -8.32   16.44   28.24   10.47   -4.39
  -22.28   -7.92   25.89    0.02  -19.22
  -12.60  -12.53   -7.90  -16.35  -35.52
2090 2099
    2.48    7.31    9.47   11.89   14.66
   -7.23   -2.74    3.09    3.50    6.20
  -25.41  -14.48   -5.02   -4.81  -11.14
  -24.88  -23.73  -19.54  -19.15  -26.95
   -6.96  -10.58  -12.95  -38.02  -44.80
