Mean monthly rainfall - Model Simulations
NaN indicates insufficient data is available
Refer to Accompanying Documentation
GRIDBOX LONGITUDES
           4
  -18.75  -16.25  -13.75  -11.25
GRIDBOX LATITUDES
           3
   16.25   13.75   11.25
MODEL CLIMATOLOGY 1970-1999 (mm)
   38.64  115.14  155.02  144.46
   82.44  165.97  217.10  220.34
  195.56  273.63  307.75  288.98
Mean Anomalies over 10-year time slices (mm)
2000 2009
   -2.62    3.51   10.73   17.13
   -8.90   -7.83   -4.14    1.75
  -17.44  -14.34  -11.06   -8.12
2010 2019
   -6.41   -5.60   -3.92   -1.71
  -14.21  -11.06   -6.80   -2.72
  -18.70  -14.27   -8.52   -3.44
2020 2029
   10.01    1.74    2.26   11.50
   15.36   11.29   12.06   18.13
   19.00   16.75   14.53   13.97
2030 2039
   -8.70   -8.37   -6.00   -2.04
  -17.21   -9.15   -0.90    5.18
  -22.31  -11.89   -3.54    0.69
2040 2049
   -0.93    1.62    4.72    7.73
   -4.74    0.49    6.37   11.24
  -13.07   -6.86    0.61    7.29
2050 2059
   -7.91   -3.14   -0.61   -0.76
  -11.25   -1.58    5.40    7.98
   -3.44    7.08   13.18   13.80
2060 2069
   -4.81   -3.31    0.88    6.69
   -6.40    1.45    8.51   12.24
   -6.61   10.08   21.13   22.48
2070 2079
   -3.52    4.08   10.45   13.45
   -6.34    5.13   12.25   12.00
  -14.62   -0.43    8.54    8.85
2080 2089
    1.51   -7.38   -5.63    7.35
   -3.02    6.05   18.17   29.61
  -15.04    1.52   18.08   28.86
2090 2099
   -2.09    1.67   11.40   24.71
   -6.09    5.51   19.91   32.70
  -11.81   -1.18   14.71   30.53
