Mean monthly rainfall - Model Simulations
NaN indicates insufficient data is available
Refer to Accompanying Documentation
GRIDBOX LONGITUDES
           4
  -18.75  -16.25  -13.75  -11.25
GRIDBOX LATITUDES
           3
   16.25   13.75   11.25
MODEL CLIMATOLOGY 1970-1999 (mm)
   24.66   22.94   23.41   27.14
   41.97   42.90   48.30   54.12
   73.04   77.81   94.95  103.09
Mean Anomalies over 10-year time slices (mm)
2000 2009
   -1.59   -1.25   -0.88   -0.47
   -3.09   -2.38   -1.87   -1.26
   -2.63   -0.69    0.86    0.60
2010 2019
   -3.62   -2.97   -1.88   -2.43
   -5.30   -3.55   -0.89   -1.03
   -0.82    0.27    2.00    2.18
2020 2029
    0.43    1.15    0.36   -0.57
    1.84    2.87    1.02   -0.87
    5.06    5.34    3.30    1.52
2030 2039
   -3.28   -2.09   -0.53   -0.43
   -4.92   -2.95   -0.40    0.15
   -0.23    1.91    2.96    2.88
2040 2049
   -4.01   -3.22   -2.40   -2.39
   -5.74   -4.08   -2.42   -1.66
    3.09    4.62    3.91    2.63
2050 2059
   -3.75   -2.44   -1.56   -1.58
   -5.23   -2.81   -0.47   -0.15
    1.68    3.75    4.53    3.41
2060 2069
   -2.66   -0.99    0.39    1.02
   -2.96   -0.29    2.17    2.77
    6.28    8.03    8.14    6.86
2070 2079
   -5.07   -4.22   -3.82   -4.39
   -8.95   -6.69   -5.02   -5.10
   -1.42    1.88    1.91   -0.04
2080 2089
   -7.30   -5.41   -2.98   -3.22
  -11.83   -7.74   -2.57   -1.85
   -2.36    2.43    4.59    4.04
2090 2099
   -7.58   -6.24   -4.86   -4.77
  -11.32   -7.80   -3.67   -2.60
    0.45    5.38    6.79    5.78
