Mean monthly rainfall - Model Simulations
NaN indicates insufficient data is available
Refer to Accompanying Documentation
GRIDBOX LONGITUDES
           4
  -18.75  -16.25  -13.75  -11.25
GRIDBOX LATITUDES
           3
   16.25   13.75   11.25
MODEL CLIMATOLOGY 1970-1999 (mm)
   17.88   19.01   20.71   29.36
   25.27   33.24   45.73   61.72
   50.10   72.86  112.32  136.97
Mean Anomalies over 10-year time slices (mm)
2000 2009
   -1.63   -1.93   -1.93   -0.69
   -3.98   -3.89   -1.91   -0.58
   -6.89   -4.56    0.71    2.71
2010 2019
   -1.80   -1.50   -0.74   -2.86
   -3.38   -1.77    1.79   -0.26
   -0.67    1.67    6.18    6.74
2020 2029
   -0.18    0.55    1.17    1.40
    0.11    1.33    2.36    1.16
    2.39    1.90   -0.46   -0.30
2030 2039
   -2.06   -1.12    0.28   -0.18
   -5.07   -3.07    1.07    0.79
   -8.62   -5.79   -0.91    0.16
2040 2049
   -1.11   -1.86   -3.24   -6.69
   -2.56   -3.48   -4.36   -7.13
   -2.24   -4.66   -8.04   -7.53
2050 2059
   -1.11   -1.30   -2.68   -2.84
   -3.05   -2.55   -2.43   -2.68
   -3.96   -2.53   -1.04    0.53
2060 2069
    0.02    1.45    3.51    5.35
    0.22    2.15    5.22    6.25
    3.67    4.48    4.06    5.74
2070 2079
   -1.24   -2.09   -4.55   -7.66
   -5.62   -6.62   -8.80  -11.78
  -13.04  -14.64  -18.48  -16.73
2080 2089
   -1.77   -1.93   -2.92   -5.70
   -7.25   -7.85   -9.02  -11.14
  -19.05  -19.90  -20.60  -15.30
2090 2099
   -3.12   -4.31   -7.08   -9.97
   -7.76   -9.95  -13.54  -16.17
  -18.23  -20.29  -24.29  -21.11
