Mean monthly rainfall - Model Simulations
NaN indicates insufficient data is available
Refer to Accompanying Documentation
GRIDBOX LONGITUDES
           4
  -18.75  -16.25  -13.75  -11.25
GRIDBOX LATITUDES
           3
   16.25   13.75   11.25
MODEL CLIMATOLOGY 1970-1999 (mm)
   17.54   19.54   24.02   30.81
   40.82   39.43   40.74   46.13
   80.53   87.26   90.76   91.91
Mean Anomalies over 10-year time slices (mm)
2000 2009
    1.86    2.36    1.93    0.95
    3.70    3.17    2.67    2.52
    3.44    2.69    1.34   -0.15
2010 2019
    0.02   -1.44   -2.52   -2.78
   -1.74   -1.92   -1.95   -1.89
   -2.67   -2.36   -3.42   -5.49
2020 2029
   -1.72   -1.71   -1.95   -2.14
   -2.82   -2.51   -2.12   -1.74
   -4.19   -3.54   -4.00   -5.38
2030 2039
   -2.22   -2.67   -3.57   -4.58
   -3.01   -3.80   -4.36   -4.45
   -1.53   -2.71   -4.03   -4.96
2040 2049
   -4.03   -4.77   -5.20   -5.04
   -5.46   -5.12   -4.66   -4.18
   -3.79   -3.67   -4.13   -5.10
2050 2059
   -3.33   -3.81   -4.05   -3.68
   -5.20   -5.61   -5.59   -4.98
   -5.67   -5.95   -6.84   -7.85
2060 2069
   -2.78   -4.27   -5.31   -5.20
   -3.52   -4.01   -4.29   -3.82
   -1.31   -1.50   -2.66   -3.99
2070 2079
   -5.94   -7.80   -9.38  -10.00
  -10.60  -10.89  -10.56   -9.60
  -12.22  -12.39  -11.58   -9.94
2080 2089
   -5.93   -7.39   -8.96   -9.96
  -10.84  -10.38   -9.99   -9.86
  -10.89  -10.76  -10.23   -9.67
2090 2099
   -6.40   -7.87   -9.79  -11.62
  -10.66  -10.38  -10.23  -10.21
  -10.95   -9.52   -8.88   -9.10
