Mean monthly rainfall - Model Simulations
NaN indicates insufficient data is available
Refer to Accompanying Documentation
GRIDBOX LONGITUDES
           4
   -1.25    1.25    3.75    6.25
GRIDBOX LATITUDES
           5
   13.75   11.25    8.75    6.25    3.75
MODEL CLIMATOLOGY 1970-1999 (mm)
   97.36   95.81   93.12   76.51
  141.82  137.35  134.08  117.54
  188.11  186.66  191.65  186.56
  232.90  244.29  271.80  305.72
  230.46  240.88  261.84  299.57
Mean Anomalies over 10-year time slices (%)
2000 2009
   10.89    7.87    3.11    5.87
    3.11    1.89    0.92    3.85
    0.11    0.84    2.02    3.80
    2.86    5.46    6.45    5.33
    2.42    5.25    7.20    5.97
2010 2019
    4.90    5.43    6.20    8.94
    4.41    6.06    6.95    6.98
    5.04    7.31    7.73    6.76
    9.60   10.89    8.80    6.71
    4.29    5.02    4.11    3.57
2020 2029
   10.68   12.69   11.85    3.06
    9.72   11.74   12.75    9.13
    7.03    9.32   11.99   11.37
    4.30    9.46   13.69   11.45
    1.73    6.63   11.09    9.62
2030 2039
    8.85    6.66    1.58   -2.08
    7.50    6.18    2.56   -0.29
    9.36    9.07    6.38    3.20
   16.38   17.38   14.36    8.65
   15.60   17.47   16.39   11.12
2040 2049
    9.14    9.20    9.40   10.23
   12.01   13.69   13.59   12.73
   11.46   13.69   13.65   12.19
    4.20    7.56    9.62    8.60
   -0.01    3.23    5.92    5.75
2050 2059
   17.98   15.15    8.73    4.78
   16.04   14.34   11.25   11.69
   14.98   14.92   14.17   15.24
   15.03   17.94   18.12   15.19
    8.56   12.62   13.14   10.35
2060 2069
   17.49   24.84   29.25   34.25
   14.75   19.72   23.94   27.43
   12.03   16.33   20.42   21.66
    7.55   15.21   19.32   17.40
    1.45    9.06   14.66   13.31
2070 2079
   42.63   50.22   49.12   42.77
   28.80   34.81   35.75   33.34
   18.31   23.05   25.14   23.69
   12.77   17.42   19.50   15.84
    4.35    8.47   11.70   10.69
2080 2089
   12.84   16.05   16.02   18.50
   18.99   21.97   22.47   25.00
   17.97   22.45   25.19   26.64
    6.20   16.74   24.03   23.19
   -5.20    5.18   13.87   15.57
2090 2099
   16.41   17.53   19.20   19.40
   13.38   15.88   18.56   20.91
    9.15   13.40   16.71   19.44
    1.41    8.84   13.77   15.04
   -7.60   -0.70    5.35    9.21
