Mean monthly rainfall - Model Simulations
NaN indicates insufficient data is available
Refer to Accompanying Documentation
GRIDBOX LONGITUDES
           4
   -1.25    1.25    3.75    6.25
GRIDBOX LATITUDES
           5
   13.75   11.25    8.75    6.25    3.75
MODEL CLIMATOLOGY 1970-1999 (mm)
  104.83   96.62   95.10   84.15
  156.50  146.06  136.98  123.13
  170.42  166.77  159.86  147.97
  154.70  161.30  189.46  164.78
  178.85  186.03  202.56  203.65
Mean Anomalies over 10-year time slices (%)
2000 2009
   15.70   11.56    9.22    4.40
    8.67    7.31    5.97    2.95
    7.21    4.85    3.00    1.60
    2.45    1.63    0.03   -2.17
   -2.43   -0.11    1.30    1.68
2010 2019
    7.20    7.26   -0.43   -0.79
    0.93   -0.76   -0.25   -3.62
    1.12   -0.76   -2.56   -4.10
    2.52    4.62    4.00    1.61
    3.29    2.99    5.01    9.63
2020 2029
   23.46   18.22   12.32    9.99
   11.37    8.78    6.43    2.87
    6.25    2.41    0.99   -3.88
   -1.82   -1.83   -5.04  -10.61
    5.70    4.47   -0.75   -3.38
2030 2039
   14.45   10.40    6.09    4.83
    6.55    2.98    1.25    0.89
    3.64   -0.98   -5.75   -3.08
    3.06   -2.68   -8.68   -9.30
   -0.37   -4.83   -2.48   -3.57
2040 2049
   19.77   18.33   18.94   15.07
   12.77   10.64    7.61    5.70
    6.61    4.53    4.85    4.04
   -2.49   -1.99   -4.57   -6.58
   -5.24   -6.09   -7.93   -9.67
2050 2059
   33.95   27.57   19.80   11.59
   18.19   13.94   13.60    6.12
    8.45    7.87    8.68    6.14
   -0.85   -3.90   -4.96   -6.07
    2.21   -1.04   -2.08   -6.83
2060 2069
   28.62   23.53   18.65   18.54
   12.02    6.84   10.62    9.21
    1.89   -0.16    2.22    2.56
   -4.37   -1.97   -1.73  -10.14
    5.90    2.65    0.92   -2.76
2070 2079
   33.20   26.81   21.13   16.89
   17.82    9.42    8.53    4.61
    5.07    0.45   -1.45   -1.06
   -3.66    0.68   -2.85   -6.25
    0.69   -0.75   -3.42   -1.26
2080 2089
   47.03   41.48   34.94   26.35
   24.17   16.17   16.87   16.73
    9.15    3.77    2.19    3.75
    1.88    2.26   -2.74   -4.63
    0.34   -0.49   -3.93   -3.34
2090 2099
   43.33   41.11   33.88   23.01
   16.05   14.24   17.75   11.43
   -0.41   -3.09    1.82    5.07
    0.80    1.05   -6.68   -7.15
    9.11   -0.75   -4.25   -3.91
