Mean monthly rainfall - Model Simulations
NaN indicates insufficient data is available
Refer to Accompanying Documentation
GRIDBOX LONGITUDES
           4
   -1.25    1.25    3.75    6.25
GRIDBOX LATITUDES
           5
   13.75   11.25    8.75    6.25    3.75
MODEL CLIMATOLOGY 1970-1999 (mm)
   13.75   13.51   13.71   12.35
   32.22   33.71   37.44   38.18
   57.25   59.01   66.23   76.29
   87.45   83.83   92.19  124.91
   92.16  103.81  124.51  156.65
Mean Anomalies over 10-year time slices (mm)
2000 2009
    0.33    0.99    1.67    1.53
    0.88    1.76    2.67    2.95
   -1.14   -0.60    0.40    1.40
   -2.89   -1.94    0.52    0.83
   -0.03    0.20    0.30   -0.55
2010 2019
   -0.06    0.35    0.30    0.36
   -1.65   -1.82   -2.17   -2.00
   -2.71   -2.82   -2.74   -3.28
   -7.48   -6.15   -4.16   -3.59
   -5.07   -4.21   -2.31   -2.16
2020 2029
   -1.25   -0.64   -0.76   -0.44
   -2.03   -1.96   -2.28   -1.74
   -5.83   -6.66   -6.79   -5.18
  -11.42  -12.85  -12.32   -8.49
   -2.73   -5.53   -6.73   -3.39
2030 2039
   -1.31   -0.82   -0.67   -0.79
   -2.91   -2.66   -2.42   -3.23
   -5.35   -4.43   -3.56   -3.77
   -8.39   -6.38   -4.65   -4.22
   -0.14   -0.58    0.30   -0.75
2040 2049
   -1.37   -0.55    0.10    0.48
   -4.65   -4.57   -4.12   -3.61
   -8.56   -7.93   -6.47   -6.32
  -15.93  -14.31  -12.09  -11.33
   -7.44   -8.52   -8.44   -9.28
2050 2059
   -3.34   -2.76   -2.07   -1.77
   -6.91   -7.13   -6.96   -6.69
  -11.32  -11.05  -10.04  -10.49
  -15.86  -13.98  -11.29  -10.97
   -2.26   -3.32   -1.53   -4.55
2060 2069
   -0.33    0.82    1.87    2.61
   -3.84   -3.89   -3.17   -1.37
   -6.97   -6.43   -4.77   -1.21
  -10.88   -9.00   -6.73   -4.80
    2.45    0.65   -1.10   -3.30
2070 2079
   -2.47   -1.25   -0.42   -0.79
   -6.20   -5.72   -5.86   -6.61
  -12.40  -11.66  -11.02  -13.14
  -20.69  -17.57  -15.09  -17.30
   -7.90   -9.71   -9.02   -8.97
2080 2089
   -2.38   -1.00   -0.15    0.55
   -5.18   -4.45   -4.03   -3.23
  -12.89  -11.87  -10.59   -9.11
  -20.38  -17.48  -14.47  -11.44
   -5.56   -7.89   -7.85   -7.56
2090 2099
   -4.82   -3.65   -3.02   -2.46
   -7.85   -7.27   -6.74   -5.71
  -15.54  -13.96  -12.51  -10.95
  -19.70  -15.92  -12.75  -12.71
    2.65    0.79    1.73   -1.39
