Mean monthly rainfall - Model Simulations
NaN indicates insufficient data is available
Refer to Accompanying Documentation
GRIDBOX LONGITUDES
           4
   -1.25    1.25    3.75    6.25
GRIDBOX LATITUDES
           5
   13.75   11.25    8.75    6.25    3.75
MODEL CLIMATOLOGY 1970-1999 (mm)
   54.54   52.61   52.62   52.13
   92.68   92.80  100.31   99.84
  161.22  170.09  201.68  199.36
  145.33  166.73  216.65  223.17
   88.86  118.61  174.85  192.81
Mean Anomalies over 10-year time slices (mm)
2000 2009
    1.55    0.88    0.80    0.98
    3.20    1.23    0.32    0.28
    6.36    1.73   -2.55   -3.82
    8.21    4.42    1.66   -0.63
    8.20    6.85    7.58    5.19
2010 2019
    7.71    8.26    9.40    8.82
    8.68    9.32   11.24   11.18
    8.24    6.48    5.63    6.84
    8.94    5.66    1.67    0.01
    8.79    5.27   -0.20   -4.73
2020 2029
   -4.23   -2.87   -1.43    1.10
   -8.99   -8.86   -9.41   -7.10
   -9.84  -12.70  -18.65  -17.62
    3.11   -0.80   -7.93  -11.02
   16.91   13.49    8.06    1.53
2030 2039
    3.43    3.92    4.59    4.94
    0.09    0.68    1.77    2.41
   -0.08   -0.95   -2.64   -4.09
    2.45    0.95   -1.18   -3.36
    5.11    3.88    2.93    1.37
2040 2049
    1.55    3.81    7.86    9.39
   -2.16   -0.32    5.32    7.51
   -5.18   -7.53   -6.81   -5.49
    4.57   -0.58   -5.40   -8.64
   15.93    9.98    1.71   -5.43
2050 2059
   -1.59   -0.58    1.47    3.78
   -5.68   -5.28   -3.36   -0.35
  -10.93  -14.36  -18.88  -17.14
    2.26   -2.47   -9.84  -13.41
   17.94   13.83    6.70   -1.29
2060 2069
   -3.53   -2.99   -2.02   -0.39
   -5.33   -5.91   -6.02   -4.46
   -3.27   -6.62  -11.05  -11.01
   11.30    7.94    3.28   -2.81
   25.29   23.79   21.77   10.95
2070 2079
    3.79    6.70   10.81   12.66
    1.11    2.69    5.71    7.73
   -3.28   -5.90   -8.79   -6.38
    5.86   -1.82  -11.92  -14.78
   17.21    6.70   -7.53  -15.41
2080 2089
   10.05   12.49   14.90   15.06
    8.68   10.29   12.39   12.93
    1.43   -0.08   -1.65   -0.06
   10.28    4.42   -3.18   -6.97
   22.30   14.06    2.67   -6.70
2090 2099
    0.44    2.87    5.74    7.55
   -5.09   -3.37   -0.38    2.27
   -9.77  -11.80  -15.18  -13.90
   14.93    6.82   -3.04   -9.36
   42.44   30.37   17.46    4.72
