Mean monthly rainfall - Model Simulations
NaN indicates insufficient data is available
Refer to Accompanying Documentation
GRIDBOX LONGITUDES
           4
  -16.25  -13.75  -11.25   -8.75
GRIDBOX LATITUDES
           5
   13.75   11.25    8.75    6.25    3.75
MODEL CLIMATOLOGY 1970-1999 (mm)
    4.13    6.07    9.35    7.59
   10.05   17.84   31.49   25.38
   33.46   43.39   57.37   55.23
  104.85  116.17  111.68  102.81
  127.03  137.97  121.33  112.88
Mean Anomalies over 10-year time slices (mm)
2000 2009
    1.90    1.83   -0.56   -1.72
    3.52    1.55   -1.86   -2.37
    0.29   -3.34   -4.42   -3.21
   -5.49   -7.20   -7.51   -5.46
   -4.47   -5.90   -5.92   -6.73
2010 2019
    0.93    2.68    3.54    3.09
    3.53    4.08    4.65    4.16
   14.70   14.66   13.40    9.15
   30.48   29.65   26.18   18.99
   -1.02   -0.79   -0.19   -0.12
2020 2029
    1.19    2.09    3.92    2.68
    4.26    3.32    3.95    2.54
   19.87   19.83   14.31    6.78
   32.44   32.38   25.33   15.66
    0.99   -1.34   -3.01   -5.15
2030 2039
    1.16    1.87    1.83    2.11
    3.60    4.17    4.13    2.44
   12.37   14.14   15.27   12.06
   20.34   22.28   22.85   20.17
   -3.44   -0.48    0.06    3.22
2040 2049
    0.04   -0.31    0.86    2.38
    0.40   -3.02   -2.14    1.90
   10.36    8.11    2.73    0.33
   28.01   22.20   13.77    6.63
    6.25    0.84   -3.17   -5.59
2050 2059
   -1.29   -0.84   -1.35   -0.59
   -1.39   -2.39   -2.45   -1.57
    8.11    5.68   -1.52   -5.32
   25.07   23.07    8.88   -1.10
    3.63    2.78   -6.95   -9.80
2060 2069
   -0.37   -0.84    0.75    1.15
   -1.12   -2.79   -2.03    0.55
   -0.09    0.06   -1.79   -2.10
   11.84   10.73    5.55    1.99
   10.04    7.37    2.39    0.18
2070 2079
    2.53    1.47    1.00    0.47
    4.02    0.15   -2.84   -1.06
   14.66   10.69    1.77   -4.52
   24.53   22.95   11.72   -0.03
   12.40    7.13   -0.39   -2.89
2080 2089
   -1.49   -2.69   -3.10   -1.80
   -3.93   -9.31  -10.17   -5.23
   -3.53   -7.62  -10.95   -9.06
    2.97    4.88    0.16   -3.95
    4.04    8.65    6.71    6.10
2090 2099
   -0.85   -1.80   -1.17    0.61
   -0.40   -3.40   -5.21    0.22
   13.37   11.86    2.27   -1.34
   26.79   32.44   17.54    8.01
    5.87   13.75    7.02    4.38
