Maximum 5-day rainfall - Model Simulations
NaN indicates insufficient data is available
Refer to Accompanying Documentation
GRIDBOX LONGITUDES
           5
   13.75   16.25   18.75   21.25   23.75
GRIDBOX LATITUDES
           8
   23.75   21.25   18.75   16.25   13.75   11.25    8.75    6.25
Timeseries in anomalies relative to 1970-1999 mean (mm)
2060s
   -3.70   -2.38   -2.75   -4.24   -3.80
   -4.30   -4.71   -5.42   -4.94   -2.11
    0.35   -1.04   -2.18   -3.72   -4.00
    3.21    2.32   -0.61   -2.50   -1.39
    3.27    5.63    7.65    7.22    7.37
    2.33    9.09   18.71   22.36   20.02
    2.97   10.15   20.72   26.19   23.30
    6.06    8.83   14.07   16.15   14.37
2090s
   -7.66   -8.83   -8.08   -7.60   -6.78
  -11.13   -9.94   -8.21   -5.75   -2.82
   -9.71   -9.70   -7.12   -2.65   -0.19
   -7.04  -10.42   -9.42   -5.88   -4.59
   -2.98   -7.17   -7.30   -5.09   -4.92
   10.31    8.57    8.38   10.43    9.21
   29.79   29.61   28.53   28.62   25.37
   35.01   33.71   31.86   29.66   25.57
