Maximum 1-day rainfall - Model Simulations
NaN indicates insufficient data is available
Refer to Accompanying Documentation
GRIDBOX LONGITUDES
           5
   13.75   16.25   18.75   21.25   23.75
GRIDBOX LATITUDES
           8
   23.75   21.25   18.75   16.25   13.75   11.25    8.75    6.25
Timeseries in anomalies relative to 1970-1999 mean (mm)
2060s
   -0.49    0.11    0.05    0.02    0.16
    2.24    2.65    2.54    1.93    1.81
    2.84    3.29    3.17    2.41    3.16
    0.61    0.68    0.28   -0.95    1.06
    0.48    0.62    0.42   -0.52    0.06
    1.84    0.79    0.55   -0.10   -0.43
    0.11    0.42    0.67    0.13   -0.54
    0.08    1.12    1.17    0.63    0.58
2090s
   -0.45    1.05    0.30    0.29    1.41
    3.48    5.08    4.95    4.93    6.25
    2.90    3.70    4.64    4.00    4.08
    1.76    2.11    1.39    0.49    0.99
    1.25    1.29    1.21    0.42    0.96
    2.11    1.39    1.43    0.38    0.54
    0.62    0.81    0.82    1.24    1.32
    1.57    1.86    1.18    1.67    1.65
