Frequency of Hot Days - Model Simulations
NaN indicates insufficient data is available
Refer to Accompanying Documentation
GRIDBOX LONGITUDES
           5
   13.75   16.25   18.75   21.25   23.75
GRIDBOX LATITUDES
           8
   23.75   21.25   18.75   16.25   13.75   11.25    8.75    6.25
Timeseries (% days occurring)
2060s
   21.71   20.87   21.32   22.24   22.73
   21.28   21.47   22.27   23.00   23.34
   21.91   22.21   22.88   22.88   22.50
   19.59   19.86   20.89   20.29   19.45
   13.66   12.86   14.58   17.85   19.28
   17.21   13.55   19.42   29.00   30.75
   29.45   25.63   34.09   41.54   40.05
   32.59   30.65   38.66   38.33   34.54
2090s
   26.74   26.22   26.47   26.50   26.17
   28.12   28.22   27.78   27.00   26.38
   28.56   29.29   29.77   28.84   27.82
   27.36   28.84   30.72   30.80   30.18
   23.77   24.18   28.04   33.22   35.27
   35.05   33.44   42.61   52.08   53.08
   55.78   54.40   64.51   69.38   66.09
   58.10   57.37   64.71   63.34   58.49
