Maximum 5-day rainfall - Model Simulations
NaN indicates insufficient data is available
Refer to Accompanying Documentation
GRIDBOX LONGITUDES
           5
   13.75   16.25   18.75   21.25   23.75
GRIDBOX LATITUDES
           8
   23.75   21.25   18.75   16.25   13.75   11.25    8.75    6.25
Timeseries in anomalies relative to 1970-1999 mean (mm)
2060s
   -5.31   -3.56   -1.40   -0.76   -0.53
   -3.40   -2.92   -1.55   -0.93   -0.41
   -7.25   -5.05   -2.74   -1.34   -0.62
  -13.67   -9.40   -6.61   -5.72   -4.55
  -13.64  -12.00   -9.64   -9.12  -10.31
  -13.98  -12.26   -7.14   -4.66   -6.57
  -11.34   -8.58   -5.27   -1.68   -1.58
   -6.22   -5.68   -3.66   -1.00    0.61
2090s
   -4.71   -3.13   -1.34   -0.77   -0.53
   -3.47   -3.31   -1.86   -1.02   -0.44
   -8.58   -6.96   -4.52   -2.21   -1.10
  -15.42  -12.66  -10.55   -9.38   -7.16
  -20.61  -19.21  -16.20  -13.72  -14.19
  -19.76  -21.71  -16.24   -9.89  -11.78
   -9.00  -10.54   -7.99   -4.01   -5.06
   -6.27   -8.68   -2.62    5.38    8.73
