Maximum 1-day rainfall - Model Simulations
NaN indicates insufficient data is available
Refer to Accompanying Documentation
GRIDBOX LONGITUDES
           5
   13.75   16.25   18.75   21.25   23.75
GRIDBOX LATITUDES
           8
   23.75   21.25   18.75   16.25   13.75   11.25    8.75    6.25
Timeseries in anomalies relative to 1970-1999 mean (mm)
2060s
   -0.13   -0.27   -0.40   -0.26   -0.12
    0.39    0.07   -0.31   -0.20   -0.03
    0.70    0.07   -0.56   -0.77   -0.90
    0.88   -0.16   -1.10   -1.82   -2.26
    1.09   -0.49   -2.06   -3.32   -3.46
    4.76    0.99   -2.96   -4.05   -4.46
    7.73    2.31   -3.85   -3.69   -4.63
    4.20    0.85   -4.69   -1.50   -2.81
2090s
   -0.15   -0.18   -0.10   -0.05    0.01
    0.28    0.38    0.49    0.39    0.35
    0.49    0.70    0.85    0.71    0.08
    0.45    0.66    1.05    1.26   -0.01
   -0.03   -0.08    1.09    2.65    1.45
   -0.72   -1.16   -1.27   -0.00   -0.90
   -1.73   -3.32   -4.17   -2.83   -3.47
   -3.16   -7.69   -5.16   -0.54   -1.34
