Maximum 5-day rainfall - Model Simulations
NaN indicates insufficient data is available
Refer to Accompanying Documentation
GRIDBOX LONGITUDES
           5
   13.75   16.25   18.75   21.25   23.75
GRIDBOX LATITUDES
           8
   23.75   21.25   18.75   16.25   13.75   11.25    8.75    6.25
Timeseries in anomalies relative to 1970-1999 mean (mm)
2060s
   -6.06   -5.65   -3.21   -1.74    3.27
    5.21    3.15   -3.65   -6.12   -1.32
    8.94   11.76    4.05   -2.55   -2.28
   14.25    5.73    3.05    5.03    2.46
   20.77   17.05   11.42   12.56    9.05
   12.71   18.34   15.33   16.78   14.06
    2.07    6.46    8.88   15.04   18.74
    5.23    8.12   15.43   24.26   28.38
2090s
   -4.70    2.57    2.98   -1.89   -0.19
   -2.35   -0.17   -5.82   -4.18    5.66
    7.42   13.69    8.65    8.76   17.17
   25.88   22.78   12.69    5.90    7.51
   29.84   17.96    3.59   -1.12    0.42
   19.69   14.86    9.05   11.73   13.16
   24.77   23.08   22.00   28.28   30.66
   42.31   34.77   29.49   31.62   35.62
