Maximum 1-day rainfall - Model Simulations
NaN indicates insufficient data is available
Refer to Accompanying Documentation
GRIDBOX LONGITUDES
           5
   13.75   16.25   18.75   21.25   23.75
GRIDBOX LATITUDES
           8
   23.75   21.25   18.75   16.25   13.75   11.25    8.75    6.25
Timeseries in anomalies relative to 1970-1999 mean (mm)
2060s
   -0.39   -0.22    0.14    0.70    1.30
   -0.06    0.36    0.75    1.38    1.48
    0.53    0.80    0.96    1.20    0.94
    1.04    1.01    0.77    0.46    0.08
    0.87    0.87    0.12   -0.54   -0.54
    0.52    0.98    0.65   -0.39   -0.40
   -1.55   -0.71    0.39   -0.62   -1.05
   -7.73   -7.27   -3.48   -3.23   -4.49
2090s
   -1.09   -0.94   -0.82   -0.73   -0.50
   -0.39   -0.26   -0.25   -0.10    0.02
    0.37    0.48    0.71    0.51    0.35
    0.80    0.90    1.33    0.75    0.42
    0.16    0.35    0.34   -0.03    0.11
   -0.55    0.16    0.47    0.31    0.80
   -2.52   -0.46    1.28    2.11    2.57
   -7.71   -2.84    2.00    6.02    5.73
