Maximum 1-day rainfall - Model Simulations
NaN indicates insufficient data is available
Refer to Accompanying Documentation
GRIDBOX LONGITUDES
           5
   13.75   16.25   18.75   21.25   23.75
GRIDBOX LATITUDES
           8
   23.75   21.25   18.75   16.25   13.75   11.25    8.75    6.25
Timeseries in anomalies relative to 1970-1999 mean (mm)
2060s
   -1.10   -1.76   -1.46   -0.89   -0.80
   -0.91   -2.05   -2.39   -1.50   -0.43
   -0.86   -2.16   -1.86   -1.63   -1.76
   -0.65   -0.53   -0.48   -1.87   -3.45
   -1.23   -0.63   -1.32   -2.56   -2.83
   -1.77   -1.64   -2.18   -1.87   -2.11
   -0.82   -1.17   -0.18   -1.14   -0.75
    1.48    1.82    0.26   -1.28   -1.20
2090s
   -1.15   -1.89   -1.67   -0.98   -0.97
   -1.22   -2.66   -2.75   -2.01   -1.25
   -1.13   -2.58   -2.71   -2.01   -1.73
   -1.70   -1.30   -1.03   -2.33   -2.38
   -2.44   -0.99   -0.09   -1.48   -0.78
   -0.32    1.53    0.46   -0.14   -0.32
   -0.08    1.96    2.57    1.88    1.00
    1.43    3.25    3.65    3.72    3.47
