Maximum 5-day rainfall - Model Simulations
NaN indicates insufficient data is available
Refer to Accompanying Documentation
GRIDBOX LONGITUDES
           5
   13.75   16.25   18.75   21.25   23.75
GRIDBOX LATITUDES
           8
   23.75   21.25   18.75   16.25   13.75   11.25    8.75    6.25
Timeseries in anomalies relative to 1970-1999 mean (mm)
2060s
   -0.08   -0.09   -0.08   -0.02    0.01
   -0.16   -0.16   -0.16   -0.12   -0.07
   -0.84   -0.89   -0.85   -0.67   -0.45
   -2.20   -2.15   -1.89   -1.80   -1.85
   -2.10   -1.94   -1.40   -2.28   -3.97
   -0.79   -0.06    0.73   -0.29   -2.88
    0.93    1.85    1.86    1.26   -0.61
    4.06    3.84    1.75    0.91    0.15
2090s
    0.26    0.11    0.02    0.01    0.02
    0.43    0.33    0.29    0.26    0.25
    0.83    0.91    1.19    1.25    1.20
    0.02    0.51    1.49    2.02    2.08
   -0.83    0.24    1.05    0.75    0.11
    0.63    0.66    1.68    1.12   -0.82
    1.70    1.02    2.22    2.01    0.12
    3.52    3.75    3.28    1.97    1.34
