Maximum 1-day rainfall - Model Simulations
NaN indicates insufficient data is available
Refer to Accompanying Documentation
GRIDBOX LONGITUDES
           5
   13.75   16.25   18.75   21.25   23.75
GRIDBOX LATITUDES
           8
   23.75   21.25   18.75   16.25   13.75   11.25    8.75    6.25
Timeseries in anomalies relative to 1970-1999 mean (mm)
2060s
    0.62    0.50    0.43   -0.23   -0.22
   -0.32    0.04    0.17    0.05   -0.21
   -0.65   -0.02   -0.00   -0.31   -0.78
   -0.64   -0.14   -0.24   -0.89   -1.47
   -0.64   -0.96   -0.79   -1.07   -1.69
   -2.03   -1.09   -0.90   -0.28   -1.19
   -2.91   -0.00    0.17    1.98    0.55
   -0.69    3.15    3.73    6.96    4.73
2090s
   -0.24   -0.02    0.37   -0.37   -0.68
    1.11    0.96    0.01   -1.21   -1.60
    0.94    1.06    0.34   -0.98   -1.94
    0.05    0.35    0.44   -0.54   -1.89
   -0.20   -1.04   -1.16   -1.12   -1.61
   -1.73   -2.31   -1.05    1.24    1.14
   -3.44   -2.93    0.26    6.09    5.79
   -3.82   -1.87    2.43   13.41   12.16
