Mean monthly rainfall - Model Simulations
NaN indicates insufficient data is available
Refer to Accompanying Documentation
GRIDBOX LONGITUDES
           6
  -13.75  -11.25   -8.75   -6.25   -3.75   -1.25
GRIDBOX LATITUDES
           4
   36.25   33.75   31.25   28.75
MODEL CLIMATOLOGY 1970-1999 (mm)
   34.31   33.55   34.64   37.42   41.89   38.38
   28.50   27.40   28.55   28.20   26.38   24.93
   23.67   19.82   18.29   15.48   11.41    9.64
   17.24   12.13    9.36    6.30    2.96    1.69
Mean Anomalies over 10-year time slices (%)
2000 2009
   -3.37   -6.02   -7.86   -5.47    0.02    0.86
   -6.62   -9.09   -7.81   -5.95   -3.19   -2.86
   -1.53   -1.27    3.17    4.08   -0.86   -4.45
    2.58    6.41   16.53   22.46   12.95   -3.15
2010 2019
   -5.26   -5.45   -6.77   -6.92   -6.13   -4.69
   -4.38   -6.85   -9.85   -9.12   -4.37   -0.95
   -5.21   -7.45  -10.64   -9.90   -2.10    4.82
   -5.93   -8.16  -10.41   -7.40   18.08   65.21
2020 2029
    5.36    6.88    6.23    8.21   12.08   12.07
    2.36    3.04    1.17    3.30    9.95    9.37
   -0.68    0.48    0.86    2.51    6.89    4.24
   -2.68   -2.27    0.80    2.08   -3.57  -28.16
2030 2039
    6.56    9.31   13.98   12.51    6.31    4.48
    9.78   11.82   15.03   14.60   10.32    6.75
   12.78   18.52   22.91   21.98   11.51    2.85
   12.78   23.30   30.53   31.93    9.78  -21.26
2040 2049
  -11.20  -12.75  -17.94  -17.85  -13.53  -10.73
   -9.57   -9.06  -13.95  -14.68  -11.19   -9.59
   -7.21   -8.16  -16.50  -19.63  -14.76  -12.74
   -5.11   -7.54  -19.99  -29.70  -31.05  -32.73
2050 2059
   -5.17   -3.61   -4.16   -5.32   -6.84   -6.80
   -8.26   -9.92  -14.53  -17.85  -20.39  -19.66
   -6.27   -7.84  -17.51  -23.52  -25.15  -24.91
   -4.54   -5.62  -19.68  -31.18  -35.58  -47.34
2060 2069
   -6.76   -7.79  -10.66  -12.83  -14.17  -15.24
   -9.83  -11.11  -12.48  -11.23   -7.04   -9.48
   -4.90   -3.96   -4.47   -3.59   -0.01   -4.71
   -1.36    1.68    4.45    9.26   23.83   28.97
2070 2079
    7.28   11.36   13.91   14.54   13.55   10.09
    0.35    1.16    3.11    3.65    2.81   -1.92
    0.89    1.80    0.72   -0.74   -3.34   -9.48
    0.25    1.37   -1.71   -6.52  -19.87  -38.71
2080 2089
   -9.20   -9.80  -12.66  -15.58  -18.22  -19.80
  -12.30  -13.00  -12.83  -16.34  -24.27  -29.35
  -11.23  -12.84  -16.14  -20.36  -27.60  -32.96
   -9.32  -12.21  -19.48  -26.82  -36.55  -47.79
2090 2099
  -11.49  -12.10  -15.05  -15.88  -14.89  -12.61
   -7.48   -7.17   -6.66   -7.57  -10.11  -10.14
   -6.07   -5.64   -3.04   -3.10   -7.83  -10.83
   -3.69   -2.71    4.32    9.55    8.95   -3.48
