Mean monthly rainfall - Model Simulations
NaN indicates insufficient data is available
Refer to Accompanying Documentation
GRIDBOX LONGITUDES
           6
  -13.75  -11.25   -8.75   -6.25   -3.75   -1.25
GRIDBOX LATITUDES
           4
   36.25   33.75   31.25   28.75
MODEL CLIMATOLOGY 1970-1999 (mm)
   30.48   31.43   29.14   24.11   17.41   13.79
   16.64   16.18   14.35   11.51    8.11    5.96
    9.09    8.13    6.20    4.37    2.89    1.90
    4.19    3.36    2.01    1.08    0.67    0.39
Mean Anomalies over 10-year time slices (%)
2000 2009
   11.90   15.03   25.75   30.53   24.58   19.99
   26.22   19.81   23.23   22.10   10.40    7.55
   42.39   12.51   19.70   24.00    3.31  -13.07
   47.42   22.83   40.82   60.58   17.38   -7.48
2010 2019
  -14.58  -27.55  -31.98  -30.77  -22.72  -21.14
   -8.13  -34.73  -45.01  -44.28  -29.13  -19.57
    1.14  -40.42  -48.79  -45.69  -30.75  -12.42
  -16.37  -48.25  -39.87  -18.84  -17.48   -6.48
2020 2029
   15.81    6.36    7.55    8.90    8.13    8.57
   26.82   22.66   24.06   23.09   15.83    8.01
   33.76   31.91   39.90   42.67   28.80   28.09
   44.67   40.72   48.57   56.64   47.50  109.77
2030 2039
   23.66   23.39   27.94   30.69   28.54   16.32
   31.80   26.94   19.04   15.19   18.04   13.88
   35.06    9.32    6.07    2.74   -9.06   -4.88
   16.07  -22.13  -22.24  -11.06   -6.70    8.42
2040 2049
   33.30   40.29   46.99   48.53   41.31   30.36
   37.36   41.60   36.58   33.50   35.30   28.85
   44.29   26.00   24.06   33.17   57.76   66.11
   45.19   11.51   13.23   43.59  104.45  132.77
2050 2059
  -10.24  -19.40  -21.62  -20.65  -15.76  -10.13
   -8.46  -29.43  -32.23  -28.72  -19.40  -15.61
    3.13  -15.27  -14.79   -6.80    6.75    0.10
    7.83  -13.39   -8.10    4.52    1.27   -6.64
2060 2069
  -26.75  -37.83  -36.36  -31.35  -22.77  -17.48
  -29.42  -40.45  -36.77  -28.60  -16.10  -11.07
  -10.71  -17.17  -11.00    3.15   26.48   38.73
    4.46  -19.93   10.07   81.37  153.35  238.82
2070 2079
   -0.69  -14.97  -20.84  -18.70   -4.73    8.59
    5.13  -10.37  -17.52  -16.47   -2.93   10.40
   38.15   20.97   19.47   28.49   55.38   99.53
  112.84  106.80  128.38  153.95  139.27  255.22
2080 2089
   -1.45   -5.56   -3.56    1.77   12.36   21.32
    3.65    3.08    1.07    0.52    2.59    1.27
   25.61   17.76   12.63    4.09  -11.08  -15.51
   50.86   15.77    5.40   -1.87   -5.09   17.74
2090 2099
   41.21   40.49   34.63   28.42   20.29    3.56
   47.35   42.98   39.21   35.38   29.87   19.13
   51.77   30.63   48.62   69.04   73.02   84.03
   72.06   42.64   97.69  204.55  266.77  324.43
