Mean monthly rainfall - Model Simulations
NaN indicates insufficient data is available
Refer to Accompanying Documentation
GRIDBOX LONGITUDES
           6
  -13.75  -11.25   -8.75   -6.25   -3.75   -1.25
GRIDBOX LATITUDES
           4
   36.25   33.75   31.25   28.75
MODEL CLIMATOLOGY 1970-1999 (mm)
   42.50   44.42   47.22   50.53   53.40   51.52
   28.23   29.37   30.20   31.16   31.93   30.55
   17.11   15.63   13.05   10.16    7.34    5.71
    8.06    6.17    5.09    3.94    2.65    1.85
Mean Anomalies over 10-year time slices (%)
2000 2009
  -17.48  -10.52   -4.98    1.60    9.19   17.68
  -15.81   -9.18   -3.90    3.02   11.54   20.66
   -5.68   -5.46   -4.26   -0.36    8.42   15.94
   14.21   -1.85   -4.04    1.20   15.24   26.00
2010 2019
   25.63   26.91   28.81   27.81   24.30   20.73
   32.56   32.44   32.42   30.06   25.38   19.42
   28.87   29.03   35.49   38.17   30.75   17.63
   18.89    5.78    6.08    5.33   -3.84  -13.37
2020 2029
   -1.93   -3.74   -2.88   -1.29    0.75    4.20
   -5.61   -6.41   -6.28   -4.29   -0.77    2.85
  -18.44  -18.01  -17.96  -17.50  -16.17  -15.54
  -35.83  -34.29  -32.28  -32.97  -39.45  -48.48
2030 2039
    8.59   10.45   10.22    8.18    5.07    2.54
    9.22   10.01    9.48    6.13    0.90   -1.80
    2.50    1.58    5.45    4.01   -8.75  -15.77
   -9.63  -16.82  -21.37  -27.82  -40.46  -49.42
2040 2049
  -11.57  -12.56   -8.75   -3.99    0.78    5.57
   -6.87   -9.93   -5.71   -1.21    2.31    5.62
   -5.63  -11.46   -3.44    3.37    2.53   -3.30
  -12.04  -19.37  -15.06  -12.30  -17.62  -28.00
2050 2059
  -16.59  -21.42  -18.58  -13.29   -7.26   -1.94
  -19.83  -24.36  -19.46  -13.10   -7.08   -1.96
  -23.53  -27.97  -23.69  -21.39  -25.16  -22.35
  -39.16  -44.68  -46.64  -48.96  -53.39  -50.23
2060 2069
  -16.18  -22.49  -23.06  -21.62  -19.28  -16.92
  -18.24  -26.42  -27.10  -25.39  -22.56  -19.31
  -20.52  -30.93  -32.20  -31.66  -31.03  -31.13
  -30.91  -33.37  -34.84  -38.29  -46.63  -52.57
2070 2079
  -18.79  -22.01  -22.98  -20.97  -16.22   -7.62
  -26.91  -29.47  -32.04  -28.78  -19.75   -7.30
  -37.50  -37.69  -47.46  -51.26  -39.51  -21.50
  -42.10  -41.68  -52.47  -60.96  -60.89  -47.73
2080 2089
  -19.71  -19.66  -19.91  -18.85  -16.35  -11.86
  -20.80  -24.30  -26.97  -25.75  -20.84  -14.08
  -29.27  -40.42  -47.49  -49.33  -42.39  -32.80
  -33.83  -53.38  -63.46  -67.44  -64.80  -57.23
2090 2099
  -10.44  -17.36  -17.97  -19.25  -21.45  -21.07
  -11.57  -17.89  -17.97  -19.04  -21.49  -21.26
  -20.81  -19.08  -14.75  -12.43  -15.47  -23.92
  -26.79  -23.19  -15.72  -11.57  -15.38  -28.63
