Mean monthly rainfall - Model Simulations
NaN indicates insufficient data is available
Refer to Accompanying Documentation
GRIDBOX LONGITUDES
           6
  -13.75  -11.25   -8.75   -6.25   -3.75   -1.25
GRIDBOX LATITUDES
           4
   36.25   33.75   31.25   28.75
MODEL CLIMATOLOGY 1970-1999 (mm)
   14.41   14.07   14.98   17.39   20.76   22.20
   12.23   10.10   10.75   12.28   14.11   15.21
   10.64    6.86    7.81    8.59    8.45    8.49
    6.97    3.90    4.38    5.27    5.97    6.56
Mean Anomalies over 10-year time slices (%)
2000 2009
   -8.18   -1.81    6.53   11.45   11.59    3.96
   -2.51    8.79   15.08   15.45   11.71    3.58
    5.66   20.79   20.60   16.48   11.13    4.45
    1.67    0.31   26.51   41.01   42.19   17.36
2010 2019
   -3.97   -4.33   -8.02  -10.60  -11.54  -12.11
    7.64   10.94   13.36    8.38   -0.94   -8.16
   12.42   24.05   37.35   32.29   13.00   -4.53
    5.44    8.78   25.73   26.45   16.21    4.30
2020 2029
   -1.99   -4.93  -11.59  -15.81  -16.67  -14.31
   -1.22   -5.22  -20.82  -25.86  -21.02  -12.11
   -0.50   -6.31  -36.85  -44.22  -32.25  -10.36
    3.81   30.42    9.60    0.76    4.85    4.99
2030 2039
  -14.35  -20.34  -22.99  -21.57  -16.57   -3.81
   -5.21  -10.54   -9.19   -6.33   -3.18    1.98
    6.59   10.19   14.33   21.42   28.37    6.91
    9.38   25.71   25.05   33.84   43.75    7.30
2040 2049
  -10.22  -16.34  -19.30  -22.08  -23.29  -17.00
   -2.68  -12.45  -22.95  -26.67  -24.27  -15.25
   -0.05  -13.76  -27.12  -24.75  -12.13   -5.81
  -10.93  -18.38   29.27   58.35   65.80   34.94
2050 2059
  -13.38  -15.19  -17.13  -19.05  -20.87  -24.04
   -5.40  -12.70  -21.12  -23.28  -22.33  -29.02
    0.09  -14.28  -29.99  -27.96  -16.60  -26.36
  -10.65  -27.23    8.37   36.73   52.27   43.85
2060 2069
  -13.65  -18.27  -19.59  -18.03  -15.84  -17.55
   -9.25  -18.12  -27.91  -29.59  -24.83  -16.26
   -3.35  -18.49  -41.94  -46.37  -35.70  -10.34
   -5.71  -18.26  -17.34   -0.61   22.33   32.87
2070 2079
   -6.72   -7.62   -5.51   -6.37   -9.47  -12.50
   -4.06   -4.64   -1.66   -4.11  -10.34  -14.57
   -4.91  -10.64   -6.98   -8.78  -16.67  -23.33
  -12.89  -26.83   -7.42   10.42   18.37   -5.60
2080 2089
   -9.01  -13.30  -18.22  -23.09  -26.22  -24.56
   -3.68  -11.45  -25.73  -34.26  -36.18  -30.53
    1.93  -11.02  -36.46  -45.45  -43.26  -34.19
   -3.67   -4.18   14.96   31.08   37.88    6.94
2090 2099
  -17.83  -28.52  -30.88  -31.58  -31.88  -31.46
  -11.47  -25.24  -29.65  -30.63  -30.15  -27.02
   -9.45  -19.44  -22.93  -21.82  -18.03  -10.95
   -5.23   33.40   43.71   38.24   29.04   17.41
