Mean monthly rainfall - Model Simulations
NaN indicates insufficient data is available
Refer to Accompanying Documentation
GRIDBOX LONGITUDES
           6
  -13.75  -11.25   -8.75   -6.25   -3.75   -1.25
GRIDBOX LATITUDES
           4
   36.25   33.75   31.25   28.75
MODEL CLIMATOLOGY 1970-1999 (mm)
   10.49    7.26    6.58    8.63   10.61   10.74
    6.51    5.33    5.74    9.96   19.04   21.86
    4.73    3.98    8.04   19.59   28.99   27.12
    4.71    6.73   14.26   22.47   23.97   19.85
Mean Anomalies over 10-year time slices (%)
2000 2009
    4.24   18.07   16.82   12.02   24.42   28.03
    5.61   16.31   25.81   15.40    3.20   16.78
   41.97   57.75   25.07    3.21   -0.58   12.98
   44.66   31.36   22.13    9.12    6.32    5.15
2010 2019
  -12.10   15.94   48.51   62.33   54.12   54.89
    0.87   13.58   31.40   33.93   35.13   71.44
   10.93    7.61  -11.32  -17.72   -6.21   20.09
    7.86  -27.22  -42.33  -46.92  -42.32  -30.20
2020 2029
  -29.88  -18.45   -4.77   -1.07   11.29    8.19
   -1.42    8.44   26.68   39.95   24.12    9.79
   39.45   42.44   53.64   57.92   31.35    7.24
   68.95   56.38   48.81   42.57   18.04    0.06
2030 2039
  -21.69   -9.28   -2.23   15.37   40.14   45.33
  -15.17    0.89   15.40   33.05   34.58   36.49
    9.28   38.89   47.08   28.63   26.13   22.84
   39.33   31.39   14.19    4.85    1.01    2.03
2040 2049
    3.72   32.04   35.90   56.93   98.61   97.65
    9.06   26.69   39.70   45.04   39.41   54.54
   15.96   23.47   28.05   23.75   27.75   45.26
   32.66   25.09   22.22   22.88   20.75   26.28
2050 2059
   -9.57    4.41   31.43   58.27   63.04   45.02
   -4.04    4.21   23.13   35.09   37.45   41.72
   -2.66   -0.28  -13.58   -9.69   -2.77    5.11
    9.14  -29.64  -32.57  -24.65  -21.71  -15.83
2060 2069
  -17.23  -14.47  -13.01    0.68   19.49   14.60
   -7.10   -4.56  -17.45  -17.03  -14.63    2.27
    0.66  -17.11  -49.71  -46.09  -40.97  -26.82
    5.98  -44.34  -61.85  -59.39  -58.83  -58.55
2070 2079
  -29.83  -31.48  -27.18   -5.40   13.27   17.69
  -19.43  -20.82  -12.63   10.01   16.66   18.35
    2.53    0.64   10.50   20.34    6.34   -9.88
   25.89    0.59   12.54    8.29  -18.59  -37.67
2080 2089
  -39.80  -38.67  -34.11  -24.87  -10.17   -3.52
  -30.13  -27.09  -31.71  -27.33  -27.31  -20.93
  -18.35  -33.09  -56.00  -47.59  -47.94  -47.75
   -5.07  -48.94  -67.68  -63.60  -63.79  -67.24
2090 2099
  -30.55  -33.17  -36.03  -18.91    3.81   16.91
  -23.66  -25.95  -26.86  -11.21    8.63   24.24
  -11.62  -32.06  -39.49  -23.36   -6.46    8.14
   14.83  -24.40  -34.79  -26.22  -18.76  -13.49
