Mean monthly rainfall - Model Simulations
NaN indicates insufficient data is available
Refer to Accompanying Documentation
GRIDBOX LONGITUDES
           6
  -13.75  -11.25   -8.75   -6.25   -3.75   -1.25
GRIDBOX LATITUDES
           4
   36.25   33.75   31.25   28.75
MODEL CLIMATOLOGY 1970-1999 (mm)
   57.91   59.49   42.08   32.74   31.10   35.05
   44.21   35.24   24.54   29.68   29.50   26.84
   26.71   15.95   18.10   32.20   28.78   17.26
   14.16    7.93    9.37   12.17   10.79    7.36
Mean Anomalies over 10-year time slices (%)
2000 2009
  -15.34  -19.09  -24.38  -24.44  -20.86  -12.38
  -15.41  -21.82  -26.64  -19.25  -12.59   -5.30
   -9.99  -21.43  -20.24  -11.26   -1.70    9.53
    0.83   -9.70   -2.19    5.48   16.77   33.96
2010 2019
   -6.69   -9.24  -11.15   -5.34   13.43   27.28
   -7.67   -5.99   -0.94   11.73   29.11   36.16
   -8.12    2.72    4.11   12.27   28.08   46.88
   -6.51   -0.91   -3.15   -0.38    9.39   30.50
2020 2029
   -9.27  -14.30  -20.60  -23.80  -17.60   -9.54
   -8.59  -15.68  -20.42   -9.15    1.06    0.91
  -11.01  -14.64  -11.58    0.14   11.86   17.11
   -8.18   13.67   17.18   14.39   16.89   18.66
2030 2039
  -10.53  -13.36  -16.65  -10.69    2.20   12.25
   -5.95  -15.17  -19.48   -8.25    0.66    3.30
   -3.95  -17.03  -24.94  -12.50   -7.02   -6.96
    0.23  -14.17  -42.08  -39.57  -34.53  -33.52
2040 2049
  -18.29  -16.47  -12.03   -3.48   -2.49   -4.47
  -20.08  -17.64   -6.45    2.64    4.37    0.08
  -15.15  -12.55    2.63    2.92    6.28    6.56
   -4.43   12.46   41.05   43.17   30.33   17.61
2050 2059
   -5.77  -11.79  -18.44  -25.13  -29.07  -25.97
   -2.81  -12.18  -23.97  -23.42  -24.78  -31.48
    1.81  -16.61  -31.69  -27.26  -28.55  -36.28
    4.42   -7.73  -28.86  -39.91  -52.60  -59.70
2060 2069
  -14.82  -20.29  -26.94  -29.53  -34.56  -36.68
  -15.91  -28.16  -39.67  -35.48  -29.98  -33.29
  -20.36  -35.73  -45.70  -38.34  -27.76  -22.27
  -26.53  -46.72  -53.61  -46.35  -47.01  -48.13
2070 2079
  -31.97  -38.31  -44.45  -43.99  -37.24  -21.91
  -24.16  -34.60  -39.70  -31.55  -31.61  -30.37
  -12.60  -23.77  -34.81  -28.76  -30.96  -31.84
    2.11  -14.98  -40.71  -50.20  -51.25  -33.29
2080 2089
   -9.65   -8.39   -7.67  -13.32  -19.60  -17.90
   -9.03   -5.48   -3.13   -3.80   -4.08  -10.14
    5.01   10.21   -2.90   -2.77   -0.18   -5.96
   20.04   33.81   18.30    0.90  -15.79  -34.96
2090 2099
   17.61    7.25   -4.00   -5.36    1.59    5.03
   27.69    7.14   -8.10  -11.00   -1.47    2.95
   23.26   -3.39  -21.88  -24.89  -15.17   -7.61
   14.12   -8.52  -41.09  -50.33  -55.93  -60.18
