Mean monthly rainfall - Model Simulations
NaN indicates insufficient data is available
Refer to Accompanying Documentation
GRIDBOX LONGITUDES
           6
  -13.75  -11.25   -8.75   -6.25   -3.75   -1.25
GRIDBOX LATITUDES
           4
   36.25   33.75   31.25   28.75
MODEL CLIMATOLOGY 1970-1999 (mm)
   69.04   61.44   65.17   63.96   48.31   44.45
   45.06   44.47   48.21   39.27   27.66   23.07
   25.30   24.71   26.03   19.64   10.13    4.86
   10.33    9.93    6.38    4.10    1.58    0.71
Mean Anomalies over 10-year time slices (%)
2000 2009
   11.09   17.62   12.00    9.53    9.11    4.76
   15.15   15.26    9.13    9.21    8.86    2.87
    7.49    7.60    3.62    2.49   -1.81   -2.78
    0.11   -6.00  -10.84  -10.57  -22.04  -32.78
2010 2019
  -16.12  -11.51  -12.01   -8.54   -3.87   -2.15
  -21.43  -17.27  -16.40  -12.66   -9.84   -9.18
  -21.82  -21.14  -22.69  -21.32  -19.91  -17.47
  -24.46  -26.79  -33.20  -35.39  -35.81  -35.57
2020 2029
  -10.26   -8.73   -5.94   -4.25   -4.01   -4.88
  -10.37   -9.58   -8.65   -5.67   -5.21  -11.98
   -6.83   -8.51  -15.27  -14.62  -13.29  -19.09
   -8.43  -12.59  -19.79  -25.81  -31.24  -46.36
2030 2039
  -11.92  -10.20  -16.01  -19.20  -17.17  -16.30
   -7.25  -14.44  -23.36  -25.18  -17.81  -15.84
   -7.50  -17.22  -27.80  -27.83  -22.08  -18.13
    3.46  -11.67  -26.19  -34.23  -32.92  -20.78
2040 2049
   -1.92   -3.74   -9.61  -11.80  -10.43   -1.80
   -4.52   -8.40  -13.64  -16.93  -11.56   -3.60
   -1.43   -8.44  -17.07  -22.56  -10.26   -2.16
    5.14   -7.19  -16.46  -23.54   12.43   30.85
2050 2059
  -11.98  -16.97  -19.77  -18.91  -20.28  -23.06
  -18.62  -22.13  -29.31  -32.62  -30.77  -29.62
  -19.13  -29.08  -38.73  -45.57  -44.23  -39.20
  -12.40  -35.77  -50.41  -55.74  -47.34   -9.31
2060 2069
  -10.61   -7.73   -7.92   -6.71   -3.22    0.16
  -15.51  -15.98  -11.91   -4.34   -0.62   -5.50
  -18.39  -23.24  -19.48  -14.28  -10.39  -18.26
  -15.61  -21.65  -26.57  -24.12  -21.86  -27.95
2070 2079
   -5.83   -4.06   -8.20   -4.93   -0.83    3.03
  -14.51  -17.12  -18.55  -10.56   -0.20    6.58
  -21.99  -26.11  -28.98  -24.75  -15.05    7.72
  -22.60  -29.28  -40.28  -41.68  -38.90  -12.81
2080 2089
  -16.58  -14.95  -16.45  -15.95  -14.12  -13.61
  -24.16  -22.80  -18.65  -16.66  -12.02  -12.55
  -25.59  -27.00  -26.44  -21.33  -17.94   -8.08
  -20.72  -24.51  -35.21  -33.40  -31.25  -24.34
2090 2099
   -0.43   -5.87  -12.24  -14.86  -22.89  -28.69
   -8.42  -16.77  -23.30  -29.68  -38.51  -38.90
  -13.59  -23.30  -27.03  -33.82  -39.99  -35.57
  -13.73  -22.21  -23.12  -29.04  -38.87  -28.45
