Mean monthly rainfall - Model Simulations
NaN indicates insufficient data is available
Refer to Accompanying Documentation
GRIDBOX LONGITUDES
           4
    8.75   11.25   13.75   16.25
GRIDBOX LATITUDES
           6
   13.75   11.25    8.75    6.25    3.75    1.25
MODEL CLIMATOLOGY 1970-1999 (mm)
   26.14   23.66   22.24   21.88
   61.73   41.06   35.88   46.19
  105.57   88.43   76.98   71.21
  149.07  158.63  140.81   95.61
  135.40  170.31  165.20  120.06
  121.19  168.32  174.69  140.32
Mean Anomalies over 10-year time slices (mm)
2000 2009
    5.68    4.79    6.01    9.36
    5.93    5.29    6.12    8.42
    1.88   -0.31    0.48    4.25
   -5.13  -10.05   -9.03   -2.06
   -2.29   -2.98   -2.77   -1.68
    0.71    3.60    2.95   -1.25
2010 2019
    1.58   -0.08   -1.71   -3.31
    0.40   -0.92   -1.89   -2.50
    0.21    0.08   -0.25   -0.79
    0.86    2.69    2.93    1.57
   -2.21    1.46    3.18    2.95
   -2.46    1.00    3.11    3.86
2020 2029
    0.48   -2.55   -3.88   -3.52
    0.64   -3.68   -5.42   -4.59
    0.68   -3.78   -5.12   -3.33
    0.74   -2.43   -2.72   -0.12
    2.72    3.44    2.78    0.75
    4.67    8.26    7.01    0.92
2030 2039
   -0.60   -1.91   -3.12   -4.22
   -0.44   -1.02   -3.15   -6.83
    2.70    2.13   -0.98   -6.64
    8.24    6.82    2.76   -3.95
    8.76    6.23    1.64   -5.02
   10.01    6.39    1.37   -5.05
2040 2049
    1.08   -0.90   -2.34   -3.24
    5.79    2.50    0.32   -0.77
    8.63    6.45    3.49   -0.24
    8.75    9.81    6.25   -1.92
    4.61    6.16    3.90   -2.18
    3.46    4.16    2.32   -2.08
2050 2059
    1.19   -1.30   -2.03   -0.98
    2.41    1.22   -0.11   -1.59
    6.22    7.43    5.10   -0.76
   11.40   15.37   11.99    1.28
    5.21    7.85    6.55    1.33
    1.64    1.87    1.78    1.37
2060 2069
    1.04    0.40   -0.41   -1.42
    5.54    4.07    2.92    2.07
    6.23    7.80    6.85    3.38
    3.03   10.58   10.27    2.10
    1.67    6.22    5.76    0.29
    6.67    6.06    3.91    0.23
2070 2079
   -3.81   -7.21   -8.82   -8.64
   -3.32   -5.10   -7.74  -11.24
    1.18    3.44    0.81   -6.70
    9.59   17.13   15.37    4.31
   18.10   23.41   20.86   10.46
   27.04   28.45   24.10   13.99
2080 2089
   -5.06   -6.62   -6.66   -5.16
   -2.90   -2.66   -3.72   -6.09
    1.13    3.27    1.71   -3.57
    6.94   10.75    9.33    2.67
   15.74   20.15   19.04   12.43
   27.88   30.89   28.43   20.49
2090 2099
   -3.66   -4.46   -5.17   -5.78
   -1.47   -0.76   -2.80   -7.56
    2.72    3.35    1.42   -3.08
    9.23    8.22    7.49    7.07
   21.43   20.42   17.52   12.72
   34.05   33.79   28.04   16.78
