Mean monthly rainfall - Model Simulations
NaN indicates insufficient data is available
Refer to Accompanying Documentation
GRIDBOX LONGITUDES
           4
   -3.75   -1.25    1.25    3.75
GRIDBOX LATITUDES
           5
   13.75   11.25    8.75    6.25    3.75
MODEL CLIMATOLOGY 1970-1999 (mm)
   54.24   45.97   41.23   36.11
   87.79   75.91   75.68   71.57
  110.51  101.58  103.54  102.44
  120.30  111.90  124.50  175.30
  152.36  166.64  179.51  232.94
Mean Anomalies over 10-year time slices (mm)
2000 2009
   -4.07   -3.49   -2.44   -3.11
   -4.15   -1.72    1.38    0.15
   -4.20   -2.41    0.01   -0.62
   -8.54   -6.07   -3.26   -0.91
   -9.39   -7.22   -4.46   -1.91
2010 2019
   -4.36   -4.24   -3.45   -2.81
   -2.56   -2.80   -2.13   -1.55
   -3.61   -3.67   -2.21   -3.89
   -1.63   -0.06    1.38   -1.76
   -0.12    3.55    6.55    5.55
2020 2029
   -3.24   -2.81   -1.83   -2.08
   -3.07   -1.95    1.88    1.85
   -4.57   -2.57    0.08    0.15
   -4.68   -2.80   -1.23   -2.51
   -7.07   -6.13   -6.44   -2.70
2030 2039
   -7.06   -6.42   -6.19   -4.63
   -2.70   -3.59   -2.75   -1.41
   -0.20   -1.34   -0.93   -0.36
   -0.85   -1.88   -3.28   -6.26
   -6.79   -3.75   -3.68    0.20
2040 2049
   -1.72   -1.15   -0.24    0.70
   -1.81   -0.63    3.53    4.72
   -3.16   -0.90    3.93    4.75
    2.14    2.44    2.43   -2.26
   -0.23    2.00    2.36    3.40
2050 2059
   -2.90   -4.24   -2.79   -1.20
   -2.39   -1.33    0.62    1.27
   -2.56    0.83    4.86    3.24
   -4.45    0.78    2.89   -2.93
  -15.21   -7.70   -3.04    1.43
2060 2069
   -2.86   -1.90   -0.47    0.63
    1.87    1.96    4.45    4.08
    9.77    9.28    7.77    5.43
    7.36    7.54    5.63   -2.25
   -6.26   -0.39    1.50    5.31
2070 2079
   -5.56   -4.88   -3.48   -2.17
   -0.36   -0.41    1.97    3.64
    6.88    7.41    9.30    7.50
    2.06    3.11    5.08    0.62
  -11.41   -7.16   -1.83    8.25
2080 2089
   -2.93   -2.08   -1.20   -1.11
    0.27    3.50    6.30    5.81
    8.67    9.64   12.53   11.99
    9.32    9.94    8.18    0.79
    0.23    2.23    2.78    8.80
2090 2099
   -8.52   -7.46   -4.74   -2.80
   -3.82   -2.19    2.67    3.62
    3.80    7.92   11.13    8.49
    2.81    8.44    8.03   -5.42
   -8.58   -1.05    1.07    3.66
