Mean monthly rainfall - Model Simulations
NaN indicates insufficient data is available
Refer to Accompanying Documentation
GRIDBOX LONGITUDES
           4
   -3.75   -1.25    1.25    3.75
GRIDBOX LATITUDES
           5
   13.75   11.25    8.75    6.25    3.75
MODEL CLIMATOLOGY 1970-1999 (mm)
   99.20   86.32   87.56   74.32
  164.06  157.95  156.44  137.09
  231.75  217.12  205.28  227.15
  239.58  237.25  250.90  310.00
  283.18  300.67  313.83  363.65
Mean Anomalies over 10-year time slices (mm)
2000 2009
   17.79   21.41   22.31   14.05
   22.23   28.31   36.13   32.34
   14.73   15.84   20.93   25.04
   -2.10   -0.16    0.76    3.17
    2.43    2.54   -1.70   -6.93
2010 2019
   15.60   13.57   14.22    8.62
    4.78   10.08   15.68   14.81
  -16.03  -15.02   -5.97   -0.76
  -17.94  -13.69   -8.83   -9.90
  -31.00  -29.24  -26.27  -17.20
2020 2029
    2.14    0.11    4.45    1.05
    5.65    4.37    6.40   12.66
   -1.55   -3.68    1.34   11.93
  -12.56  -13.04  -11.27   -2.67
   -8.24  -11.46  -14.07  -13.67
2030 2039
    2.37    4.56    5.73    5.39
   -3.37   -2.97    2.87   11.16
  -13.62  -10.22   -4.37    4.30
  -22.24  -16.38   -8.55   -2.38
  -18.04  -10.83   -1.31    1.47
2040 2049
   -1.43    9.33   17.46   11.74
    5.01    5.05    8.81   11.50
   15.31    5.01    3.44   11.62
    4.69   -2.51   -1.64    7.46
  -18.10  -13.25   -5.57    6.10
2050 2059
    9.90    8.90    9.39    7.45
    5.83    1.23    4.52    4.03
   -0.54  -13.37  -14.22  -11.23
   21.09   13.90    7.94   -2.38
   -6.29    5.72   14.70   18.07
2060 2069
  -11.37   -9.23   -2.93    2.90
  -22.55  -19.55  -10.94   -6.72
   -9.98  -11.36  -11.60   -9.95
   26.07   21.96   13.94    6.68
   19.73   20.74   12.32    8.33
2070 2079
   -2.26    1.44    7.09    6.23
  -14.29   -6.47    4.11    5.47
  -10.09   -8.61  -10.05  -13.79
   15.88    9.47   -0.57   -8.99
    4.83   11.47   15.16   15.18
2080 2089
    3.63    8.81   14.19   13.39
   -4.20   -5.18   -3.85    4.07
    3.91   -1.29   -9.26   -8.01
   35.29   39.55   28.49   14.84
    2.40   21.45   26.18   20.28
2090 2099
   -9.21   -2.07    3.65    6.64
  -15.62  -10.53   -4.92    1.01
   -1.27   -4.32   -6.66   -3.67
   20.95   24.39   21.54   14.66
  -30.34  -10.35    4.27   11.33
