Mean monthly rainfall - Model Simulations
NaN indicates insufficient data is available
Refer to Accompanying Documentation
GRIDBOX LONGITUDES
           4
   -3.75   -1.25    1.25    3.75
GRIDBOX LATITUDES
           5
   13.75   11.25    8.75    6.25    3.75
MODEL CLIMATOLOGY 1970-1999 (mm)
   45.51   44.12   41.65   39.96
   84.24   83.79   82.84   84.42
  136.20  137.55  140.57  146.92
  189.97  193.24  196.80  205.91
  210.52  224.08  233.35  254.11
Mean Anomalies over 10-year time slices (mm)
2000 2009
    9.97    7.74    6.80    5.81
   19.84   16.03   15.21   15.28
   16.73   11.81   15.00   20.87
    1.66   -3.04    4.58   16.61
   -2.49   -4.33    1.17   10.26
2010 2019
   15.71   23.17   23.48   18.94
   16.12   22.70   22.32   17.75
    3.37    7.72    8.66    7.23
  -18.84  -19.02  -18.37  -17.33
  -37.46  -39.32  -39.93  -39.81
2020 2029
    1.62   -0.75   -2.76   -2.60
    3.45   -0.95   -3.28   -2.51
    3.78   -0.04    0.33    3.04
   -1.91   -2.50    3.10    8.70
   -2.21   -0.76    5.19    7.12
2030 2039
    5.76    3.53    3.27    3.98
    6.39    3.66    3.22    4.10
   -0.49   -3.31   -3.70   -2.21
  -12.24  -14.45  -13.99  -11.97
  -13.89  -11.15   -6.68   -8.65
2040 2049
   31.11   24.56   17.21   13.59
   33.71   26.29   19.45   16.85
   20.12   18.02   16.67   19.15
    7.07    7.26    9.37   17.39
    9.38    6.44    8.81   19.54
2050 2059
   -1.38    1.66    4.91    6.30
   -2.48   -1.51    1.23    4.62
  -11.82  -12.48   -7.99   -1.52
  -30.23  -30.68  -24.47  -16.87
  -37.85  -35.51  -32.76  -33.23
2060 2069
    6.27    1.97   -0.21    0.58
    3.89   -0.88   -2.69    0.03
   -7.11   -5.45   -2.54    2.75
  -18.85  -13.52   -8.69   -4.10
  -21.52  -25.14  -29.08  -30.02
2070 2079
    5.03    4.85    2.87    0.55
    2.02   -0.86   -5.42   -7.86
   -5.68   -9.59  -12.84  -11.57
  -15.01  -18.59  -19.16  -15.01
   -6.30  -12.81  -19.21  -22.76
2080 2089
    9.98   10.43   11.09   11.92
   10.87    8.39    6.95    8.64
    0.68   -3.04   -2.30    4.26
  -12.07  -15.59  -10.72    0.15
   -8.83  -14.70  -10.77   -0.66
2090 2099
    1.99    1.19    2.54    5.35
    4.29    1.94    0.04    0.97
    7.21    2.97   -3.12   -3.56
    9.44    3.36   -2.94   -0.33
    6.96    1.85    0.12    6.96
