Mean monthly rainfall - Model Simulations
NaN indicates insufficient data is available
Refer to Accompanying Documentation
GRIDBOX LONGITUDES
           4
    6.25    8.75   11.25   13.75
GRIDBOX LATITUDES
           4
    6.25    3.75    1.25   -1.25
MODEL CLIMATOLOGY 1970-1999 (mm)
  273.81  286.31  250.69  223.08
  224.06  253.08  243.20  221.29
  119.09  160.04  191.54  191.32
   38.96   68.29  109.59  134.78
Mean Anomalies over 10-year time slices (%)
2000 2009
   -7.99   -6.63   -5.09   -1.98
  -11.27   -9.50   -7.60   -3.84
  -15.90  -12.75   -9.62   -5.53
  -12.47  -10.22   -8.33   -4.80
2010 2019
   -3.97   -3.83   -1.94   -0.86
   -7.46   -6.42   -3.52   -1.23
  -13.83  -10.81   -6.57   -2.76
  -16.48  -13.81  -10.48   -5.99
2020 2029
   -5.72   -3.16    1.64    1.20
   -7.54   -4.35   -0.54   -0.44
  -10.50   -6.47   -4.47   -2.82
  -10.77  -10.28   -9.94   -5.21
2030 2039
   -6.71   -6.14   -4.88   -4.00
  -10.72   -9.55   -7.45   -4.82
  -16.15  -13.25   -9.75   -5.79
  -15.50  -13.14  -11.21   -8.63
2040 2049
   -8.75   -3.27    5.44    8.85
  -10.84   -6.26    0.42    3.64
  -12.58  -10.08   -6.39   -2.99
  -17.68  -15.67  -12.88   -7.73
2050 2059
   -7.15   -1.90    4.55    4.89
  -11.11   -5.50    1.39    3.50
  -16.81  -10.49   -3.96    0.11
  -16.26  -14.83  -12.74   -5.15
2060 2069
   -5.86   -3.05    4.01    5.87
  -10.52   -7.12   -0.40    3.26
  -15.36  -11.39   -6.15   -1.00
  -13.46  -14.73  -15.20  -10.36
2070 2079
   -5.62   -2.65    2.26    1.32
   -9.82   -6.03   -0.76    0.48
  -15.29  -10.80   -5.99   -2.31
  -17.45  -18.33  -17.79  -11.43
2080 2089
   -9.25   -4.55    2.18    3.68
  -16.62  -10.80   -3.26    1.63
  -27.61  -19.54  -11.62   -3.11
  -25.52  -23.70  -21.82  -13.20
2090 2099
    0.45    2.93    8.68    9.30
   -3.50   -0.32    5.28    6.95
   -8.09   -5.05   -1.40    0.91
   -7.57   -9.38  -10.56   -8.88
