Mean monthly rainfall - Model Simulations
NaN indicates insufficient data is available
Refer to Accompanying Documentation
GRIDBOX LONGITUDES
           4
    6.25    8.75   11.25   13.75
GRIDBOX LATITUDES
           4
    6.25    3.75    1.25   -1.25
MODEL CLIMATOLOGY 1970-1999 (mm)
  193.06  167.00  194.70  181.62
  352.52  238.06  178.59  141.25
  325.83  296.52  167.93  130.41
  283.11  268.42  148.73  118.84
Mean Anomalies over 10-year time slices (%)
2000 2009
   -2.56    0.29   -1.58   -1.77
   -3.89   -6.02   -5.85   -3.69
   -6.33  -10.18   -9.52   -7.61
   -9.96  -13.94  -13.62  -13.75
2010 2019
   -3.46   -0.70    2.36    1.09
   -0.32   -1.60    3.65    3.85
    0.79   -1.63    2.29   -2.27
    0.44   -3.28   -4.30   -9.55
2020 2029
    2.99    8.08    8.69    4.00
    3.05    7.35   13.60   11.29
    4.76    3.42    4.01    4.28
    6.95    3.06   -2.70   -1.88
2030 2039
    1.61    3.56    0.81   -2.14
   -1.85   -1.54   -2.19   -4.38
   -5.02   -9.37  -10.83   -8.26
  -10.87  -15.15  -15.55  -13.95
2040 2049
    0.74    4.41    3.98    1.98
   -2.73    0.04    3.57    3.08
   -6.85   -7.30   -4.94   -5.54
   -7.85   -8.54  -11.42  -14.37
2050 2059
    3.71    4.85    5.45    6.00
    1.62    3.08    7.87    9.55
   -2.36   -3.09    2.17    6.87
   -1.95   -3.07    1.21    0.66
2060 2069
    4.16    0.73    6.86   10.38
    5.78    6.35    9.31   10.63
    4.95    1.14    3.73    6.10
    5.52   -1.83   -1.60    0.48
2070 2079
    1.32   10.07   13.09    8.65
   -1.07    2.66   14.28   15.62
   -3.84   -6.32    3.23    6.06
   -8.95  -12.71   -6.54   -6.69
2080 2089
    3.04    4.09    7.15    6.98
    2.40    4.17    7.42    9.40
    0.33   -2.65    1.29    1.47
   -2.84   -5.70    0.09   -3.41
2090 2099
    4.37    9.63   14.12   12.37
    5.14    9.07   20.57   18.94
    4.34   -0.13   13.43   15.28
    2.79   -5.75   -0.13    2.70
