Mean monthly rainfall - Model Simulations
NaN indicates insufficient data is available
Refer to Accompanying Documentation
GRIDBOX LONGITUDES
           4
    6.25    8.75   11.25   13.75
GRIDBOX LATITUDES
           4
    6.25    3.75    1.25   -1.25
MODEL CLIMATOLOGY 1970-1999 (mm)
  132.99  124.79  133.22  121.65
  230.47  181.86  143.95  122.00
  248.52  241.60  158.25  134.17
  253.57  264.63  173.78  146.55
Mean Anomalies over 10-year time slices (%)
2000 2009
   -2.05    0.79    1.21    1.02
   -1.54   -0.77   -0.38   -0.74
   -0.97   -2.44   -0.01    0.95
   -2.21   -2.42   -0.73    0.97
2010 2019
   -1.92    0.65    4.11    5.21
    0.07    0.44    3.06    4.45
    1.41    0.39    0.79    1.12
    1.72   -0.03   -1.39   -2.21
2020 2029
   -1.24   -0.57    2.33    2.35
   -0.47    0.77    3.07    1.99
    1.46   -0.11   -0.47   -0.27
    4.28    1.71   -1.93   -1.83
2030 2039
    2.16    2.31    4.56    4.04
    0.61   -0.13   -0.14   -1.03
   -1.55   -2.63   -5.37   -4.78
   -4.14   -3.42   -7.18   -6.68
2040 2049
    1.34   -0.10    2.47    2.34
    1.12    0.03    1.38    1.64
    0.51   -0.83   -1.79   -1.43
   -3.08   -2.60   -4.63   -4.41
2050 2059
    2.33    2.28    5.75    4.76
    0.78    0.53    3.60    2.96
   -0.08    0.38    0.34    2.09
    1.08    1.29    0.42    2.06
2060 2069
    2.71    1.13    6.39   10.11
    3.40    2.06    2.49    4.63
    2.62    0.62   -1.36    1.38
   -0.06   -1.70   -2.60    1.41
2070 2079
    7.70    7.81   10.33   12.49
    4.92    4.25    7.76    9.39
    3.37    1.20    1.59    3.05
    1.08    0.53   -0.44    0.19
2080 2089
    6.34    6.94   11.15   13.30
    4.93    6.11    8.59    9.34
    2.50    1.71    1.61    2.08
   -0.13    0.19   -1.10   -1.41
2090 2099
    5.32    7.53   12.87   14.45
    2.64    3.24    9.74   10.93
    2.63   -0.56    2.50    5.48
    2.27    0.73   -0.35    0.35
