Mean monthly rainfall - Model Simulations
NaN indicates insufficient data is available
Refer to Accompanying Documentation
GRIDBOX LONGITUDES
           4
    6.25    8.75   11.25   13.75
GRIDBOX LATITUDES
           4
    6.25    3.75    1.25   -1.25
MODEL CLIMATOLOGY 1970-1999 (mm)
  150.92  208.05  258.13  233.37
   77.13  128.15  212.54  249.81
   26.29   38.97   81.50  160.05
    9.16    9.42   18.33   55.08
Mean Anomalies over 10-year time slices (%)
2000 2009
    4.13    1.63    0.84    2.44
   -0.85   -3.82   -0.22    1.97
  -16.02  -11.44   -3.10   -2.56
   -2.68   -6.43   -8.34   -5.95
2010 2019
    0.61    0.72   -1.57   -4.45
    6.81    5.69    3.68   -0.71
    7.35   13.45   13.53    9.55
    6.31   20.18   21.53   10.98
2020 2029
   13.30    9.00    7.12    7.67
    9.38    2.93    2.75    5.74
    0.05    0.91    1.64    2.44
    0.34    5.90   -2.25   -4.49
2030 2039
    8.10    5.38    2.48    4.67
   16.37   13.11   10.02    5.60
    7.53   14.27   14.47    7.45
   -7.15    9.35   15.60    7.70
2040 2049
   11.64    4.88    3.34    5.71
   26.81   15.85   11.11   10.10
   16.16   20.00   13.92    6.58
   -9.76    2.97    8.23    6.17
2050 2059
    5.02    7.29    6.72    5.57
   22.22   17.41   12.80    8.61
   14.10   22.57   23.38   18.41
   -9.52    9.77   18.57    9.71
2060 2069
    8.16    5.22    1.52    2.94
   21.81   15.61    8.38    4.69
   17.45   14.84    6.68    0.66
    4.41    9.48   -1.67   -7.26
2070 2079
   15.19   11.65    8.78   12.47
   23.25   13.94   13.80   14.04
   16.92   21.81   15.82    8.63
   -8.37   18.97   17.76   -1.37
2080 2089
   11.78   10.28    7.99    8.34
   25.52   22.38   16.94   13.21
   12.26   24.06   23.48   12.23
  -12.66   12.46   18.36    0.69
2090 2099
    9.42    5.18    3.59    5.79
   19.57   16.18   12.68   10.12
   17.22   25.24   15.97    6.21
   -8.70   18.93   18.08    7.31
