Mean monthly rainfall - Model Simulations
NaN indicates insufficient data is available
Refer to Accompanying Documentation
GRIDBOX LONGITUDES
           4
    6.25    8.75   11.25   13.75
GRIDBOX LATITUDES
           4
    6.25    3.75    1.25   -1.25
MODEL CLIMATOLOGY 1970-1999 (mm)
  192.41  168.52  161.12  139.37
  262.58  253.23  190.55  130.27
  261.87  277.57  202.06  161.62
  213.91  249.93  221.94  195.20
Mean Anomalies over 10-year time slices (%)
2000 2009
   -3.27   -4.11   -4.70   -4.97
   -0.82   -0.32   -0.07   -1.14
    1.87    0.65    0.27    0.78
    6.40    3.95    1.97   -1.02
2010 2019
    2.96    1.22   -1.67   -1.76
    0.18    0.37   -0.10   -1.99
    1.29    0.00   -1.69   -1.59
    9.95    5.88    1.08   -1.93
2020 2029
    1.32   -0.11    0.20    3.59
    0.87   -0.97   -1.40    1.68
    4.41    1.75   -0.51    0.89
    8.89    5.07    1.02    1.34
2030 2039
   -0.12   -0.25    0.19   -0.09
   -0.01   -1.43   -1.06   -0.53
    0.32   -1.29   -1.20   -0.01
    0.17   -1.25   -2.25   -1.28
2040 2049
   -0.46   -2.13   -2.76   -2.71
    2.31    1.94    0.27   -0.08
    4.09    3.57    0.29    0.02
    6.83    5.86    1.86   -0.07
2050 2059
   -1.79   -2.12   -0.88   -1.59
    0.36   -0.54   -2.59   -0.51
   -3.97   -3.48   -2.56    1.03
   -9.28   -8.94   -5.39   -0.23
2060 2069
   -0.21   -0.88   -0.87    0.94
    0.74   -0.28    0.76    1.32
    1.44    0.77    0.14    1.92
    1.28    1.78    0.37    0.99
2070 2079
   -0.64   -2.27   -3.14   -3.24
    0.86   -0.42   -1.74   -2.11
    0.39   -0.76   -1.59    1.12
    3.08    1.84   -1.48    0.08
2080 2089
   -1.29   -1.29   -1.21   -1.48
   -1.51   -0.86   -1.18   -2.66
   -7.74   -5.38   -3.63   -1.66
  -11.55   -9.40   -6.66   -3.76
2090 2099
   -1.48   -1.79    0.69    2.15
   -3.41   -1.24   -1.62   -0.42
  -11.36   -8.72   -5.05    1.50
  -10.94  -10.59   -6.85   -0.80
