Mean monthly rainfall - Model Simulations
NaN indicates insufficient data is available
Refer to Accompanying Documentation
GRIDBOX LONGITUDES
           4
   -3.75   -1.25    1.25    3.75
GRIDBOX LATITUDES
           5
   13.75   11.25    8.75    6.25    3.75
MODEL CLIMATOLOGY 1970-1999 (mm)
    0.66    0.66    0.53    0.42
    4.09    4.30    4.66    4.99
   15.24   15.23   18.02   21.27
   31.07   30.98   36.11   42.80
   44.55   45.91   50.12   56.32
Mean Anomalies over 10-year time slices (mm)
2000 2009
   -0.34   -0.39   -0.29   -0.23
   -0.91   -1.07   -1.13   -1.25
    1.50    0.37   -0.33   -0.70
    6.52    3.72    1.55    0.71
    5.78    1.56   -1.95   -3.01
2010 2019
   -0.26   -0.35   -0.21   -0.08
   -0.79   -1.17   -1.10   -0.79
   -1.53   -1.91   -1.70   -0.87
   -2.46   -1.49    0.20    2.52
   -2.81    1.33    5.49    8.52
2020 2029
    0.22    0.35    0.80    0.90
    0.11    0.06    0.39    0.45
   -0.39    0.13    0.74    1.09
   -2.25   -0.82    0.48    1.69
   -4.62   -5.03   -4.28   -2.05
2030 2039
   -0.44   -0.42   -0.20   -0.09
   -1.84   -2.08   -1.96   -1.79
   -1.62   -1.77   -2.06   -2.95
    0.03   -0.25   -1.30   -3.86
   -1.00   -3.41   -5.82   -8.18
2040 2049
    0.20   -0.20   -0.20   -0.13
    0.01   -0.44   -0.66   -0.60
   -0.20   -0.61   -1.51   -2.41
   -0.49   -1.34   -3.13   -5.86
    0.44   -1.77   -4.74   -9.16
2050 2059
   -0.01   -0.10   -0.10    0.04
   -1.00   -0.98   -0.98   -0.86
   -2.16   -1.91   -1.81   -1.55
   -0.56   -0.49   -0.71   -0.92
    3.40    3.22    2.65    0.82
2060 2069
   -0.41   -0.27    0.19    0.45
   -1.87   -1.39   -0.24    0.42
   -2.84   -1.45    0.14    1.26
   -2.32    0.60    2.74    4.25
    0.02    4.30    8.33   10.51
2070 2079
   -0.24   -0.16    0.06    0.08
    0.21   -0.02   -0.16   -0.47
    2.20    2.14    1.75    0.67
    7.02    7.42    6.09    4.39
   14.37   13.75    9.75    8.16
2080 2089
    0.32    0.27    0.93    1.46
    2.11    2.28    3.02    3.57
    5.61    5.87    7.20    9.35
   10.37   11.22   14.30   19.29
   18.32   21.10   25.53   30.42
2090 2099
    0.20   -0.01    0.03    0.07
    0.76    0.48    0.31    0.10
    3.29    3.34    3.33    3.76
    6.23    6.22    6.72    8.74
    7.54    5.40    6.02    8.18
