Mean monthly rainfall - Model Simulations
NaN indicates insufficient data is available
Refer to Accompanying Documentation
GRIDBOX LONGITUDES
           4
   -3.75   -1.25    1.25    3.75
GRIDBOX LATITUDES
           5
   13.75   11.25    8.75    6.25    3.75
MODEL CLIMATOLOGY 1970-1999 (mm)
    0.37    0.43    0.36    0.25
    1.93    1.29    1.55    1.84
   10.20    9.43   10.50   12.25
   29.54   31.25   32.56   38.89
   46.22   56.45   64.31   77.36
Mean Anomalies over 10-year time slices (mm)
2000 2009
   -0.28   -0.27   -0.20   -0.15
   -0.09    0.39    0.39    0.11
    0.78    2.20    2.17    1.09
    3.11    5.68    8.06   10.73
    9.48   11.79   14.85   19.74
2010 2019
   -0.10   -0.16   -0.10   -0.08
    1.92    2.26    1.93    1.08
    4.01    4.68    3.76    0.25
   -1.54    0.41    2.23    1.35
   -3.56   -3.02   -4.51   -2.34
2020 2029
   -0.14   -0.11    0.23    0.60
    1.22    0.84    1.23    1.06
    3.06    1.87    2.16    0.32
   -0.10   -1.73   -0.30   -2.97
    2.71   -2.80   -4.16    3.29
2030 2039
   -0.26   -0.14    0.09    0.26
   -0.25    0.74    1.02    0.87
   -1.38   -1.03   -0.76   -1.12
   -4.70   -3.99   -2.43   -2.26
   -2.46   -3.08   -1.86   -0.76
2040 2049
   -0.30   -0.36   -0.16    0.05
   -0.51    0.23    0.96    0.86
   -0.99    0.16    1.03    1.35
   -2.20   -2.80   -0.49    0.79
    0.79   -0.66   -3.43   -3.32
2050 2059
   -0.19   -0.31   -0.20   -0.13
   -0.48    0.73    0.67    0.13
    0.59    3.01    1.28   -0.96
   -1.77   -1.84   -2.86   -5.00
   -1.12   -2.54   -5.49   -5.66
2060 2069
   -0.12   -0.20    0.43    0.55
    1.08    2.27    2.68    1.65
    3.13    4.64    2.65    1.40
    1.49    5.15    5.18   -0.42
    2.62    1.71    0.30   -0.15
2070 2079
    0.09    0.48    0.25    0.09
    1.22    1.94    2.43    2.11
    1.14    2.74    3.32    1.60
   -0.91    1.40    3.13   -0.80
    1.05    3.04    2.55    6.28
2080 2089
   -0.26   -0.39   -0.29   -0.18
   -0.60   -0.42    0.02   -0.46
    0.62    0.79    0.38   -2.69
    2.07    2.86    3.19   -2.42
    5.12    5.49    3.53    1.19
2090 2099
    0.10    1.24    1.56    0.92
    1.31    3.11    3.63    2.18
    1.14    3.76    3.99    2.66
   -3.86   -0.53    2.41    0.51
   -2.08    2.25    2.98    6.86
