Mean monthly rainfall - Model Simulations
NaN indicates insufficient data is available
Refer to Accompanying Documentation
GRIDBOX LONGITUDES
           4
   -3.75   -1.25    1.25    3.75
GRIDBOX LATITUDES
           5
   13.75   11.25    8.75    6.25    3.75
MODEL CLIMATOLOGY 1970-1999 (mm)
   26.68   23.61   25.42   29.16
   72.12   63.78   65.89   73.75
  107.05  101.96  106.45  116.45
  112.92  121.39  128.48  135.41
  108.65  122.82  127.02  128.62
Mean Anomalies over 10-year time slices (mm)
2000 2009
    1.15   -0.68   -2.18   -4.21
   -0.53   -1.30   -0.65    0.49
    0.04    0.79    4.55   10.34
    8.18    6.45    7.98   10.49
   10.61    6.82    4.24    1.59
2010 2019
    2.69    3.21    3.95    6.07
    4.10    5.41    6.22    7.64
    0.20    2.75    5.68    6.07
    1.00    3.96   10.19   11.25
   16.09   13.32   14.74   15.63
2020 2029
    1.40    0.63   -0.09   -0.07
    3.45    1.92    2.40    3.00
    3.37    4.84    7.62    9.24
    1.19    5.84    6.80    6.51
    3.93    3.35   -0.60   -5.58
2030 2039
    0.03   -1.70   -3.15   -4.37
    2.97    1.22    0.37    0.08
    1.55    0.96    2.50    5.78
   -3.18   -5.10   -3.38    1.33
   -0.24   -4.03   -4.90   -4.23
2040 2049
    0.90   -0.22   -0.59    0.62
    3.61    3.99    3.92    5.21
    2.35    6.03    6.53    5.72
   -1.06    3.43    2.49   -3.65
    6.84    8.23    6.97   -2.09
2050 2059
    3.03    2.42   -0.16   -1.81
    4.38    2.50   -0.69   -2.98
   -3.74   -2.99   -1.86   -1.95
  -12.53   -8.43   -3.35   -1.49
   -2.95   -3.30   -1.76   -1.57
2060 2069
    0.88    0.33   -2.04   -4.24
    4.88    4.25    4.39    1.98
    1.88    1.46    6.79    9.85
   -5.87   -6.10   -1.97    2.81
    0.89    1.05    1.70   -3.27
2070 2079
   -1.38   -0.49   -3.47   -5.69
   -0.97   -0.45   -3.56   -5.88
   -6.56   -5.04   -2.13    0.25
  -15.06  -11.69   -4.90   -1.24
   -5.58   -6.98   -4.75   -6.55
2080 2089
   -2.45   -1.59   -3.00   -5.30
   -0.83    0.50    0.65   -0.15
   -4.26   -1.68    3.20    8.36
   -9.79   -2.93    5.37   10.18
    5.87   13.73   19.74   15.45
2090 2099
   -0.70   -1.80   -5.25   -8.24
    1.72   -1.20   -4.53   -7.33
   -4.79   -4.84   -2.24    2.37
  -16.30  -11.05   -4.79    3.70
   -5.25   -3.38   -1.52   -1.11
