Mean monthly rainfall - Model Simulations
NaN indicates insufficient data is available
Refer to Accompanying Documentation
GRIDBOX LONGITUDES
           4
   36.25   38.75   41.25   43.75
GRIDBOX LATITUDES
           4
   18.75   16.25   13.75   11.25
MODEL CLIMATOLOGY 1970-1999 (mm)
    3.08    4.86    5.82    5.25
    6.25   10.85   14.85    9.70
   16.47   17.27   14.82   22.18
   41.52   34.59   18.59   24.13
Mean Anomalies over 10-year time slices (mm)
2000 2009
   -0.99   -1.38   -1.68   -2.72
   -2.13   -3.68   -5.46   -4.38
   -3.75   -5.24   -5.68   -3.31
   -7.73   -9.36   -6.83   -3.90
2010 2019
    0.31    1.14    1.82   -0.73
   -0.38    0.52    2.04   -0.40
    1.05    0.65    0.38    1.74
   -0.81   -1.99   -0.68    1.46
2020 2029
    0.04    1.51    4.26    2.85
    3.58    6.92    9.24    5.89
    8.27   10.34    8.00    8.03
   12.66   13.39    9.40    7.49
2030 2039
   -1.08   -1.71   -2.10   -2.08
   -2.18   -3.27   -3.55   -2.24
   -1.61   -2.30   -2.72   -1.80
   -1.23   -2.37   -3.64   -3.20
2040 2049
   -0.31    1.84    5.57    2.71
    3.70    6.54    8.40    4.52
    8.35    8.08    6.49    6.78
   10.19    8.13    5.92    6.81
2050 2059
   -0.52    0.19    1.63   -1.26
    0.57    2.37    4.48   -0.19
    2.90    3.07    2.19   -0.26
    5.22    3.01   -0.03   -1.60
2060 2069
   -0.80   -1.51   -2.38   -2.90
   -1.81   -3.92   -6.46   -4.48
   -2.62   -4.30   -5.49   -2.22
   -4.05   -5.62   -3.80   -2.13
2070 2079
   -1.23   -1.02    0.26   -0.68
    0.43    1.61    2.75   -0.13
    5.46    4.69    1.76   -1.87
   16.30   10.49   -0.05   -1.91
2080 2089
   -0.63    2.10    7.54    4.41
    4.92   10.90   18.02    9.31
   17.24   19.73   16.43    7.95
   28.33   25.01   13.91    6.12
2090 2099
   -1.92   -2.49   -1.95   -2.26
    0.45   -1.41   -4.29   -3.35
    4.88    0.66   -3.64   -4.81
   11.35    3.09   -1.55   -4.43
