Mean monthly rainfall - Model Simulations
NaN indicates insufficient data is available
Refer to Accompanying Documentation
GRIDBOX LONGITUDES
           4
   36.25   38.75   41.25   43.75
GRIDBOX LATITUDES
           4
   18.75   16.25   13.75   11.25
MODEL CLIMATOLOGY 1970-1999 (mm)
    5.21   10.19   10.20    4.64
    6.61   13.43   13.85    7.15
   17.01   20.35   12.64   12.87
   43.60   50.09   25.92   25.97
Mean Anomalies over 10-year time slices (mm)
2000 2009
    7.66    5.79    4.31    1.97
   10.15    8.60   10.10    4.57
   14.57   10.72    8.20    7.50
   10.48    7.70    2.77    3.21
2010 2019
   -1.60   -2.08   -0.19    4.86
    1.51    2.03    5.35    8.49
    5.50   10.00   13.87    9.21
    8.23   10.68   13.43    3.35
2020 2029
    4.72    4.46    2.08    3.14
    3.84    0.77    0.31    2.49
    2.39    0.73   -1.04   -4.02
   -1.74   -2.42   -3.17   -6.75
2030 2039
   -1.44   -5.67   -4.24   -0.63
   -0.54   -3.22    1.64    3.66
    5.76    6.83    8.23    9.76
   14.89   17.15   15.89   15.18
2040 2049
    5.58    6.97    5.48    2.95
    7.36    8.86    8.49    5.70
   11.04    7.78    4.31    4.02
   15.71    7.90    0.86    0.29
2050 2059
    0.71   -0.94   -0.63    0.58
    0.32   -2.09   -1.90   -0.07
   -3.21   -3.49   -2.44   -2.49
   -4.27   -7.40   -8.41  -10.42
2060 2069
   -3.81   -6.71   -7.08   -2.67
   -2.87   -7.95   -6.08   -1.69
   -3.03   -5.14    0.87    2.75
   -1.76   -5.65   -1.09   -0.99
2070 2079
   -0.54   -3.56   -2.60    1.55
    5.11    3.96    4.74    4.54
   13.71   10.46    7.34    5.57
   22.19   15.32    9.69    8.46
2080 2089
   -1.69   -4.48   -1.67    1.04
    3.89   -0.82    2.61    5.89
    8.76    2.77    5.62    9.21
   11.49    2.72    1.96    3.80
2090 2099
   -3.19   -5.88   -2.87    5.79
   -2.64   -7.41   -2.84    6.17
    2.43   -1.32    4.03    8.36
   10.22    1.10   11.45   17.14
