Mean monthly rainfall - Model Simulations
NaN indicates insufficient data is available
Refer to Accompanying Documentation
GRIDBOX LONGITUDES
           4
   36.25   38.75   41.25   43.75
GRIDBOX LATITUDES
           4
   18.75   16.25   13.75   11.25
MODEL CLIMATOLOGY 1970-1999 (mm)
    2.67    6.68   11.18    8.06
   10.59   18.09   22.06   13.70
   32.50   46.12   43.52   24.86
   51.30   59.20   40.77   21.10
Mean Anomalies over 10-year time slices (mm)
2000 2009
    0.50    0.39   -0.47   -1.95
    1.73    0.61   -3.00   -3.71
    3.63   -0.17   -9.07   -7.02
   -2.82   -9.15  -14.08   -8.81
2010 2019
   -1.31   -2.11   -2.69   -2.84
   -1.87   -2.90   -3.64   -2.70
    0.16   -1.72   -5.85   -3.99
    4.29    2.88   -1.67   -2.54
2020 2029
   -0.45   -0.55   -0.37    0.19
    0.82    0.21   -1.59   -0.97
    7.96    7.29   -0.83   -1.79
    8.33    6.75   -1.67   -2.72
2030 2039
   -0.19   -0.89   -2.03   -1.35
    0.21   -0.40   -1.97   -1.53
    4.95    5.73    1.73   -0.79
    9.77   10.44    4.40   -0.22
2040 2049
   -0.71   -1.24   -1.85   -2.72
   -0.58   -2.55   -4.67   -4.24
    3.87   -2.45  -11.02   -6.95
    4.77   -2.53  -10.91   -6.69
2050 2059
    0.63   -0.57   -2.77   -1.99
    0.26   -1.62   -4.37   -2.87
   -2.10   -4.96   -7.82   -4.28
   -8.76  -10.58   -7.86   -3.26
2060 2069
   -1.16   -2.59   -3.98   -2.21
   -1.95   -3.58   -5.13   -3.67
   -1.13   -0.95   -1.69   -2.57
    7.05    7.83    3.30   -0.51
2070 2079
   -1.35   -2.75   -4.32   -4.20
   -3.34   -4.81   -5.52   -4.54
   -6.95   -8.29   -8.01   -5.45
   -6.02   -3.91   -5.76   -3.39
2080 2089
   -0.13   -1.62   -4.00   -3.06
   -2.05   -3.85   -5.86   -3.97
   -3.29   -3.12   -4.11   -4.46
   -1.92    2.55    1.96   -1.25
2090 2099
   -1.23   -1.61   -1.49   -1.63
   -4.16   -4.84   -3.34   -2.85
  -11.16  -11.18   -4.64   -3.24
   -9.53   -6.05   -0.42   -0.42
