Mean monthly rainfall - Model Simulations
NaN indicates insufficient data is available
Refer to Accompanying Documentation
GRIDBOX LONGITUDES
           4
   -3.75   -1.25    1.25    3.75
GRIDBOX LATITUDES
           5
   13.75   11.25    8.75    6.25    3.75
MODEL CLIMATOLOGY 1970-1999 (mm)
  150.20  138.90  124.06  103.93
  203.70  176.79  153.94  135.52
  232.86  196.65  174.95  170.49
  217.43  194.51  192.25  217.14
  135.32  127.93  135.26  163.53
Mean Anomalies over 10-year time slices (mm)
2000 2009
   12.76   16.96   18.05   15.84
   11.45   12.42   11.27    8.77
    3.16    1.89   -1.02   -4.18
  -16.07  -13.02  -14.88  -20.94
  -18.99  -17.27  -18.41  -22.56
2010 2019
   -6.12   -2.68    0.50    2.40
   -2.06    1.65    4.13    4.29
    1.92    5.59    6.69    4.41
   -3.04    0.72    0.40   -4.34
   -5.79   -3.92   -5.25  -10.05
2020 2029
    4.18    3.21    2.10    1.24
    7.55    7.51    5.10    0.88
    7.45    9.11    5.29   -3.15
   -0.42    3.45   -0.95  -12.07
   -8.89   -6.75   -9.67  -16.39
2030 2039
   17.78   16.81   16.10   15.57
   19.62   17.76   15.23   12.83
   10.44    9.32    6.18    2.41
  -21.16  -15.33  -12.82  -14.58
  -23.73  -20.28  -18.12  -18.66
2040 2049
    2.71   11.59   18.21   21.89
   -2.72    5.31    9.72   11.21
   -9.54   -2.41   -1.36   -4.13
  -25.56  -15.16  -15.73  -25.44
  -15.77   -9.66  -11.91  -21.54
2050 2059
   15.58   20.32   20.47   15.95
    6.95   10.34   10.49    7.77
  -14.15  -11.38   -9.85   -8.85
  -46.35  -41.12  -34.58  -27.92
  -40.92  -38.52  -33.60  -27.85
2060 2069
   23.10   30.45   31.73   27.38
   32.50   36.91   34.07   25.74
   27.99   31.30   26.59   16.15
  -16.27   -5.66   -3.17   -9.40
  -21.74  -15.37  -13.30  -16.69
2070 2079
   29.93   33.49   31.08   24.15
   33.19   32.32   27.47   20.24
   22.56   19.13   14.83   10.21
  -16.28  -13.84  -13.05  -14.85
  -20.57  -19.84  -19.39  -20.41
2080 2089
   10.73   17.48   21.35   22.29
   14.35   19.38   20.28   18.18
    4.10    7.26    6.03    2.19
  -31.68  -25.58  -24.40  -27.78
  -31.92  -30.45  -31.70  -35.85
2090 2099
   26.26   32.56   33.46   29.41
   38.42   43.05   39.09   29.15
   37.21   41.55   36.25   24.47
   -8.57    2.52    6.31    2.90
  -16.36  -10.45   -6.92   -6.63
