Mean monthly rainfall - Model Simulations
NaN indicates insufficient data is available
Refer to Accompanying Documentation
GRIDBOX LONGITUDES
           4
   -3.75   -1.25    1.25    3.75
GRIDBOX LATITUDES
           5
   13.75   11.25    8.75    6.25    3.75
MODEL CLIMATOLOGY 1970-1999 (mm)
   86.06   87.27   75.82   68.84
  119.40  115.66  106.57   99.46
  132.87  123.93  124.04  120.02
  140.34  135.89  145.05  166.03
  162.90  166.11  180.42  204.45
Mean Anomalies over 10-year time slices (mm)
2000 2009
    8.19    8.63    4.84    2.79
    2.36    1.42   -1.36    1.45
    0.02    0.60    0.53   -0.25
   -0.71   -1.26   -2.53   -2.65
   -3.31   -3.02   -3.87   -3.48
2010 2019
   12.17   13.65   11.24    9.11
    7.13    6.46    6.32    7.73
    5.03    5.09    4.46    5.19
   -0.99   -0.50    0.34    1.93
    0.55    1.99    2.62    5.36
2020 2029
    2.08    4.15    3.28    0.95
   -0.21    2.09    0.74    0.71
    0.09   -0.14   -1.51   -0.92
   -1.48   -3.47   -1.72   -3.46
    1.24    1.03   -1.01   -3.74
2030 2039
    5.04    4.72    2.02    1.96
    2.75    1.27   -1.85   -0.10
    3.78    1.67   -1.80   -0.65
    1.83    1.50    4.10    5.32
    9.63   10.32    8.40    5.49
2040 2049
   13.07   13.57    9.99    7.17
    6.09    4.01    1.27    3.11
   -0.06   -1.88   -1.14    0.53
    0.95   -1.12   -1.85   -0.19
    5.26    4.28    1.54   -1.65
2050 2059
   10.67   10.89    7.75    4.96
    0.88    2.76    2.86    2.34
   -0.91   -0.77    2.22    2.90
    3.27    1.12    5.41    6.07
    8.94    8.85    6.25    5.90
2060 2069
   13.15   13.17    9.28    6.67
    8.16    6.92    5.18    6.02
    2.17    0.12   -0.09    0.88
    4.89    3.35    6.21    8.81
    5.27    5.92    8.73   12.52
2070 2079
   10.26   10.26    7.09    4.85
    6.58    6.16    4.54    3.82
    6.48    2.61    0.42    1.14
    5.77    3.42    4.94    6.79
    4.39    5.18    6.04    4.66
2080 2089
    8.63    6.39    3.43    2.37
    4.61    1.32    1.14    3.10
    4.77    3.57    3.54    6.11
   12.52   10.91   12.89   15.20
   17.25   17.84   15.30   13.73
2090 2099
    9.24    8.70    6.65    3.72
    3.35    0.97   -1.00    1.35
    3.12    0.00   -0.91    0.01
    8.53    5.79    8.58   12.99
   10.84    7.75    7.46   11.89
