Mean monthly rainfall - Model Simulations
NaN indicates insufficient data is available
Refer to Accompanying Documentation
GRIDBOX LONGITUDES
           4
   -3.75   -1.25    1.25    3.75
GRIDBOX LATITUDES
           5
   13.75   11.25    8.75    6.25    3.75
MODEL CLIMATOLOGY 1970-1999 (mm)
  159.48  133.40  117.39  105.47
  223.79  192.00  184.38  174.77
  235.47  208.90  208.78  203.30
  202.23  170.46  186.50  270.27
  204.84  205.02  213.76  307.43
Mean Anomalies over 10-year time slices (mm)
2000 2009
   -5.75   -2.96   -1.56    1.45
   -2.88   -0.40    4.75    7.75
  -14.23   -1.75    8.32    9.12
  -16.07   -2.66    5.12   -0.90
   -2.98    4.36    6.90    1.59
2010 2019
    8.95   10.26    7.42   11.79
    4.51    8.10    9.13   14.79
  -13.65   -8.21    1.14    1.22
  -17.34  -16.14   -7.04   -5.07
   -8.15   -9.89   -0.32   -3.10
2020 2029
    4.41    2.68    2.89    5.57
   -1.69   -0.50    1.36    2.28
   -8.59   -6.26    0.94   -0.61
   -3.25    6.77   16.00    7.41
    2.88   11.96   16.45   15.36
2030 2039
    0.54    1.79   -1.28   -2.39
    2.49    5.43    6.87   11.43
   -6.83   -0.61   11.25   17.33
   -7.52   -2.73    8.52   12.40
  -11.59   -7.07    1.09   11.25
2040 2049
   -2.46   -2.31    0.73    2.39
    1.59    0.83    9.41   13.84
   -8.21   -2.88    5.52   15.26
   -2.23    3.67    7.26    0.41
   -1.40    6.34   14.00   11.21
2050 2059
  -12.47  -10.58   -4.56   -3.80
    8.81    7.53    5.36    6.03
    3.71    5.20    7.51    9.15
    1.66    4.52    8.40    1.34
    4.01    6.51   11.24    3.98
2060 2069
   -7.13   -5.77   -3.19   -1.32
    0.94    1.86    5.87    4.92
   -0.14    3.44    9.05    7.69
   -6.45   -0.79    6.59    3.07
  -19.63  -13.94   -2.13   15.99
2070 2079
  -22.01  -17.14  -13.05  -10.01
   -7.53   -7.94    6.18   11.61
   11.26   16.69   25.89   25.87
   15.73   24.32   28.87   16.54
   -0.66   15.58   31.72   31.82
2080 2089
   -9.13   -7.27   -0.38    1.37
    3.66    4.37   12.92   19.47
   -8.15   -6.23    6.41   22.63
   -4.57   -2.09    7.54   23.51
    0.90   12.94   28.25   40.39
2090 2099
   13.76   21.31   23.28   17.07
   23.39   32.97   42.62   39.75
   25.12   36.23   47.69   46.55
   14.83   24.28   27.70   20.66
   -2.62    2.05   10.14   14.04
