Mean monthly rainfall - Model Simulations
NaN indicates insufficient data is available
Refer to Accompanying Documentation
GRIDBOX LONGITUDES
           6
  -13.75  -11.25   -8.75   -6.25   -3.75   -1.25
GRIDBOX LATITUDES
           4
   36.25   33.75   31.25   28.75
MODEL CLIMATOLOGY 1970-1999 (mm)
   21.56   14.17    5.21    3.00    5.80    9.09
   22.44    9.44    2.61    1.83    4.15    5.97
   17.49    3.30    0.54    1.06    2.44    2.68
    7.96    0.93    0.13    0.21    0.35    0.31
Mean Anomalies over 10-year time slices (%)
2000 2009
    7.80    8.79   36.80   37.82   10.19    4.80
   -1.43   -1.15    7.65   -0.49   -6.84    3.32
   -4.53    5.55   21.75  -29.79  -38.99  -23.90
    0.55    9.42  -13.37  -37.42  -54.95  -46.48
2010 2019
    3.77    5.59    3.62   24.72   29.59   20.00
    5.34    6.06    5.39   24.81    1.36    4.14
    3.09    7.22   20.33   47.81   -9.03  -22.33
   -5.13   -5.67  -15.70   53.76   35.36   17.91
2020 2029
   -1.68   -1.07   -2.69    8.45    1.05  -11.76
   -2.48   -5.78  -13.06   -7.20   -0.37   -5.12
   -5.08   -7.57  -20.11  -32.88  -39.81  -32.78
   -7.37  -13.41  -66.41  -51.25  -61.64  -59.45
2030 2039
  -13.98  -10.84   -8.83    1.87   -8.95  -17.53
  -10.06  -11.49   -6.38    4.71  -17.23  -17.41
   -2.23   -5.76  -41.23  -42.20  -39.70  -25.43
   -0.19   -1.71  -73.63  -63.54  -53.50  -46.31
2040 2049
  -10.44   -9.97  -12.08  -11.10  -21.93  -26.42
   -5.92   -5.94  -13.96  -36.21  -30.69  -27.83
   -2.96  -10.44  -52.95  -66.22  -52.03  -51.19
    3.41    1.22  -75.47  -83.68  -76.93  -72.56
2050 2059
   -1.55  -12.71  -23.94  -44.48  -32.62  -23.10
   -0.67  -11.19  -27.73  -53.41  -35.59  -31.45
   -2.90  -14.49  -60.65  -57.93  -33.16  -37.19
    3.99    0.18  -69.34  -26.30  -28.40  -40.81
2060 2069
   -6.21   -8.22    2.93    2.49  -16.20  -24.83
   -9.02  -14.22  -19.42  -17.47  -18.78  -24.58
  -11.48  -20.82  -39.40  -14.32  -26.75  -31.12
  -11.48  -14.70   23.58   -7.45  -41.49  -51.35
2070 2079
   -1.10  -13.73  -24.17  -29.02  -37.42  -45.11
    0.22   -3.62  -18.40  -28.30  -40.44  -45.78
   -1.71    5.68  -14.76   -7.77  -30.65  -35.64
   -3.13    3.22   42.20   36.56   13.33    6.29
2080 2089
  -16.15  -22.58  -37.85  -45.82  -17.89  -25.07
  -15.90  -21.37  -34.83  -31.76  -13.72  -24.94
  -17.78  -21.83  -25.38  -17.44  -31.54  -33.00
  -17.06  -23.38  -31.73  -18.75  -47.67  -48.00
2090 2099
   -9.38  -17.92  -29.25  -41.75  -34.40  -26.77
  -10.04  -14.52  -33.42  -58.79  -35.99  -26.10
  -15.45  -17.43  -54.39  -78.48  -53.65  -35.09
  -17.52  -23.31  -60.71  -85.42  -70.16  -55.41
