Mean monthly rainfall - Model Simulations
NaN indicates insufficient data is available
Refer to Accompanying Documentation
GRIDBOX LONGITUDES
           6
  -13.75  -11.25   -8.75   -6.25   -3.75   -1.25
GRIDBOX LATITUDES
           4
   36.25   33.75   31.25   28.75
MODEL CLIMATOLOGY 1970-1999 (mm)
   31.37   39.14   28.71   21.68   19.26   18.37
   22.51   24.75   15.29   18.20   19.39   16.95
   20.79   10.27    7.81   18.11   18.36   11.98
   18.11    6.10    3.47    4.18    4.01    3.99
Mean Anomalies over 10-year time slices (%)
2000 2009
   -1.15   -1.14   -2.69   -2.89   -2.08   -3.83
    2.26    2.32   -0.02   -6.49   -8.98  -10.38
   -1.84   -0.83   -8.40  -13.57  -17.10  -19.14
   -8.03  -10.80  -25.03  -29.17  -26.62  -15.55
2010 2019
   -6.24   -5.36  -10.10  -15.03  -16.31  -13.64
   -2.26   -2.33   -9.31  -18.75  -19.83  -20.53
   -2.37   -3.66  -12.55  -21.61  -24.22  -27.47
   -6.25   -5.06  -14.56  -14.42  -18.89  -25.37
2020 2029
   -3.24   -3.21   -6.46  -14.22  -18.70  -18.57
   -4.33   -4.18  -10.31  -20.37  -20.69  -21.33
   -1.79   -4.21  -19.15  -23.73  -23.34  -23.87
   -1.61   -6.56  -19.69  -10.69   -6.64   -3.18
2030 2039
  -13.22  -14.80  -21.08  -22.28  -10.29    4.58
   -8.23  -12.41  -13.76    1.76   12.64   19.79
   -1.85   -5.57   -4.62   13.29   22.60   38.09
    4.49    1.70    6.06   28.62   55.20   68.46
2040 2049
   -5.82   -6.38  -11.05  -15.22  -14.83  -11.94
   -0.78   -2.66  -11.28  -12.61   -9.81   -8.72
    2.50    4.30   -4.53  -11.44  -11.21   -4.99
    3.58    8.30    1.34   -4.69   -5.66    0.53
2050 2059
  -10.01   -8.19   -7.80  -11.52  -14.79  -15.58
   -4.33   -4.22   -6.56  -11.87  -12.59  -15.57
   -1.41   -3.41  -13.81  -14.66  -12.57  -10.61
   -2.18   -6.41  -19.30  -12.28   -6.25    3.05
2060 2069
   -5.45   -6.00   -8.70  -19.06  -23.60  -21.47
    6.11    3.38    0.68  -13.73  -15.82  -18.51
    7.54   12.98   -3.23  -18.67  -17.68  -17.70
    3.58   16.37   17.47   -6.75  -23.01  -29.55
2070 2079
  -12.00  -11.82  -20.32  -29.75  -25.38  -14.17
   -9.15  -10.50  -18.74  -22.44  -15.37   -7.96
   -5.78   -7.97  -12.52  -18.84  -11.99    0.28
   -2.15    0.43    7.04    9.73   20.16   31.22
2080 2089
  -15.61  -14.77  -21.92  -32.85  -34.35  -26.78
   -8.16  -10.10  -20.56  -29.80  -25.77  -22.73
   -3.87   -8.17  -25.89  -29.65  -24.05  -17.94
   -3.99   -8.44  -19.68  -12.09   -6.22   -2.75
2090 2099
  -12.88  -10.04  -14.00  -21.35  -21.71  -12.58
   -3.80   -4.41  -15.06  -27.14  -25.31  -19.25
    2.04   -3.35  -19.88  -32.59  -29.04  -19.02
    1.72   -4.01  -11.28  -18.83   -3.21    7.40
