Mean monthly rainfall - Model Simulations
NaN indicates insufficient data is available
Refer to Accompanying Documentation
GRIDBOX LONGITUDES
           6
   11.25   13.75   16.25   18.75   21.25   23.75
GRIDBOX LATITUDES
           7
   -3.75   -6.25   -8.75  -11.25  -13.75  -16.25  -18.75
MODEL CLIMATOLOGY 1970-1999 (mm)
   71.91   55.24   41.05   38.15   39.12   36.02
   41.80   24.46   17.30   16.96   16.57   13.57
   20.33    8.13    4.84    5.40    5.40    4.17
    7.13    1.97    1.23    1.34    1.30    1.01
    3.08    0.78    0.66    0.54    0.53    0.49
    2.85    0.44    0.32    0.29    0.37    0.40
    4.08    0.62    0.42    0.40    0.38    0.40
Mean Anomalies over 10-year time slices (mm)
2000 2009
    1.23   -0.65   -0.71    0.58    0.62   -0.35
   -0.02    0.52   -0.37    0.46    1.38    1.19
   -0.71    0.97    0.58    1.27    2.02    1.57
   -0.13    0.98    1.11    1.30    1.25    0.75
    0.05    0.65    1.16    1.00    0.52    0.18
    0.12    0.38    0.67    0.59    0.40    0.23
    0.35    0.08    0.07    0.14    0.13    0.13
2010 2019
   -1.39   -0.91    1.50    2.92    2.77    0.74
   -0.58   -1.64    0.31    1.27    1.39    0.19
   -2.25   -1.21    0.07    0.65    0.57   -0.17
   -1.97   -0.44    0.10    0.36    0.17   -0.18
   -0.57   -0.13    0.11    0.06   -0.18   -0.21
    0.15    0.07    0.16    0.04   -0.13   -0.10
    0.49    0.11    0.13    0.18    0.13    0.09
2020 2029
   -4.38   -2.41    0.45    1.02   -0.02    0.02
   -0.88   -1.35    0.99    1.61    0.70    0.78
    1.61    0.86    1.80    1.37    0.36    0.23
    2.19    2.07    1.50    0.60    0.13    0.10
    1.21    1.73    1.00    0.26    0.00    0.01
    0.60    0.79    0.52    0.10   -0.09   -0.10
    1.11    0.74    0.29    0.06   -0.05   -0.07
2030 2039
   -2.50   -0.65    0.59    1.52    2.27    2.40
   -4.18   -1.02   -0.47   -1.06   -1.31   -1.18
   -2.11    0.43    0.26   -0.54   -0.79   -0.85
   -0.56    0.74    0.40    0.09   -0.03   -0.10
   -0.14    0.39    0.44    0.31    0.09   -0.01
    0.43    0.41    0.54    0.40    0.13   -0.04
    0.96    0.32    0.22    0.22    0.17    0.07
2040 2049
    4.06    1.36    4.33    5.42    3.87    2.07
   -0.48    0.05    2.36    2.76    2.44    1.24
   -1.39   -0.37    1.31    1.10    0.86    0.44
    0.23    0.14    1.03    0.61    0.06   -0.08
    0.72    0.36    0.72    0.39   -0.11   -0.23
   -0.02    0.39    0.51    0.23   -0.04   -0.11
    0.04    0.57    0.70    0.51    0.36    0.26
2050 2059
   -8.15   -7.08   -1.13    1.57    0.35   -0.09
   -5.14   -3.67    0.38    0.98    0.80    0.81
   -0.04   -0.04    0.80    0.70    0.77    0.79
    2.88    1.14    0.32    0.32    0.35    0.26
    2.37    0.77    0.09    0.05    0.01   -0.02
    0.61    0.40    0.07   -0.06   -0.05   -0.02
    0.02    0.23    0.11    0.08    0.09    0.07
2060 2069
    0.54   -3.15   -0.88    1.57    3.07    2.27
   -5.04   -1.95    0.29    1.58    1.83    0.78
   -4.49   -0.55    0.52    1.14    0.91    0.29
   -1.95    0.47    0.90    0.90    0.66    0.52
   -0.71    0.51    1.03    0.74    0.49    0.48
   -0.29    0.02    0.69    0.64    0.53    0.46
    0.24   -0.07    0.46    0.63    0.77    0.68
2070 2079
    7.50    9.01    7.13    5.78    5.43    6.35
    0.22    2.66    3.23    3.11    3.39    3.71
   -0.36    0.39    1.08    1.51    1.73    1.77
    0.27    0.38    0.47    0.73    0.71    0.64
    0.11    0.24    0.42    0.54    0.45    0.29
    0.16    0.07    0.28    0.31    0.34    0.28
    0.92    0.18    0.21    0.14    0.23    0.46
2080 2089
   -5.51   -4.91   -0.58   -0.16   -2.05   -3.70
   -8.24   -3.32   -0.26   -0.74   -1.79   -2.18
   -3.60   -0.76    0.28   -0.42   -0.98   -1.12
    0.67    0.75    0.72    0.07   -0.29   -0.28
    1.08    0.75    0.73    0.27   -0.05   -0.02
    0.42    0.21    0.26    0.05   -0.13   -0.10
    1.11    0.04   -0.10   -0.05   -0.02    0.02
2090 2099
    9.84   11.01    9.19    6.99    4.70    3.50
    6.11    6.72    5.98    4.90    4.59    3.66
    4.49    3.77    3.20    2.55    2.25    1.73
    3.51    2.24    1.44    0.78    0.34    0.28
    2.34    1.42    0.84    0.18   -0.17   -0.11
    1.89    0.82    0.60    0.12   -0.17   -0.18
    2.45    0.74    0.55    0.26   -0.01   -0.08
