Mean monthly rainfall - Model Simulations
NaN indicates insufficient data is available
Refer to Accompanying Documentation
GRIDBOX LONGITUDES
           6
   11.25   13.75   16.25   18.75   21.25   23.75
GRIDBOX LATITUDES
           7
   -3.75   -6.25   -8.75  -11.25  -13.75  -16.25  -18.75
MODEL CLIMATOLOGY 1970-1999 (mm)
  136.70  111.36  207.67  283.11  273.86  264.80
   65.03   81.59  151.62  248.49  276.44  259.97
   21.66   68.06  151.71  208.16  217.62  207.00
   18.03   91.09  192.79  170.23  159.53  140.18
   25.04  108.29  155.36  124.68  121.77  113.76
   24.37   72.63   76.46   78.16   97.51   92.94
   15.28   23.85   39.80   57.29   79.84   82.60
Mean Anomalies over 10-year time slices (mm)
2000 2009
   13.87    9.48    8.20    2.08   -2.33   -4.55
   17.36   11.49   11.20    4.64    3.42    4.73
    9.26    8.33    9.25    2.77    7.50    6.20
    5.75    9.82    6.12    3.48   10.78   14.54
    2.68    4.86    6.37    4.16    3.77   15.06
    0.57    0.67    3.28    3.07    6.95    2.37
   -0.63   -3.78   -5.62    4.21    7.05    1.84
2010 2019
   23.60    4.40   -8.03   -6.90   -5.48   -5.59
   16.84   10.12    0.96   -2.42   -0.71    6.02
    2.33    0.10    0.78    5.61    4.23   10.69
    1.14    0.39   -3.98    7.73   11.03   13.15
    0.36   -2.97    3.32    4.80   11.27   15.04
   -2.97   -0.49   11.59    8.59   15.94   13.62
   -1.78   -3.67    3.82    5.01   17.12    9.94
2020 2029
   29.29    5.57   -4.20  -11.47   -4.35   -5.47
   18.32    8.42    4.82    0.04    3.07    3.02
    1.84    3.93    5.79    0.24   -2.64    2.52
   -0.09    3.17    7.34    8.04    9.67   12.32
   -2.73   -1.18   17.98   15.17    8.94   11.66
   -2.29    1.77   13.23    9.11   11.24   10.60
   -0.26   -1.88    5.37    7.58   10.94    5.08
2030 2039
   22.22    6.03    4.97    7.48   -0.07   -4.23
   19.24   10.92   10.04    9.55    8.40   11.96
    5.80    7.89    8.73    8.50    9.14    8.47
    1.70    9.46    0.70    4.94    5.49    3.25
    1.42   13.01    6.96    7.79   10.25    6.28
    0.22    2.34    9.89   11.94   10.69   -1.39
   -0.26    2.35    4.74   11.60   11.59   -1.24
2040 2049
    4.27    7.35    6.37    0.26   -0.88   -2.32
    7.26    6.90    4.16   -0.51   -6.57   -1.30
   -0.34    3.17    1.36    1.86   -1.89   -3.61
   -0.83   -1.64   -8.58   -0.12   -0.29   -6.27
   -3.61   -6.44   -3.99   -0.86   -6.63  -13.91
   -4.42   -2.84   -0.11   -1.76   -4.38  -10.48
   -0.69   -6.65   -9.04   -4.20   -5.04    2.17
2050 2059
   34.62    8.17   11.98   -1.37   -2.20   -2.55
   28.12   18.32   19.52   11.18    7.64    9.30
    7.40   22.35   29.09    4.46    1.27   11.29
    7.69   30.59   18.64   -9.82   -0.20   11.31
    6.87   23.40   18.01    5.23    9.68   14.51
    2.49   14.12   18.03   15.25   16.41    3.17
   -0.36    5.93   10.58    7.11    9.97    4.05
2060 2069
    1.81    1.93   10.16    1.65   -5.51   -7.42
    8.06    0.42    6.60    7.03    1.26   -0.18
   -0.87    1.03    3.84   13.00   11.69    3.22
   -0.68    3.90    3.58   12.18    6.40    1.58
   -2.21   -0.53   15.20   18.96   -0.18   -0.22
   -4.62   -6.43   15.01    5.91   -0.97   -5.20
   -1.09   -5.54    1.21    0.89   -4.04  -10.55
2070 2079
    5.30   10.65   18.21    2.23    1.10   -2.33
   16.07    8.96   12.18    5.83    3.19   14.05
    6.99   10.88    8.15    3.01    8.10   11.05
    1.91    9.09    6.43   -3.08    4.80    8.05
   -1.42   -0.10    8.60   14.69    8.03    6.60
   -3.17    0.65   18.01   16.29   16.03   13.32
   -0.91   -0.98    9.31   13.51   20.98   11.72
2080 2089
   17.40   11.75   10.41    3.17    4.84    7.04
   19.76   11.93   14.38   13.24    9.87   13.14
    7.19   11.49   17.97    9.29    7.80    7.19
    3.66   17.13   14.06    3.94   -1.16   -3.04
    2.43   15.99   17.90    6.96    4.62   -6.85
    1.10    8.95   15.29    6.72   10.93    1.12
   -0.83   -0.43   11.12    9.09   15.04   11.75
2090 2099
   -7.63    5.21   21.46    6.74    2.83   -0.22
    0.49    3.06    6.03    7.11    2.93    8.94
    3.34    2.04    3.66    9.70    8.85    8.06
    0.75    0.14   -6.32    5.04   13.92   13.75
   -0.86   -5.54   -8.41   -4.66    2.44    9.32
   -1.50   -8.69   -6.34  -11.46    1.50    4.57
   -0.67   -4.38   -1.44    4.09   13.06   13.38
