Mean monthly rainfall - Model Simulations
NaN indicates insufficient data is available
Refer to Accompanying Documentation
GRIDBOX LONGITUDES
           6
   11.25   13.75   16.25   18.75   21.25   23.75
GRIDBOX LATITUDES
           7
   -3.75   -6.25   -8.75  -11.25  -13.75  -16.25  -18.75
MODEL CLIMATOLOGY 1970-1999 (mm)
   84.14   99.53  133.73  174.09  193.04  220.10
   90.31   98.53  115.94  136.15  152.95  165.78
  111.61  104.74  100.65  101.83  118.81  127.85
  121.66  124.84  110.64   86.71   92.86   94.10
  105.18  121.75  107.29   70.21   67.24   63.61
   45.63   63.56   60.20   38.67   37.93   38.22
   17.61   34.40   39.52   31.84   29.12   27.74
Mean Anomalies over 10-year time slices (mm)
2000 2009
   -5.89  -13.78  -14.15   -6.93   -4.83   -7.20
   -4.73  -13.95  -15.88   -9.06   -2.31    0.95
   -9.30  -11.25  -10.69   -6.78    0.54    4.31
  -15.07  -18.48  -15.45   -6.83   -0.26    2.55
  -15.36  -20.20  -16.23   -5.39   -1.01    0.17
   -4.28   -4.18   -2.08    0.84    1.05    0.14
   -0.04    0.22    2.56    5.78    3.01   -0.07
2010 2019
    7.88   -0.36   -6.95   -9.31   -6.55  -11.67
    5.99   -4.12  -10.74  -10.94   -4.00   -2.19
   -0.17   -2.83   -5.14   -6.26   -5.50   -2.38
  -10.30  -15.29  -13.97   -7.18   -5.19    0.90
  -15.49  -24.23  -21.30   -8.33   -4.42    2.90
   -8.04  -15.91  -14.87   -5.86   -4.23   -0.43
   -3.09   -9.32  -10.30   -5.96   -4.87   -3.04
2020 2029
    1.43    3.78    5.03    4.04   -2.69   -7.31
    4.14    7.91    8.46    5.10   -1.61   -3.31
    7.49    9.89    6.89   -1.16   -5.61   -4.35
   -0.40   -3.42   -6.42   -9.28  -10.42   -8.27
   -8.17  -16.11  -18.26  -14.97  -14.39  -12.86
   -7.26  -16.11  -18.40  -14.54  -15.94  -16.44
   -3.74  -11.99  -15.30  -13.27  -13.87  -14.35
2030 2039
    1.05    1.57    1.63    0.60   -3.44   -4.16
    0.15    2.13    0.16   -4.97   -5.04   -4.77
   -0.82   -3.51   -6.59   -8.89   -6.73   -4.27
   -3.50  -12.69  -14.70   -8.71   -3.23    0.92
   -4.65  -16.63  -17.06   -5.65    1.25    5.70
   -1.51   -7.80   -7.36   -0.12    3.54    5.88
    0.31   -3.97   -4.27   -0.48    0.31    0.60
2040 2049
    3.40    1.39    1.98    4.74    0.61    3.48
   -0.98   -0.41    0.20    1.36    1.85    5.35
   -6.16   -0.38    2.11    0.61   -2.56   -2.79
   -9.93   -5.39    1.03    6.41    2.07    0.10
   -8.70   -7.28    1.07   12.42    8.52    6.21
    0.99    0.40    5.30   13.86   11.69   10.23
    1.71    0.80    4.37   11.50   11.69   10.68
2050 2059
   -9.80  -14.60  -12.31   -3.82   -2.80   -5.74
  -10.65  -16.47  -15.20   -6.56   -1.02    2.20
  -13.65  -11.73  -10.19   -8.82   -5.91   -0.44
  -17.91  -16.33  -14.01  -11.33   -8.23   -2.70
  -18.46  -18.89  -16.16  -11.13   -7.93   -3.67
  -10.69  -10.57   -8.68   -5.84   -4.75   -2.80
   -4.65   -6.29   -7.71   -8.48   -7.15   -4.49
2060 2069
   -8.25   -7.05   -0.63    9.21   10.65    9.96
   -5.55   -0.75    5.41   12.25   18.60   23.08
   -0.40   11.22   16.17   12.63    7.93    5.29
    2.01    3.99    3.77    1.14   -1.94   -0.64
    1.66   -6.08  -10.37   -9.81   -8.63   -2.85
   -1.89   -7.56  -10.90  -10.98   -9.85   -6.85
   -1.32   -7.15  -10.89  -11.29   -9.14   -7.77
2070 2079
    0.22    0.94    5.21   11.44   12.61   10.99
    1.75    3.26    7.64   13.62   14.67   14.12
    3.31    2.92    3.66    4.81    4.27    5.84
    4.04   -4.02   -6.29   -2.60   -1.45    0.37
    2.61   -9.70  -13.26   -7.39   -4.83   -3.24
   -2.29   -8.02  -10.09   -8.11   -7.03   -5.24
   -2.10   -5.97   -8.46   -8.63   -6.35   -4.58
2080 2089
   -9.85  -18.02  -14.20    0.32    3.98    7.47
   -8.80  -15.93  -11.82    2.83    8.89   16.22
   -5.86   -4.70    0.86    9.09    9.89   11.41
   -7.69   -7.19   -2.54    4.30    3.72    3.92
   -8.80  -11.51   -8.70   -1.96   -2.62   -2.36
   -4.97   -9.26   -8.40   -3.11   -4.20   -4.58
   -2.24   -6.73   -7.98   -5.82   -6.23   -6.53
2090 2099
   -4.76   -6.24   -1.74    6.42    2.85    2.72
   -1.69   -0.70    0.27    0.98    0.21    2.67
   -2.10   -0.41   -0.53   -2.46   -3.19    1.01
   -4.18  -10.25   -9.55   -3.12   -4.86   -1.91
   -5.25  -17.09  -15.47   -2.24   -4.46   -3.71
   -3.18  -10.53   -9.20   -0.25   -1.29   -2.46
   -1.24   -4.12   -3.13    1.06   -0.55   -2.49
