Mean monthly rainfall - Model Simulations
NaN indicates insufficient data is available
Refer to Accompanying Documentation
GRIDBOX LONGITUDES
           6
   11.25   13.75   16.25   18.75   21.25   23.75
GRIDBOX LATITUDES
           7
   -3.75   -6.25   -8.75  -11.25  -13.75  -16.25  -18.75
MODEL CLIMATOLOGY 1970-1999 (mm)
  195.01  185.16  186.18  193.79  207.43  215.89
  149.38  151.05  173.91  212.18  236.60  238.34
   74.88  100.64  154.31  226.16  260.41  272.77
   54.13  104.49  168.76  235.33  268.44  291.10
   53.22  142.25  204.29  227.89  249.66  270.92
   43.72  143.12  196.91  196.00  215.93  225.76
   31.80  107.82  152.55  158.59  176.59  175.15
Mean Anomalies over 10-year time slices (mm)
2000 2009
  -17.63   -4.98    3.69    5.48    5.98    5.39
  -41.41  -20.61   -2.68    5.83    6.12    3.48
  -31.66  -16.29   -0.09   11.50   10.06    5.00
  -19.97   -9.96   -1.33    2.94   -0.11   -3.61
  -21.01  -14.39  -11.98  -15.19  -17.21  -16.84
  -16.45  -16.39  -15.78  -15.65  -16.71  -15.07
   -5.31   -9.48  -11.89  -11.33   -5.26   -0.87
2010 2019
    1.27   -0.96   -0.57    2.83    4.03    4.73
   -4.40   -5.05   -2.74    3.45    6.90    6.63
   -5.19   -3.64   -1.41    2.14    5.85    5.09
    0.93   -3.53   -7.65   -9.49   -6.87   -4.66
   -5.68  -14.59  -21.05  -22.83  -18.87  -11.36
   -6.32  -16.42  -22.71  -23.59  -21.62  -13.26
    0.53   -5.63  -13.57  -20.70  -17.51  -11.32
2020 2029
    3.88    6.63    5.81    2.47    3.80    4.16
    7.55    9.92    8.86    6.39    6.46    6.10
   10.31   16.42   14.30    5.39    0.76   -0.02
    9.40   15.41   10.79   -3.33  -11.24  -13.70
    0.74    3.75    0.86   -7.42  -14.09  -19.28
   -7.87   -1.57    1.09   -1.59   -6.99  -13.01
   -6.07    6.21   11.73    8.01    4.45   -0.54
2030 2039
  -53.08  -32.03  -12.47   -2.27    1.01    1.83
  -68.88  -46.12  -21.58   -2.78    6.02    5.95
  -42.67  -33.36  -17.79    0.24    4.29    0.81
  -32.57  -30.88  -24.84  -16.83  -17.38  -19.35
  -30.74  -39.77  -42.50  -38.32  -30.10  -22.59
  -17.26  -33.50  -38.28  -29.56  -17.92   -5.44
   -2.92  -18.60  -22.89  -12.94    0.49   11.17
2040 2049
   -2.64    1.60    5.06    6.48   10.51   10.97
   -9.76   -5.13    0.57    6.53    9.61    9.22
  -14.65   -6.82    1.14    6.94    3.97    1.84
  -15.66   -7.36   -2.91   -4.45   -8.97   -9.76
  -14.10   -9.04   -6.25   -7.05   -7.85   -5.24
   -9.13    0.22    5.14    3.95    3.99    7.63
   -3.37   12.31   17.07    9.87   12.60   16.39
2050 2059
  -11.28   -4.58    1.89    6.35   12.23   10.83
  -32.97  -17.07   -1.13   11.49   19.09   16.09
  -28.82  -12.96    2.61   13.90   14.80    8.17
  -10.16   -1.54    3.10    1.39   -5.75  -11.61
   -8.61   -4.60   -5.81  -12.82  -15.67  -15.57
  -10.58   -9.61  -11.66  -16.81  -16.45  -12.37
   -4.59   -7.25  -11.58  -16.13  -12.00   -5.73
2060 2069
  -43.55  -23.77   -6.72    0.13    6.89    7.75
  -77.72  -47.44  -17.90    1.29   10.79   10.23
  -52.85  -36.36  -14.67    6.15   10.61    9.46
  -31.95  -20.21  -10.74   -7.80  -12.75  -13.69
  -28.69  -19.78  -19.98  -31.16  -36.82  -36.96
  -17.53  -24.72  -30.21  -33.72  -36.73  -33.32
   -3.28  -21.14  -29.59  -25.82  -20.81  -14.70
2070 2079
   10.11   15.70   20.45   21.59   20.50   15.18
   -3.59    2.13    9.40   14.97   12.82    7.13
   -3.64    1.60    7.31   10.77    3.96   -1.83
   -2.62    8.01   10.28    2.48   -7.53  -12.43
   -5.31    7.09    6.94   -5.85   -9.96  -10.77
   -8.41    0.25    2.59   -1.80    0.72    3.89
   -4.23   -1.83   -1.28   -1.50    9.22   14.78
2080 2089
  -18.77   -7.46    2.94    9.66   18.26   18.33
  -42.92  -25.60   -9.11    4.11   18.92   21.74
  -35.84  -23.71  -11.96   -2.54    6.77   11.10
  -28.60  -19.08  -12.24  -11.02  -14.79  -13.58
  -29.32  -26.68  -23.29  -21.66  -24.97  -24.01
  -18.47  -24.64  -27.94  -28.34  -28.16  -20.62
   -3.20  -10.16  -19.08  -27.03  -23.21  -12.18
2090 2099
  -57.43  -33.82  -11.52    0.74   12.56   15.51
  -87.76  -59.57  -30.58   -8.29   12.78   20.25
  -51.06  -43.78  -32.14  -16.91    3.63   14.75
  -28.02  -29.35  -29.86  -28.39  -17.26   -7.32
  -23.07  -34.60  -41.46  -40.94  -28.47  -16.23
  -13.98  -32.41  -41.85  -38.67  -26.19  -10.11
   -1.97  -13.44  -20.04  -19.09  -11.92   -2.12
