Mean monthly rainfall - Model Simulations
NaN indicates insufficient data is available
Refer to Accompanying Documentation
GRIDBOX LONGITUDES
           6
   11.25   13.75   16.25   18.75   21.25   23.75
GRIDBOX LATITUDES
           7
   -3.75   -6.25   -8.75  -11.25  -13.75  -16.25  -18.75
MODEL CLIMATOLOGY 1970-1999 (mm)
  172.67  180.56  187.18  201.45  211.11  217.49
  156.96  165.99  173.91  182.23  188.95  186.24
  119.98  133.36  152.69  167.57  174.87  168.10
   85.88  122.70  151.49  159.82  158.83  154.34
   61.44  121.44  148.90  145.66  138.63  135.58
   41.89  103.97  125.97  122.20  119.36  112.60
   32.00   76.58  105.81  105.80  102.63   93.37
Mean Anomalies over 10-year time slices (mm)
2000 2009
   10.86    3.17    1.68    5.45    6.81    2.91
   17.82    9.22    5.85    7.06    6.71    4.96
   21.68   12.54    5.80    1.02    1.58    4.70
   24.56   22.31    7.81   -4.32   -5.49   -1.94
   22.35   22.47    2.59   -7.84   -8.26   -6.85
   14.08    8.52   -8.84   -9.75   -5.26   -3.51
    6.50    1.57   -8.72   -5.64   -2.40   -1.39
2010 2019
    1.28   -1.66    1.18    3.24   -1.59  -11.42
   11.19    3.66    8.64    6.82    3.93   -0.60
   30.85   22.46   21.79    9.41   -1.78   -4.17
   34.09   34.05   22.36    3.41   -7.33   -9.70
   23.43   32.73   15.67   -1.31   -4.80   -6.77
   13.56   26.10   14.10    3.14    1.05   -1.47
    6.19   17.34   12.55    6.69    2.69   -1.30
2020 2029
    7.55    0.63    8.03    7.90    3.81    3.03
    3.10   -4.22    5.46   11.94    8.97    6.96
   -1.80   -5.03   -1.06    5.22    5.22    4.79
   -6.43   -7.58   -1.60    1.84    2.81    3.74
   -8.62   -9.34   -1.71    0.29    2.09    5.71
   -7.51   -4.09   -0.32    1.25    3.12    9.47
   -3.68    2.51    6.73    9.63    8.45   10.99
2030 2039
    6.10    2.26   -3.98  -10.69  -13.05  -18.68
    7.28    3.76   -3.93  -12.99  -15.25  -14.87
   11.64    5.08    0.54   -7.24  -11.69  -10.77
   14.86   13.03    6.77   -2.19   -6.27   -5.30
   11.11   10.90   -0.08   -6.80   -4.64   -1.09
    4.88    2.97   -9.90  -12.44   -5.63   -1.25
    3.63    8.75   -2.37   -7.26   -3.20   -1.39
2040 2049
    0.33   -8.55   -8.43   -9.38  -17.57  -28.23
   -1.69  -15.14  -15.59  -17.17  -18.37  -16.19
    6.23   -5.54   -6.18   -4.58   -3.31    4.07
    6.66    0.11    3.11    6.64    6.93   10.41
    1.84   -2.21   -0.37    3.40    5.89    5.02
    2.23   -0.10   -5.06   -2.24    3.49    2.14
    2.96    6.45    1.54    2.86    7.78    6.25
2050 2059
   -2.99   -3.98    4.23   18.12   22.54   11.59
   -5.09   -7.19   -2.98    2.81    6.16    5.73
    2.08   -5.32   -8.99   -7.52   -2.31    4.75
    3.12   -4.46   -7.18   -2.59    2.99    6.59
   -0.85   -4.21   -4.55    1.02    6.36    7.92
    0.04    0.48   -2.73   -2.50    2.33    7.88
    3.76    7.33    5.74    0.38    0.41    5.05
2060 2069
   -2.77   -7.98   -0.93    0.84    1.12    6.57
    7.74    9.91   12.08    5.69    5.09   13.40
   20.40   22.52   20.23   10.43    7.56   12.17
   25.76   27.68   23.03   10.97    5.52    6.17
   20.99   25.41   13.98    3.46    1.76    2.40
   13.25   17.18    0.12   -3.86    1.95    4.12
   10.53   11.17   -0.06   -0.20    5.47    5.36
2070 2079
    0.85   13.00   21.20   23.92   22.09   15.06
   17.30   23.11   18.50    9.58    4.00    1.72
   35.22   30.43   16.37    6.80   -0.21   -0.92
   34.93   33.27   20.22   11.28    6.93    5.71
   25.20   27.16   16.00    7.77    7.63    8.19
   20.07   19.51    4.47   -3.28    0.26    6.97
   15.65   18.29    1.49   -9.29   -4.56    7.12
2080 2089
   29.54   14.34   18.07   16.15    8.77    1.69
   31.73   16.12   14.10    9.64    4.96    3.34
   36.07   24.09   15.24   12.20   12.30   16.52
   36.94   39.20   23.98   19.61   20.77   21.51
   31.09   43.20   21.12   14.71   16.31   13.60
   23.92   30.45    5.28    3.70    7.13    5.34
   17.87   17.78   -1.41    3.84    7.32    3.76
2090 2099
   37.95   16.13    5.39   -0.11    1.86    1.58
   26.56   13.63   10.08   10.64    8.85    4.66
   32.90   27.03   23.43   17.89    8.28    4.45
   37.56   36.87   24.96   14.04    8.73    6.71
   29.50   32.21   14.57    6.40   10.92   10.33
   21.00   19.83    5.20    4.33   12.23   13.06
   18.54   11.00    0.30    4.90   11.22   12.46
