Mean monthly rainfall - Model Simulations
NaN indicates insufficient data is available
Refer to Accompanying Documentation
GRIDBOX LONGITUDES
           6
   11.25   13.75   16.25   18.75   21.25   23.75
GRIDBOX LATITUDES
           7
   -3.75   -6.25   -8.75  -11.25  -13.75  -16.25  -18.75
MODEL CLIMATOLOGY 1970-1999 (mm)
  154.79  138.96  168.72  163.83  157.35  145.42
  110.41  103.49  127.38  131.12  123.59  118.64
   75.27   76.90   75.29   83.24  104.51  110.95
   49.69   60.98  101.35  116.62  117.21  121.04
   40.09   60.96  110.88  106.67   99.67  107.73
   24.84   40.51   74.38   80.35   89.86   95.83
   14.75   22.12   59.69   83.19   76.85   75.41
Mean Anomalies over 10-year time slices (mm)
2000 2009
    4.86    0.03   -3.46   -4.84   -2.85   -5.69
    0.85    0.27   -2.66   -3.74   -2.78   -1.77
   -3.10   -5.04   -3.55   -2.57   -2.09   -0.31
   -5.62   -6.59   -6.94   -1.91   -0.56   -0.82
   -8.61   -7.43   -9.93   -0.35   -0.61   -0.06
   -7.50   -8.51   -7.63    2.60    1.44    1.23
   -3.02   -5.03   -7.18   -2.17   -1.34    0.01
2010 2019
   17.57    7.65    2.18    3.59    7.48    3.12
   16.26   12.07    6.57    3.96    3.13    0.81
    6.11    7.09    4.56    2.41   -0.07   -0.59
   -2.27    0.73   -2.56   -4.19   -2.03   -0.07
   -3.92   -2.98   -7.89   -3.80    0.62    3.10
   -3.19   -2.55   -3.29    1.45    1.64    3.33
   -0.97   -0.60   -1.76   -0.36   -0.68    1.92
2020 2029
    4.96    4.46    2.15   -2.36   -0.85   -1.09
    6.16    5.58    2.63   -3.13   -3.35   -2.21
    0.28   -2.75   -2.00   -3.32   -6.46   -4.29
   -1.39   -6.97   -8.30   -7.97   -7.82   -7.49
   -2.43   -6.74  -13.07  -10.13   -5.92   -2.49
   -1.37   -2.99   -6.09   -1.48    2.80    6.11
    0.10    0.33   -2.10   -3.44    1.12    6.94
2030 2039
   -6.94   -2.84   -0.78   -2.68   -0.12    0.04
   -5.59   -3.55    0.13   -2.58    1.16    3.44
   -0.10   -1.68   -0.84   -1.75   -2.43    0.36
   -1.14    0.02   -4.72   -5.94   -3.54   -3.04
   -3.14   -2.62   -6.43   -4.45   -0.65    1.14
   -4.30   -3.01   -2.28   -0.18    2.23    6.56
   -3.27   -2.24   -3.12   -5.72   -3.48    2.27
2040 2049
    7.63    1.32   -3.55   -4.76   -3.56   -3.37
    1.92    0.94   -0.36   -4.13   -3.22   -2.01
   -0.46   -1.23   -0.52   -5.94   -6.66   -3.56
   -3.94   -2.42   -3.63  -10.79   -8.52   -5.91
   -9.54   -7.68  -10.02  -11.23   -7.81   -2.09
   -8.62   -8.13   -5.41   -2.72   -3.12    3.43
   -3.66   -5.85   -4.15   -1.37   -3.32    2.32
2050 2059
  -23.62  -10.07  -10.69  -11.47   -8.69   -6.18
  -30.10  -16.68  -12.47  -12.01  -10.56   -7.61
  -25.87  -21.04  -12.98  -11.27  -11.94   -9.29
  -19.37  -17.44  -14.43  -10.24  -12.61  -10.37
  -16.22  -14.82  -17.36   -8.10   -7.79   -4.61
   -9.03  -11.37  -13.87   -2.87    0.42    2.50
   -2.61   -4.40   -9.53   -6.28   -3.32    1.94
2060 2069
    0.55   -1.41   -0.62   -2.44   -1.64   -3.24
   -3.11   -6.17   -1.67   -0.83   -2.34   -2.33
   -6.63  -12.39   -9.48   -5.92   -4.16   -1.04
   -7.74  -12.60  -16.03  -12.90   -7.85   -3.49
   -8.68  -10.80  -12.97   -9.69   -6.05   -2.47
   -7.32   -7.84   -4.34   -1.30    1.85    4.50
   -3.70   -5.40   -3.82   -2.26   -0.97    3.96
2070 2079
   -0.08   -4.66   -4.31   -3.78   -2.66    0.95
   -2.52   -5.27   -2.51   -3.26   -3.54    0.28
   -1.46   -6.78   -6.95   -9.83   -8.80   -4.98
   -0.13   -1.84  -10.58  -15.37  -11.04   -9.04
   -1.49   -1.13  -13.47  -12.36   -8.26   -6.48
   -2.26   -2.35   -4.72   -2.36    1.03    3.03
   -0.96   -1.51   -3.17   -5.16   -5.10   -1.45
2080 2089
  -24.64  -19.79  -17.06  -13.23  -13.40  -11.40
  -29.23  -22.13  -19.56  -18.06  -14.48   -9.94
  -25.60  -19.65  -12.68  -13.69  -10.57   -5.56
  -18.55  -10.10   -9.71  -13.85   -9.45   -5.07
  -16.12  -13.04  -18.36  -17.06  -10.07   -3.48
  -11.66  -15.40  -15.27   -9.40   -6.15   -1.18
   -4.50  -10.77  -16.36  -11.82  -11.61   -6.51
2090 2099
  -17.75  -10.79  -11.17  -10.40   -8.32   -5.97
  -26.13  -15.36  -13.10   -9.48   -6.81   -4.86
  -22.67  -15.23  -11.55  -10.05   -6.67   -2.64
  -16.46  -10.11   -9.74  -10.32   -5.78   -4.06
  -13.91  -14.19  -15.25   -9.19   -3.22    3.02
   -8.61  -14.26  -11.92   -5.78   -2.46    9.11
   -3.51   -8.52  -13.00  -12.41  -11.70   -1.29
