Mean temperature - Model Simulations
NaN indicates insufficient data is available
Refer to Accompanying Documentation
GRIDBOX LONGITUDES
           6
   11.25   13.75   16.25   18.75   21.25   23.75
GRIDBOX LATITUDES
           7
   -3.75   -6.25   -8.75  -11.25  -13.75  -16.25  -18.75
MODEL CLIMATOLOGY 1970-1999
  297.43  296.58  295.79  295.57  295.45  295.26
  296.88  297.23  295.85  295.28  295.35  295.77
  295.91  297.00  295.68  295.09  295.27  295.75
  295.40  296.14  294.92  295.14  295.64  295.82
  295.39  295.77  295.23  296.03  296.86  296.97
  295.35  296.31  297.04  297.68  298.26  298.30
  293.95  295.81  297.11  297.81  298.43  298.57
Mean Anomalies over 10-year time slices
2000 2009
    0.34    0.62    0.61    0.57    0.62    0.56
    0.05    0.47    0.71    0.65    0.57    0.50
    0.06    0.39    0.59    0.64    0.58    0.55
    0.12    0.39    0.57    0.60    0.68    0.66
    0.14    0.43    0.68    0.64    0.68    0.64
    0.20    0.54    0.74    0.61    0.64    0.69
    0.23    0.53    0.71    0.61    0.61    0.73
2010 2019
    0.76    1.40    1.43    1.22    1.10    1.00
    0.24    1.05    1.60    1.40    1.08    0.90
    0.19    0.69    1.38    1.57    1.31    0.97
    0.26    0.59    1.08    1.32    1.27    0.97
    0.33    0.67    0.91    0.92    1.00    0.93
    0.36    0.72    0.84    0.80    0.85    0.90
    0.32    0.62    0.82    0.89    0.88    0.92
2020 2029
    0.80    1.15    1.22    1.16    1.15    1.11
    0.61    1.07    1.33    1.33    1.24    1.13
    0.56    0.98    1.28    1.44    1.46    1.35
    0.53    0.95    1.33    1.53    1.70    1.57
    0.50    0.99    1.45    1.61    1.79    1.77
    0.58    1.17    1.55    1.63    1.81    1.86
    0.61    1.20    1.64    1.75    1.90    1.96
2030 2039
    1.00    1.05    1.09    1.20    1.43    1.40
    1.00    1.18    1.28    1.24    1.31    1.37
    0.94    1.19    1.38    1.47    1.51    1.47
    0.85    1.13    1.38    1.52    1.66    1.59
    0.80    1.21    1.59    1.70    1.78    1.69
    0.84    1.38    1.76    1.90    1.94    1.87
    0.80    1.29    1.73    1.97    2.03    1.96
2040 2049
    1.14    1.26    1.32    1.39    1.47    1.44
    1.09    1.43    1.50    1.49    1.50    1.52
    1.04    1.48    1.72    1.70    1.57    1.53
    1.00    1.38    1.62    1.71    1.65    1.54
    0.99    1.34    1.51    1.60    1.66    1.64
    1.11    1.56    1.71    1.75    1.80    1.82
    1.20    1.77    1.99    2.03    2.00    2.00
2050 2059
    1.31    1.45    1.50    1.52    1.68    1.66
    1.20    1.44    1.59    1.67    1.72    1.67
    1.18    1.49    1.57    1.74    1.82    1.72
    1.16    1.50    1.58    1.69    1.77    1.69
    1.16    1.49    1.57    1.55    1.54    1.53
    1.20    1.60    1.70    1.50    1.43    1.47
    1.14    1.56    1.83    1.71    1.56    1.53
2060 2069
    1.51    1.86    1.94    1.90    1.92    1.85
    1.37    1.83    2.16    2.05    1.93    2.00
    1.37    1.86    2.22    2.29    2.23    2.22
    1.35    1.85    2.20    2.38    2.50    2.44
    1.37    1.94    2.24    2.42    2.59    2.57
    1.46    2.19    2.41    2.46    2.59    2.68
    1.41    2.21    2.55    2.61    2.74    2.87
2070 2079
    1.62    1.82    1.91    2.02    2.26    2.14
    1.58    1.97    2.12    2.09    2.21    2.20
    1.50    2.05    2.37    2.43    2.35    2.25
    1.38    1.91    2.39    2.71    2.73    2.43
    1.33    1.87    2.44    2.79    2.90    2.74
    1.40    2.05    2.57    2.84    2.99    2.98
    1.40    2.06    2.65    2.96    3.12    3.11
2080 2089
    1.93    2.07    2.22    2.37    2.61    2.43
    1.94    2.17    2.38    2.48    2.62    2.55
    1.92    2.38    2.53    2.67    2.65    2.66
    1.80    2.35    2.72    2.92    2.98    2.91
    1.72    2.27    2.77    2.98    3.09    3.06
    1.79    2.42    2.88    3.01    3.07    3.06
    1.70    2.37    2.80    2.97    3.07    3.17
2090 2099
    1.75    2.14    2.21    2.15    2.31    2.21
    1.50    2.06    2.58    2.48    2.31    2.16
    1.44    1.92    2.55    2.77    2.46    2.21
    1.43    1.86    2.38    2.71    2.62    2.37
    1.44    1.97    2.36    2.53    2.57    2.40
    1.47    2.15    2.49    2.54    2.53    2.50
    1.40    2.03    2.47    2.59    2.54    2.58
