Mean monthly rainfall - Model Simulations
NaN indicates insufficient data is available
Refer to Accompanying Documentation
GRIDBOX LONGITUDES
           6
   11.25   13.75   16.25   18.75   21.25   23.75
GRIDBOX LATITUDES
           7
   -3.75   -6.25   -8.75  -11.25  -13.75  -16.25  -18.75
MODEL CLIMATOLOGY 1970-1999 (mm)
  193.38  153.00  138.29  119.69  128.81  125.82
  176.74  131.78  136.27  122.77  112.05  108.78
  123.89  106.68  120.15  121.61  109.95  110.77
  110.54  141.50  122.10  105.17   94.14   97.01
   95.10  119.51  113.54   95.44   86.05   75.90
   71.85   84.88   80.95   67.60   69.63   61.32
   32.07   44.59   62.45   58.87   54.49   52.43
Mean Anomalies over 10-year time slices (mm)
2000 2009
   -2.76    0.90    1.97    2.40   -1.24   -1.63
   -2.18   -1.21   -0.27    2.72    2.11    2.49
   -2.29   -5.07   -2.51    2.46    3.47    3.15
    1.69   -0.40   -2.26   -0.77    0.31    1.76
    4.44    5.51    0.45    0.41    0.54    2.52
    3.84    6.73    5.84    5.64    4.76    2.57
   -1.03    3.89    5.66    5.39    4.68    0.87
2010 2019
   -2.96   -3.89   -3.39   -4.19   -3.57   -3.06
   -0.32   -1.11   -3.17   -3.92   -2.29    2.03
    2.42    0.84   -0.94   -2.22   -2.59    0.13
   -3.71   -3.45   -0.95   -0.37   -1.27   -0.22
   -8.55   -2.67    0.04    0.29   -0.17   -0.01
  -10.37   -1.61    1.37    0.47    1.12    1.38
   -6.80   -1.93   -1.21   -1.93   -2.82   -1.30
2020 2029
    5.05    1.66    0.35   -0.79   -3.98   -4.79
    2.81    1.29   -0.48   -2.13   -1.08    1.05
   -1.76   -2.71   -4.17   -5.79   -3.13    0.45
   -3.16   -7.18   -9.22   -8.44   -6.79   -1.40
   -6.32   -7.15  -11.54  -10.06   -8.23   -1.41
  -14.66   -9.01   -9.39   -9.79   -8.06   -4.76
  -12.20   -9.46  -11.08  -11.77  -11.06   -8.85
2030 2039
  -12.13   -9.24   -3.33   -1.70   -3.14   -2.91
   -3.89   -5.23   -2.41    0.32    0.62    2.49
    5.87    2.38   -2.23   -1.86   -0.77   -0.81
   10.15    5.86   -1.93   -2.17   -1.77   -1.05
    8.73    5.97   -0.25    0.20   -1.36   -1.05
    4.98    5.98    3.28    2.69    1.64    0.43
    4.28    4.14    3.93    3.27    3.60    1.52
2040 2049
  -10.12   -6.77   -4.98   -0.63   -1.11   -1.62
  -11.52   -6.92   -6.40   -3.28   -0.21    2.81
   -7.28   -7.40   -7.48   -6.81   -5.24   -4.27
  -10.22  -11.80   -7.38   -7.54   -9.98   -7.08
  -15.66   -9.27   -6.31   -8.49  -10.60   -5.86
  -17.02   -9.49   -8.10   -9.45   -8.46   -5.34
  -10.58   -9.32  -10.60   -9.07   -8.61   -7.45
2050 2059
    1.77   -0.57   -1.11    2.00    3.38    2.04
    0.99   -1.37   -0.18    0.05    2.61    6.06
    1.66   -1.54   -0.38   -3.16   -3.36   -2.31
    0.89   -0.90   -3.55   -4.82   -7.66   -6.66
   -2.93   -1.27   -5.04   -5.29   -5.35   -3.83
   -9.47   -4.33   -6.11   -6.28   -3.35   -1.70
   -8.58   -7.85   -7.96   -5.72   -2.43   -0.16
2060 2069
   -6.73   -2.01    2.27    3.86    2.96    6.69
   -8.01   -4.70   -1.63   -2.44   -1.86    5.95
   -8.02  -11.32   -6.75   -8.09   -6.78   -2.69
   -7.76  -14.31  -11.59   -9.43  -10.75   -8.28
   -9.08   -9.76  -11.30   -9.72   -9.81   -7.98
  -14.13   -6.47   -9.09   -9.47   -9.08   -7.06
  -10.43   -8.67   -9.31   -8.55  -10.83   -9.78
2070 2079
   -1.03   -0.57   -2.96   -1.54   -0.96   -1.53
   -3.79   -0.14   -4.35   -5.78   -1.37    3.91
   -1.87   -2.84   -4.76   -8.92   -6.68   -1.72
   -2.79   -7.18   -8.57  -11.92  -11.22   -7.21
   -6.40   -7.47   -8.11  -10.27  -10.35   -7.60
   -9.59   -5.11   -7.71   -7.82   -8.01   -5.27
  -10.28   -7.28   -8.18   -7.35   -7.70   -6.29
2080 2089
   -1.20   -3.10    0.80   10.04   14.05   15.99
   -4.12   -4.82   -4.78    1.94    8.91   14.53
   -1.00   -9.04   -3.44   -2.09    1.36    4.55
    5.59    1.37   -1.77   -4.46   -6.77   -5.54
   -1.40    3.00   -1.41   -5.87   -8.77   -8.39
  -15.88   -4.12   -2.47   -6.00   -8.82   -7.39
  -15.10  -11.92   -7.19   -5.29   -6.31   -6.87
2090 2099
   -1.52   -1.67    1.21    7.18    3.28    3.10
   -7.49   -5.13   -0.56    2.30    1.64    5.05
   -5.00  -11.06   -2.54   -1.10   -1.06    1.35
    1.53   -5.81   -5.77   -6.05   -4.24   -2.11
   -3.90   -2.88   -7.48   -8.76   -6.48   -4.27
  -18.53   -9.12   -8.29   -7.92   -4.64   -2.12
  -16.20  -14.12  -10.62   -7.39   -6.39   -4.84
