Mean temperature - Model Simulations
NaN indicates insufficient data is available
Refer to Accompanying Documentation
GRIDBOX LONGITUDES
           6
   11.25   13.75   16.25   18.75   21.25   23.75
GRIDBOX LATITUDES
           7
   -3.75   -6.25   -8.75  -11.25  -13.75  -16.25  -18.75
MODEL CLIMATOLOGY 1970-1999
  297.33  297.03  296.77  296.55  296.02  295.19
  296.98  296.53  296.12  295.74  295.14  294.30
  296.24  295.56  295.03  294.66  294.09  293.32
  295.36  294.21  293.56  293.43  293.02  292.34
  294.64  293.39  292.92  293.25  293.03  292.26
  293.97  292.76  292.56  293.38  293.38  292.54
  293.10  291.83  291.67  292.63  292.91  292.52
Mean Anomalies over 10-year time slices
2000 2009
    0.36    0.37    0.37    0.37    0.37    0.36
    0.41    0.48    0.52    0.52    0.51    0.49
    0.46    0.59    0.65    0.64    0.62    0.58
    0.46    0.61    0.66    0.63    0.60    0.57
    0.43    0.59    0.64    0.59    0.56    0.55
    0.39    0.56    0.60    0.53    0.50    0.52
    0.36    0.53    0.57    0.48    0.44    0.47
2010 2019
    0.62    0.79    0.86    0.85    0.83    0.80
    0.63    0.85    0.95    0.93    0.90    0.84
    0.66    0.90    1.01    0.99    0.94    0.86
    0.67    0.91    1.02    0.99    0.93    0.84
    0.66    0.88    0.99    0.99    0.94    0.86
    0.64    0.85    0.96    0.99    0.96    0.88
    0.64    0.84    0.94    0.96    0.93    0.85
2020 2029
    1.02    1.00    0.99    0.99    0.99    1.01
    1.07    1.08    1.08    1.07    1.07    1.08
    1.11    1.16    1.18    1.15    1.14    1.14
    1.13    1.24    1.26    1.20    1.16    1.13
    1.11    1.27    1.31    1.24    1.18    1.15
    1.09    1.27    1.33    1.26    1.20    1.17
    1.06    1.25    1.32    1.25    1.19    1.15
2030 2039
    1.09    1.11    1.12    1.10    1.10    1.12
    1.15    1.20    1.20    1.16    1.14    1.13
    1.19    1.27    1.28    1.23    1.18    1.14
    1.20    1.30    1.33    1.28    1.22    1.13
    1.20    1.34    1.39    1.34    1.25    1.13
    1.19    1.39    1.46    1.40    1.30    1.14
    1.19    1.47    1.57    1.49    1.36    1.19
2040 2049
    1.19    1.34    1.39    1.34    1.32    1.33
    1.21    1.41    1.48    1.41    1.38    1.38
    1.22    1.44    1.53    1.47    1.43    1.40
    1.21    1.42    1.51    1.48    1.44    1.38
    1.19    1.41    1.52    1.52    1.47    1.38
    1.16    1.42    1.56    1.56    1.51    1.38
    1.14    1.46    1.61    1.58    1.52    1.41
2050 2059
    1.41    1.55    1.58    1.52    1.50    1.50
    1.45    1.64    1.69    1.60    1.54    1.52
    1.48    1.70    1.76    1.66    1.58    1.51
    1.48    1.68    1.74    1.66    1.57    1.45
    1.48    1.67    1.73    1.65    1.53    1.38
    1.50    1.70    1.75    1.65    1.51    1.33
    1.55    1.81    1.87    1.74    1.58    1.38
2060 2069
    1.66    1.88    1.97    1.94    1.94    1.96
    1.66    1.95    2.08    2.05    2.04    2.05
    1.67    2.01    2.16    2.12    2.10    2.09
    1.65    2.01    2.16    2.10    2.05    2.02
    1.63    2.00    2.16    2.11    2.05    1.99
    1.61    1.99    2.16    2.14    2.09    2.00
    1.62    2.01    2.20    2.20    2.14    2.00
2070 2079
    1.82    2.02    2.09    2.03    2.00    1.97
    1.85    2.10    2.19    2.14    2.09    2.05
    1.88    2.15    2.26    2.21    2.16    2.10
    1.88    2.17    2.28    2.22    2.14    2.05
    1.88    2.18    2.29    2.22    2.14    2.05
    1.89    2.19    2.30    2.23    2.15    2.06
    1.92    2.25    2.37    2.27    2.16    2.04
2080 2089
    1.97    2.17    2.25    2.21    2.19    2.20
    2.04    2.35    2.44    2.34    2.27    2.25
    2.10    2.46    2.57    2.41    2.31    2.25
    2.09    2.42    2.52    2.41    2.30    2.21
    2.08    2.40    2.51    2.41    2.29    2.16
    2.08    2.42    2.54    2.43    2.29    2.13
    2.11    2.52    2.66    2.51    2.34    2.15
2090 2099
    2.10    2.33    2.42    2.37    2.35    2.36
    2.15    2.51    2.64    2.55    2.49    2.46
    2.18    2.62    2.79    2.68    2.59    2.53
    2.13    2.58    2.77    2.70    2.62    2.52
    2.10    2.55    2.76    2.72    2.64    2.51
    2.08    2.55    2.77    2.76    2.67    2.52
    2.09    2.59    2.83    2.82    2.73    2.56
