Mean monthly rainfall - Model Simulations
NaN indicates insufficient data is available
Refer to Accompanying Documentation
GRIDBOX LONGITUDES
           4
  -18.75  -16.25  -13.75  -11.25
GRIDBOX LATITUDES
           5
   18.75   16.25   13.75   11.25    8.75
MODEL CLIMATOLOGY 1970-1999 (mm)
    6.47    7.13    8.13    9.47
   10.19   10.16   11.83   15.20
   12.53    9.92   12.33   19.77
   20.51   16.56   20.62   32.72
   41.56   40.02   47.89   65.17
Mean Anomalies over 10-year time slices (%)
2000 2009
    4.01    3.76    4.85    6.75
    1.85    1.04    0.99    1.46
   -5.99   -4.51   -0.77    1.55
   -7.60   -9.19   -5.79   -1.75
   -3.74   -7.92   -7.89   -5.18
2010 2019
  -15.85  -21.31  -21.40  -17.80
    0.10   -7.33  -11.53  -12.15
    4.60   -8.16  -15.26  -13.36
   -5.46  -21.73  -26.71  -20.96
  -17.08  -28.29  -30.75  -26.56
2020 2029
  -17.89  -32.06  -40.37  -43.77
   -6.66  -24.67  -36.73  -40.75
    6.76  -16.30  -37.88  -42.09
   -7.56  -30.86  -45.07  -43.12
  -29.44  -44.52  -47.34  -41.11
2030 2039
   -5.82  -11.16  -15.27  -18.08
    2.49   -8.31  -15.66  -18.24
    6.69  -11.66  -25.92  -26.71
   -2.27  -23.80  -34.84  -31.18
  -13.29  -28.62  -33.13  -28.79
2040 2049
  -28.24  -31.15  -28.01  -21.07
   -8.40  -22.16  -25.64  -21.06
   16.60  -10.11  -33.33  -36.64
    8.93  -22.60  -46.58  -48.20
  -14.01  -37.76  -49.52  -48.53
2050 2059
  -19.25  -33.02  -38.46  -37.62
    0.62  -22.95  -35.92  -37.43
   23.62  -12.21  -42.49  -46.19
   13.19  -22.70  -50.25  -52.30
  -11.35  -35.75  -49.89  -51.36
2060 2069
  -14.97  -25.00  -32.86  -38.37
    2.70  -15.04  -30.24  -38.63
   21.93   -9.15  -41.68  -50.35
    0.28  -35.83  -61.27  -61.31
  -33.01  -56.59  -66.51  -63.42
2070 2079
  -21.68  -31.88  -35.96  -35.43
    8.59  -16.09  -32.14  -37.05
   28.02   -8.86  -43.16  -49.68
    8.34  -28.22  -54.37  -54.74
  -22.02  -44.07  -53.14  -50.00
2080 2089
  -17.75  -33.20  -41.98  -45.27
    3.48  -20.57  -37.13  -43.11
   26.58   -9.46  -43.85  -51.00
    5.71  -31.34  -57.62  -57.82
  -28.97  -51.82  -61.10  -57.69
2090 2099
  -43.03  -58.23  -66.34  -68.74
  -18.89  -40.04  -55.97  -63.06
   23.47  -20.28  -62.35  -71.31
   12.03  -35.71  -73.56  -77.37
  -27.39  -58.57  -75.72  -76.49
