Mean monthly rainfall - Model Simulations
NaN indicates insufficient data is available
Refer to Accompanying Documentation
GRIDBOX LONGITUDES
           4
  -18.75  -16.25  -13.75  -11.25
GRIDBOX LATITUDES
           5
   18.75   16.25   13.75   11.25    8.75
MODEL CLIMATOLOGY 1970-1999 (mm)
    1.88    1.52    2.22    2.11
    3.03    2.71    3.79    3.56
    6.25    7.41   11.52   14.30
   19.05   25.39   34.12   47.02
   74.16   75.54   80.27   89.30
Mean Anomalies over 10-year time slices (%)
2000 2009
   -3.17  -16.73  -15.08   16.03
   46.71  -21.17   -3.31   36.90
   23.51   -1.84  -21.28   -7.75
    5.21    7.77   -7.88   -3.62
    6.93    9.50    8.54    2.74
2010 2019
  -15.88    3.41   12.84   50.39
  -13.58   16.92   -4.74   11.52
    0.69   26.27    0.61   -6.58
   -0.66    1.98   -3.65   -0.13
   -1.42    1.04   -1.21    1.62
2020 2029
   -4.44  -15.72    2.97   17.62
  -34.57  -52.87    9.21   80.25
  -34.74  -26.98    3.85   46.28
  -15.64   -6.80   -4.09   12.72
    5.70   11.93   11.57    8.74
2030 2039
  -13.24  -33.21  -32.57  -18.52
  -35.01  -59.96  -44.51  -11.51
  -48.55  -59.89  -48.24  -23.20
  -43.45  -43.93  -34.57  -15.48
  -13.67  -17.73  -18.44  -11.55
2040 2049
  -21.13  -45.56  -30.80    8.42
    2.43  -18.36  -10.50    7.71
   45.94   15.92    0.99   16.60
   -0.34   -3.14   -4.01    5.05
   -5.38   -0.76    1.03    2.42
2050 2059
    2.35  -46.49  -49.33  -40.41
    6.26  -12.26  -33.84  -34.64
   -9.69  -12.36  -26.74   -7.43
  -22.74  -24.98  -20.23   -5.39
   -8.65   -8.56   -5.36   -3.36
2060 2069
   18.25  -10.61    1.20   21.58
   34.45   14.22   -0.87   29.55
   15.22   18.46   -8.15    8.89
    2.00   15.96    6.06    5.79
   -5.02    3.15    2.74   -1.29
2070 2079
  -21.77  -39.89   -7.93   16.07
    8.87   15.50   -6.91   17.44
   21.35   41.35   -7.45    3.15
   15.31   20.25   -2.57    1.58
    0.58    9.14   10.75    5.62
2080 2089
    7.19  -42.16  -52.00  -15.78
   -0.13  -46.82  -44.11   -3.46
  -20.03  -30.72  -38.61    2.39
  -17.21  -24.22  -27.03   -5.78
    9.64   10.49    3.99   -4.41
2090 2099
   -1.33  -31.64  -24.58  -12.26
    3.19  -38.99    2.32   55.16
   -9.53  -29.22  -13.10   17.43
  -11.30  -11.92   -9.91   -0.73
   -3.68    2.31    3.99   -1.03
