Mean monthly rainfall - Model Simulations
NaN indicates insufficient data is available
Refer to Accompanying Documentation
GRIDBOX LONGITUDES
           4
  -18.75  -16.25  -13.75  -11.25
GRIDBOX LATITUDES
           5
   18.75   16.25   13.75   11.25    8.75
MODEL CLIMATOLOGY 1970-1999 (mm)
    3.11    9.28   16.88   16.93
   10.42   22.59   39.57   44.57
   31.44   53.11   87.60  100.14
   68.26  104.24  155.42  180.20
  135.65  172.65  222.89  250.42
Mean Anomalies over 10-year time slices (%)
2000 2009
   54.98   -2.43   -4.18   12.98
   39.14   10.14    2.32   11.01
   31.36   10.32    4.78   10.68
   19.98   12.27    7.64    6.23
   -3.18   -4.58   -1.73    0.15
2010 2019
   31.13   22.10    6.91    2.15
   35.07   16.12    0.23   -3.20
   28.20    3.25   -4.44   -2.32
   18.12    1.99   -5.32   -4.77
    2.77   -0.99   -2.03   -1.75
2020 2029
   15.53   -2.91   -2.58   17.92
   17.20   -9.04  -17.00  -11.33
    2.74  -19.29  -21.64   -9.66
   -6.74  -11.06  -13.07   -8.54
    6.41    7.44    6.41    4.90
2030 2039
  177.65  156.71  105.64  110.70
  111.10   66.72   40.03   44.62
   29.44    7.42   -0.11    7.05
   -2.15   -3.60   -8.66   -6.67
  -10.73   -9.71  -10.90   -7.90
2040 2049
   18.05   -6.75  -18.65  -17.22
    3.94  -16.25  -17.35   -5.07
   -2.40  -21.48  -16.04   -6.13
   15.11    4.63   -1.71   -3.47
   36.10   33.75   23.72   13.03
2050 2059
   58.52    5.92  -20.08    3.90
   12.82  -15.30  -20.50  -17.75
   12.25   -8.27  -11.29   -9.83
   15.89   10.79    7.32    6.44
   22.40   16.05   15.73   11.82
2060 2069
   15.39   25.15   22.97   21.56
   11.63    1.91    2.91    2.63
    7.00  -11.76   -8.52    5.00
    0.70   -8.29   -5.70   -0.73
   -5.15   -8.73   -5.75   -0.61
2070 2079
   83.58   38.56   55.52   70.25
   38.95   11.60   17.01   28.64
   10.37  -12.48   -3.46    2.60
   -3.12   -6.09   -3.42   -2.71
    6.87    1.44    1.55   -0.24
2080 2089
  128.84   15.81  -18.47   -4.98
   62.36    8.06  -10.80   -4.31
   31.75   11.35    2.89    8.11
   26.14   18.36   12.96    6.02
   33.17   18.89   14.53   12.10
2090 2099
   -6.71  -43.94  -40.35   -1.04
   14.80  -28.77  -31.05   -5.74
   13.33  -10.42  -12.76   -3.23
   19.36   11.48    8.56   11.51
   31.11   23.47   19.78   20.74
