Mean monthly rainfall - Model Simulations
NaN indicates insufficient data is available
Refer to Accompanying Documentation
GRIDBOX LONGITUDES
           7
   33.75   36.25   38.75   41.25   43.75   46.25   48.75
GRIDBOX LATITUDES
           5
   13.75   11.25    8.75    6.25    3.75
MODEL CLIMATOLOGY 1970-1999 (mm)
   46.81   91.23  162.27  240.96  226.09  171.69   98.62
   70.72  102.85  150.68  202.22  185.18  143.61   94.42
   95.99  107.49  117.15  123.57  106.24   88.47   79.48
  123.93  116.60  106.36   95.11   73.39   76.87  108.60
  135.54  116.66   95.60   76.57   65.27   85.28  133.04
Mean Anomalies over 10-year time slices (%)
2000 2009
   11.93    8.20   -2.30  -11.57  -24.32  -33.98  -38.57
    0.75    0.81   -5.24  -12.64  -24.34  -32.65  -32.37
   -6.84   -4.34   -5.63  -10.51  -19.07  -20.69   -8.70
   -7.51   -3.54   -1.07   -1.42   -6.17    4.73   19.53
   -3.98    0.05    5.03   10.88   13.09   20.71   25.43
2010 2019
  -11.09   -2.42   -5.69  -10.25  -13.01  -15.05  -16.22
   -4.19   -5.35   -7.96  -10.26  -13.27  -15.54  -15.70
    0.21   -5.07   -7.66   -7.60  -12.20  -15.56  -13.93
    0.51   -0.05   -1.09   -2.62   -9.45  -13.51  -10.66
    1.04    4.67    5.21    0.87   -6.24   -9.72   -8.32
2020 2029
   22.46    8.25   -1.92   -8.30  -15.04  -19.61  -19.50
   12.89    3.44   -4.14   -9.18  -15.03  -18.74  -16.59
    4.86   -1.21   -6.16   -9.33  -10.79   -8.18    0.94
    3.09    0.14   -1.34   -0.25    4.99   16.40   23.04
    3.52    5.08    7.70   12.36   22.07   29.75   30.34
2030 2039
   30.20   20.25    7.91   -0.95   -7.39  -12.51  -16.59
   18.18   12.85    5.68   -0.39   -7.36  -13.67  -17.93
    8.40    7.49    5.37    2.10   -5.87  -12.63  -12.53
    7.78   10.06    9.80    6.81    2.76    4.92    9.97
   10.11   12.42   13.74   14.92   17.67   18.29   16.33
2040 2049
  -14.35   -0.97    1.09    0.28    1.72    7.29   22.98
  -16.53   -7.27   -2.86   -1.15    3.47   12.00   27.31
  -13.09   -7.66   -3.07    0.82    8.56   18.62   25.90
   -2.90    3.41    8.84   13.87   24.54   23.74   12.68
    4.99   11.83   17.82   22.84   25.50   19.20   12.69
2050 2059
   10.09    1.56   -3.05   -5.33   -6.94   -8.30   -9.18
    5.61   -0.32   -2.62   -3.37   -5.61   -7.00   -6.01
    2.80    2.08    3.21    4.37    0.77   -0.49    2.94
   -0.82    6.27   12.47   15.04   12.11    8.29    7.33
    2.85    9.42   17.27   24.86   24.11   18.98   16.73
2060 2069
   16.91    7.06   -2.37   -8.99  -15.93  -23.98  -36.18
   10.85    2.87   -5.32  -11.51  -17.86  -24.08  -29.74
    9.71    3.83   -2.72   -8.92  -14.96  -17.23  -13.35
   16.81   15.48   12.54    8.78    7.20    3.58    0.05
   21.53   20.45   19.48   21.65   26.36   19.29   10.46
2070 2079
   20.09   11.59    2.32   -2.73    2.17    8.94   18.47
   11.57    2.79   -3.91   -6.49   -0.09    8.81   19.70
    7.61    1.57   -3.52   -5.19    3.74   15.15   22.09
    8.64   11.80   11.07    7.50   16.89   24.60   21.98
    9.42   17.85   21.87   19.22   26.40   25.33   19.67
2080 2089
   11.93    4.53    0.26   -2.27   -4.71   -4.09    3.76
    4.17    0.19   -2.45   -4.14   -6.47   -6.07   -0.59
    3.15    0.32   -1.97   -3.31   -3.51   -2.44   -1.81
   12.93   12.44   11.49   11.79   19.34   16.09    3.94
   15.34   18.30   20.66   23.04   26.78   19.06   10.50
2090 2099
    5.16   -2.27   -9.45  -13.50  -11.47   -9.38   -7.89
    1.71   -5.01  -10.77  -13.57   -8.56   -4.24   -3.70
    1.50   -2.28   -5.00   -5.26    3.87   10.26    5.70
    9.52   11.27   13.38   17.75   30.40   29.10   14.57
   11.57   15.35   21.55   32.49   38.82   31.35   23.11
