Mean monthly rainfall - Model Simulations
NaN indicates insufficient data is available
Refer to Accompanying Documentation
GRIDBOX LONGITUDES
           7
   33.75   36.25   38.75   41.25   43.75   46.25   48.75
GRIDBOX LATITUDES
           5
   13.75   11.25    8.75    6.25    3.75
MODEL CLIMATOLOGY 1970-1999 (mm)
   73.76  122.87   52.76   16.82    8.68    8.53    8.16
  113.50  217.34  116.26   61.77   33.82   26.07   19.43
  160.18  255.29  200.09  100.85   77.11   80.24   42.98
  137.79  136.51  134.21   77.69   61.86   62.43   35.64
  157.66   81.96   67.48   60.83   46.96   45.63   57.05
Mean Anomalies over 10-year time slices (%)
2000 2009
  -11.12   11.18    4.30    0.71   38.47   53.58    1.51
   -0.11   11.66   20.70   21.94   33.19   11.92  -20.88
    2.78    7.19    8.85    7.35   17.88    7.96    1.41
    1.72   -4.92   -1.87   -2.43    8.67    4.47    1.16
    3.82  -18.36   -4.17    7.50   12.66   16.71    5.67
2010 2019
   -8.20   -3.78  -16.70  -31.90  -37.41  -32.02   -2.68
   -7.33   -3.56   -2.18   -6.90   -9.45   -1.45   18.69
   -3.70   -4.47   -6.24   -6.98    0.40    7.19   26.76
   -8.12   -2.99   -7.34   -2.96    8.32   16.21   42.98
  -15.82    2.71   11.09   10.06   21.65   47.23   53.39
2020 2029
   -9.98   -5.03   -6.84   -6.47    1.27   22.06    7.94
  -20.28  -13.50  -14.77  -13.88  -19.66  -21.78  -19.85
  -16.65  -11.14  -13.13  -21.03  -20.83  -24.30  -13.09
  -19.55  -18.20  -18.92  -12.40   -9.36  -19.89   -5.53
  -15.75  -14.78  -11.43   -9.88  -12.31   -8.69   -9.38
2030 2039
   -5.59    4.99   15.08   13.14   27.10   36.31   37.45
   -3.47    6.61   28.14   37.27   61.09   50.81    0.85
    3.16   13.37   18.84   21.89   28.42   20.18    0.54
   -3.52    2.09    3.09   -1.22   10.01    8.30   -3.20
   -4.83  -20.29   -9.50    7.45   32.23   22.87   16.31
2040 2049
   -3.20    1.87   17.41   -6.76  -22.23    6.07   21.62
  -12.70   -1.56   26.23   27.46    5.81  -13.38  -11.74
   -9.90   -0.64    9.35   14.70    3.17   -5.09   -8.60
  -14.18   -8.62   -8.32  -10.85   -7.86   -7.77   -8.36
  -14.30  -16.56   -7.77  -17.01  -10.08    4.29    3.40
2050 2059
  -11.40   -0.95  -13.46  -50.69  -36.96  -25.53  -40.73
    0.50    7.45   -6.91  -26.32  -28.42  -14.01  -15.86
    5.37    8.66   -0.23   -6.82    2.05   -0.96   -9.47
    6.05    8.18   -0.50   -1.32    9.47   10.22    2.52
   -1.29   -7.34  -10.75   -2.05   13.45   28.42   15.87
2060 2069
    1.15    1.99    6.38    8.76   32.08   10.00   -4.95
    0.81    5.18   17.65   24.88   27.85   31.72    8.07
    5.45    9.67   11.47   14.92   15.69   16.41    3.97
    7.31    7.14    1.86    1.05    2.47   -0.06   -5.69
    4.34    7.71    7.88    3.85    4.79    5.27   -2.98
2070 2079
  -10.12   -5.97  -15.00  -21.07  -29.63  -19.99  -43.75
  -20.82  -12.20   -9.43  -10.16  -21.82  -23.61  -48.95
  -10.40   -4.87  -10.25   -8.78    4.94   -7.19  -13.75
  -16.72  -19.05  -20.99  -10.86   -5.83  -21.66  -12.98
  -14.90  -33.05  -21.98   -1.23   -3.78  -18.18  -13.56
2080 2089
   -9.47   -0.60   -4.80  -24.54  -34.06  -35.89  -15.32
   -5.90   -2.61   -3.19   -7.70  -19.30  -12.73  -21.82
    0.17    0.49   -2.50   -5.60   -7.82    2.36   -0.37
  -11.10  -11.14   -8.15  -11.14   -4.89   -3.29   -0.71
   -9.20  -25.37  -13.14  -12.52   -0.66    7.80    9.51
2090 2099
    9.30    0.75   -1.10  -29.88  -13.98    1.15   -6.57
   -6.16    0.74    8.06   10.64    6.13   -3.96  -33.44
    2.15    7.42    6.09   11.07    5.86   -4.14   -9.97
   -0.98    9.72    5.98    3.75   -1.26  -15.42  -10.53
   -9.78    6.34   24.57    7.45   -3.60   -5.87    1.48
