Mean temperature - Model Simulations
NaN indicates insufficient data is available
Refer to Accompanying Documentation
GRIDBOX LONGITUDES
           7
   33.75   36.25   38.75   41.25   43.75   46.25   48.75
GRIDBOX LATITUDES
           5
   13.75   11.25    8.75    6.25    3.75
MODEL CLIMATOLOGY 1970-1999
  301.31  297.24  298.31  303.05  303.69  301.67  300.37
  298.74  293.26  294.31  302.03  303.37  302.43  302.22
  297.57  291.24  291.08  295.66  298.54  299.53  300.42
  297.24  293.62  293.33  295.10  297.59  299.12  299.65
  296.20  297.17  297.75  299.11  300.29  300.49  300.05
Mean Anomalies over 10-year time slices
2000 2009
    0.79    0.69    0.51    0.44    0.29    0.24    0.27
    0.60    0.64    0.68    0.54    0.29    0.24    0.31
    0.40    0.56    0.46    0.45    0.34    0.34    0.40
    0.45    0.35    0.18    0.19    0.23    0.44    0.49
    0.63    0.45    0.16    0.18    0.28    0.44    0.46
2010 2019
    1.14    1.37    1.46    1.41    1.16    0.81    0.71
    1.11    1.18    1.32    1.44    1.11    0.86    0.74
    0.99    0.98    1.05    1.35    1.25    1.04    0.87
    0.96    1.06    0.93    0.85    1.01    0.98    0.88
    1.12    1.34    1.21    1.05    1.06    0.92    0.82
2020 2029
    1.49    1.56    1.36    1.22    0.98    0.83    0.73
    1.49    1.54    1.51    1.45    1.10    1.03    0.93
    1.44    1.48    1.45    1.63    1.53    1.47    1.20
    1.38    1.37    1.43    1.38    1.33    1.30    0.98
    1.44    1.37    1.38    1.22    1.16    1.04    0.79
2030 2039
    1.83    1.81    1.77    1.70    1.62    1.46    1.36
    1.78    1.63    1.58    1.61    1.41    1.29    1.37
    1.62    1.52    1.48    1.57    1.61    1.60    1.58
    1.31    1.31    1.34    1.36    1.38    1.48    1.44
    1.25    1.28    1.32    1.31    1.38    1.38    1.28
2040 2049
    2.75    2.70    2.54    2.37    2.05    1.83    1.66
    2.44    2.40    2.29    2.49    2.03    1.83    1.79
    2.23    2.14    2.09    2.40    2.28    2.28    2.10
    2.30    2.37    2.22    2.20    2.20    2.25    1.92
    2.56    2.57    2.27    2.14    2.15    1.95    1.65
2050 2059
    3.25    3.35    3.33    3.03    2.70    2.26    1.92
    2.87    2.85    3.08    3.23    2.71    2.28    2.06
    2.63    2.44    2.55    3.02    2.93    2.56    2.15
    2.58    2.58    2.62    2.67    2.47    2.10    1.70
    2.65    2.87    2.75    2.48    2.18    1.82    1.57
2060 2069
    3.90    3.82    3.51    3.34    3.04    2.71    2.50
    3.28    3.39    3.57    3.54    2.93    2.61    2.56
    2.74    3.00    3.28    3.53    3.22    2.94    2.72
    2.47    2.93    2.99    3.14    3.04    2.82    2.41
    2.90    3.37    3.16    2.92    2.75    2.44    2.17
2070 2079
    4.89    4.78    4.76    4.44    4.10    3.62    3.26
    4.16    4.21    4.67    4.73    3.98    3.54    3.43
    3.57    3.71    4.01    4.53    4.29    4.01    3.65
    3.28    3.50    3.61    3.67    3.71    3.57    3.08
    3.35    3.83    3.71    3.32    3.25    3.00    2.66
2080 2089
    5.42    5.35    5.30    5.08    4.72    4.19    3.78
    4.62    4.69    4.92    5.28    4.59    4.07    3.91
    4.00    4.27    4.41    5.10    4.90    4.50    4.07
    3.75    4.20    4.46    4.72    4.56    4.19    3.58
    4.08    4.48    4.60    4.38    4.09    3.60    3.17
2090 2099
    5.94    5.91    5.83    5.37    4.99    4.51    4.12
    5.25    5.33    5.44    5.49    4.84    4.44    4.27
    4.58    4.78    4.95    5.35    5.26    4.93    4.41
    4.21    4.42    4.53    4.63    4.79    4.56    3.89
    4.10    4.77    4.80    4.57    4.48    4.00    3.53
