Mean temperature - Model Simulations
NaN indicates insufficient data is available
Refer to Accompanying Documentation
GRIDBOX LONGITUDES
           7
   33.75   36.25   38.75   41.25   43.75   46.25   48.75
GRIDBOX LATITUDES
           5
   13.75   11.25    8.75    6.25    3.75
MODEL CLIMATOLOGY 1970-1999
  299.08  297.97  297.97  298.98  298.42  298.93  300.49
  297.24  294.44  294.24  296.73  298.41  299.88  300.93
  296.05  291.86  291.30  294.73  298.29  300.41  300.82
  296.24  292.69  292.34  295.63  299.01  300.37  299.80
  295.42  294.07  295.00  298.25  300.52  300.90  299.78
Mean Anomalies over 10-year time slices
2000 2009
    0.59    0.80    0.96    1.04    1.03    0.99    0.91
    0.56    0.75    0.94    1.09    1.04    0.93    0.77
    0.45    0.61    0.86    1.13    1.02    0.82    0.62
    0.39    0.48    0.72    1.02    0.84    0.64    0.54
    0.41    0.47    0.65    0.87    0.70    0.55    0.51
2010 2019
    0.97    1.23    1.37    1.39    1.38    1.31    1.15
    0.95    1.14    1.26    1.30    1.24    1.11    0.94
    0.88    0.95    1.05    1.15    1.03    0.87    0.71
    0.81    0.80    0.90    1.06    0.92    0.77    0.67
    0.71    0.74    0.87    1.05    0.90    0.75    0.67
2020 2029
    1.42    1.52    1.60    1.64    1.65    1.62    1.50
    1.31    1.39    1.46    1.52    1.55    1.48    1.31
    1.14    1.19    1.27    1.37    1.39    1.29    1.09
    1.04    1.05    1.13    1.25    1.26    1.13    0.92
    0.95    0.96    1.06    1.20    1.20    1.08    0.87
2030 2039
    1.43    1.56    1.66    1.74    1.76    1.74    1.64
    1.50    1.59    1.60    1.55    1.58    1.55    1.43
    1.43    1.49    1.46    1.36    1.39    1.34    1.21
    1.32    1.32    1.28    1.23    1.27    1.23    1.10
    1.18    1.08    1.11    1.27    1.34    1.27    1.09
2040 2049
    2.07    2.32    2.47    2.49    2.41    2.31    2.15
    2.01    2.16    2.25    2.27    2.30    2.19    1.93
    1.85    1.89    1.96    2.05    2.16    2.04    1.72
    1.75    1.74    1.84    2.03    2.00    1.80    1.50
    1.58    1.60    1.79    2.08    1.97    1.72    1.43
2050 2059
    2.52    2.74    2.95    3.09    3.10    2.98    2.72
    2.50    2.64    2.79    2.93    2.93    2.75    2.40
    2.31    2.35    2.51    2.72    2.69    2.45    2.07
    2.08    2.07    2.22    2.47    2.38    2.13    1.81
    1.85    1.80    2.02    2.41    2.31    2.04    1.74
2060 2069
    3.41    3.91    4.13    4.01    3.89    3.66    3.27
    3.07    3.47    3.66    3.63    3.60    3.39    2.97
    2.64    2.79    2.96    3.09    3.15    2.96    2.56
    2.39    2.43    2.59    2.83    2.88    2.63    2.17
    2.17    2.13    2.38    2.84    2.83    2.51    2.03
2070 2079
    3.79    4.24    4.45    4.38    4.23    4.02    3.72
    3.72    4.01    4.11    4.01    3.97    3.79    3.42
    3.33    3.41    3.48    3.55    3.67    3.51    3.08
    3.04    2.96    3.02    3.22    3.44    3.23    2.66
    2.68    2.43    2.60    3.15    3.34    3.08    2.50
2080 2089
    4.39    4.72    4.90    4.88    4.72    4.49    4.16
    4.27    4.47    4.50    4.37    4.29    4.07    3.68
    3.95    3.96    3.92    3.82    3.83    3.62    3.21
    3.60    3.56    3.57    3.63    3.62    3.37    2.94
    3.22    3.06    3.25    3.72    3.68    3.35    2.86
2090 2099
    5.15    5.56    5.79    5.78    5.57    5.26    4.84
    5.01    5.21    5.34    5.37    5.27    4.92    4.34
    4.62    4.56    4.61    4.76    4.81    4.48    3.83
    4.18    4.05    4.04    4.16    4.30    4.03    3.42
    3.73    3.52    3.68    4.15    4.27    3.92    3.28
