Mean monthly rainfall - Model Simulations
NaN indicates insufficient data is available
Refer to Accompanying Documentation
GRIDBOX LONGITUDES
           7
   33.75   36.25   38.75   41.25   43.75   46.25   48.75
GRIDBOX LATITUDES
           5
   13.75   11.25    8.75    6.25    3.75
MODEL CLIMATOLOGY 1970-1999 (mm)
    0.52    3.74    7.64    5.08    2.43    2.74    1.57
    1.61    7.61   12.92    8.85    2.17    1.54    0.89
    5.02   15.03   16.33    9.84    4.58    3.11    1.29
    8.71   17.98   16.78   10.90    4.54    1.94    1.33
   20.26   12.41   12.12    8.02    2.67    1.96    4.78
Mean Anomalies over 10-year time slices (mm)
2000 2009
   -0.38   -1.56   -2.76   -3.03   -0.69    0.00   -0.21
   -0.09   -1.85   -3.35   -3.49    0.16    0.10   -0.26
    0.56   -1.91   -3.29    0.10    0.98   -0.53   -0.42
    0.22    2.30    1.15    2.53    2.23    0.52    0.25
    1.88    6.10    6.11    4.59    2.41    0.73    0.18
2010 2019
    0.33    0.43    0.15   -0.37   -0.85   -0.23    0.12
    1.21    1.60    2.11    0.84    0.36   -0.37   -0.23
    1.98    2.40    1.29    1.23    1.43    0.08   -0.07
    1.59    0.80   -0.57   -0.27    0.58    0.10   -0.25
   -0.77   -0.98   -1.71   -1.65   -1.58   -0.93    0.35
2020 2029
   -0.05    0.04   -0.31   -0.32    0.05   -0.45   -0.37
    0.46   -1.01   -2.60   -2.20   -0.09   -0.65   -0.49
    0.90   -1.74   -3.83   -3.08   -2.23   -1.99   -0.40
    0.15   -1.35   -3.43   -4.97   -3.08   -1.08    0.38
   -2.99   -2.02   -2.69   -3.51   -1.67   -0.55    1.07
2030 2039
    0.79    0.10   -1.99   -1.10    0.57    1.11    1.83
    0.18   -1.16   -4.27   -2.65    0.64    0.25    0.35
   -0.45   -4.39   -5.51   -1.62   -0.91   -1.38   -0.08
   -1.27   -5.12   -3.82   -1.33   -1.40   -0.24    1.03
   -2.94   -0.81   -0.35   -0.75   -0.04    1.52    4.67
2040 2049
    0.54    0.73    0.99    0.65    0.06    0.16    0.27
    0.75    1.33    2.67    2.01    0.36    0.24    0.21
    2.87    2.86    3.13    3.71    2.81    1.70    0.29
    5.24    5.43    4.03    2.29    1.99    1.11   -0.17
    3.90    3.65    2.76    2.53    0.92   -0.37   -0.36
2050 2059
   -0.07   -1.65   -2.82   -1.12   -0.44   -0.22   -0.17
    0.22   -0.97   -1.11    0.97    0.47   -0.07    0.03
    0.80    2.51    3.33    4.51    1.74    0.96    1.01
    3.22    8.49    7.21    6.04    4.62    3.24    2.26
    6.87    7.57    7.39    8.99    6.35    4.53    6.25
2060 2069
   -0.42   -1.55   -1.53   -1.50   -0.83   -0.52    0.47
   -0.77   -1.38   -1.65   -0.48    0.77    0.33    0.32
    0.85   -0.28   -3.20   -0.82    1.81    1.06   -0.01
    3.04    2.30   -0.19   -0.48    1.69    1.05    0.12
    3.09    3.50    0.64    1.77    2.17    0.24   -0.17
2070 2079
    1.50    2.42    3.39    2.54    1.59   -0.46   -0.36
    0.51    0.15   -0.08   -0.58    0.43   -0.93   -0.42
    2.10   -0.42   -1.47   -1.21   -1.79   -1.67   -0.37
    4.84    1.12   -1.36   -1.21   -1.26   -0.13   -0.20
    3.89    0.50   -1.95   -0.81   -0.21   -0.67   -2.06
2080 2089
   -0.14   -0.77   -1.49   -2.49   -0.81    0.05    1.60
   -0.15   -0.35   -0.58   -2.89   -0.16    0.56    0.49
    1.31    0.23   -0.73    0.85    0.81    1.08    0.67
    2.68    3.64    3.46    3.19    1.22    0.76   -0.03
    7.23    5.51    6.08    4.00    0.48    0.28    1.11
2090 2099
    0.38   -1.32   -3.11   -2.64   -1.05   -1.20    0.29
    0.10   -3.16   -5.71   -4.91   -0.32   -0.03    0.72
   -0.71   -5.12   -5.40   -3.06   -0.57   -0.03    1.14
    1.44    0.49    2.22    0.92    1.24    1.15    2.29
    5.11    6.17    6.60    3.28    2.31    2.12    3.65
