Mean temperature - Model Simulations
NaN indicates insufficient data is available
Refer to Accompanying Documentation
GRIDBOX LONGITUDES
           7
   33.75   36.25   38.75   41.25   43.75   46.25   48.75
GRIDBOX LATITUDES
           5
   13.75   11.25    8.75    6.25    3.75
MODEL CLIMATOLOGY 1970-1999
  303.22  300.17  298.80  299.12  299.73  300.61  300.83
  301.73  296.56  295.39  298.23  299.34  298.74  298.91
  300.90  294.63  293.57  297.70  299.23  298.14  298.31
  300.73  294.84  293.78  297.54  299.27  298.98  299.24
  299.21  296.57  296.13  297.89  299.00  299.48  299.89
Mean Anomalies over 10-year time slices
2000 2009
    0.70    0.82    0.90    0.95    0.85    0.62    0.47
    0.57    0.57    0.65    0.78    0.76    0.60    0.49
    0.54    0.47    0.50    0.61    0.62    0.51    0.44
    0.63    0.55    0.51    0.50    0.44    0.34    0.31
    0.66    0.65    0.59    0.49    0.41    0.34    0.33
2010 2019
    1.17    1.19    1.19    1.17    1.04    0.83    0.70
    1.05    0.94    0.94    1.06    1.05    0.90    0.77
    0.95    0.78    0.78    0.93    0.95    0.83    0.74
    0.93    0.79    0.74    0.79    0.76    0.62    0.56
    0.98    0.82    0.70    0.63    0.58    0.55    0.54
2020 2029
    1.01    0.91    0.87    0.90    0.89    0.86    0.84
    1.01    0.89    0.85    0.91    0.92    0.90    0.87
    0.97    0.87    0.84    0.88    0.88    0.85    0.83
    0.91    0.84    0.80    0.79    0.77    0.74    0.74
    0.94    0.82    0.73    0.67    0.66    0.70    0.72
2030 2039
    1.83    1.92    1.92    1.82    1.66    1.45    1.32
    1.79    1.66    1.61    1.66    1.62    1.49    1.35
    1.73    1.46    1.38    1.50    1.50    1.38    1.27
    1.69    1.39    1.28    1.37    1.32    1.13    1.04
    1.82    1.48    1.26    1.17    1.09    1.01    0.99
2040 2049
    2.24    2.30    2.30    2.25    2.07    1.77    1.56
    2.18    1.97    1.96    2.14    2.14    1.95    1.74
    2.12    1.77    1.71    1.95    2.01    1.90    1.73
    2.08    1.76    1.64    1.72    1.71    1.59    1.48
    2.21    1.86    1.63    1.54    1.45    1.37    1.32
2050 2059
    2.52    2.51    2.56    2.68    2.51    2.05    1.78
    2.57    2.34    2.31    2.48    2.45    2.23    1.98
    2.58    2.21    2.09    2.23    2.26    2.19    2.01
    2.56    2.15    1.96    2.01    1.99    1.93    1.81
    2.63    2.26    2.01    1.89    1.79    1.69    1.61
2060 2069
    3.02    2.97    2.90    2.83    2.66    2.40    2.22
    2.94    2.68    2.65    2.83    2.84    2.69    2.46
    2.85    2.50    2.45    2.70    2.78    2.69    2.47
    2.79    2.46    2.35    2.46    2.47    2.38    2.22
    2.89    2.56    2.36    2.27    2.17    2.06    1.96
2070 2079
    3.96    3.88    3.83    3.81    3.50    2.90    2.57
    3.89    3.46    3.33    3.50    3.42    3.08    2.78
    3.69    3.14    2.97    3.17    3.20    3.06    2.83
    3.40    2.98    2.81    2.88    2.88    2.80    2.64
    3.40    2.93    2.67    2.64    2.57    2.45    2.35
2080 2089
    4.27    4.24    4.22    4.20    3.85    3.19    2.81
    4.33    3.95    3.79    3.84    3.72    3.40    3.09
    4.19    3.66    3.42    3.49    3.48    3.41    3.18
    3.89    3.41    3.19    3.22    3.21    3.15    2.98
    3.80    3.28    3.03    3.05    2.98    2.82    2.69
2090 2099
    4.76    4.73    4.74    4.78    4.47    3.79    3.37
    4.87    4.47    4.35    4.50    4.41    4.10    3.72
    4.77    4.18    3.98    4.15    4.18    4.08    3.78
    4.48    3.91    3.68    3.80    3.80    3.69    3.46
    4.46    3.87    3.55    3.51    3.41    3.25    3.11
