Mean monthly rainfall - Model Simulations
NaN indicates insufficient data is available
Refer to Accompanying Documentation
GRIDBOX LONGITUDES
           7
   33.75   36.25   38.75   41.25   43.75   46.25   48.75
GRIDBOX LATITUDES
           5
   13.75   11.25    8.75    6.25    3.75
MODEL CLIMATOLOGY 1970-1999 (mm)
   11.59   11.82    9.13    5.98   14.04   17.70   17.14
   45.22   55.22   44.68   19.39   24.00   30.17   36.30
   86.44  111.02   93.17   40.83   38.24   48.80   67.71
  112.86  147.25  129.73   64.76   53.78   73.79  115.61
  123.55  122.61  100.31   58.95   60.45   99.25  165.71
Mean Anomalies over 10-year time slices (mm)
2000 2009
    3.65    2.74    1.33    0.02    0.40    1.25    2.67
   10.98   11.22    7.04    0.01    0.01    1.48    3.91
   18.07   19.06   12.93    1.76    2.04    5.19    9.42
   18.86   17.67   13.55    7.50   10.19   18.99   29.61
   22.05   17.11   11.89    8.51   13.93   26.13   39.67
2010 2019
   -0.17   -0.63   -0.52    0.30    1.45    3.11    5.11
    3.68    4.31    3.74    2.85    6.44   10.88   14.77
    7.70    8.26    6.99    5.37   11.20   18.11   23.70
    8.27    4.51    3.30    5.49    9.62   14.71   19.74
    6.34    3.88    2.68    3.11    6.17    7.68    7.15
2020 2029
    0.34    0.56    1.32    2.95    5.63    7.00    7.59
    4.56    9.62   10.37    7.13    8.70   10.16   11.25
    8.12   18.08   19.76   12.88   12.25   14.48   18.71
    5.08   13.01   17.75   17.06   12.42   17.58   32.84
   16.83   16.51   14.66   11.47    6.94   12.10   25.79
2030 2039
    2.66    8.37    9.13    5.37    7.56   11.54   15.26
    2.17   22.56   26.95   14.90   15.57   17.70   18.89
    2.05   36.03   44.50   25.63   23.21   22.35   20.97
    7.89   33.34   40.67   27.51   20.72   17.99   18.72
   21.01   29.33   27.64   16.47    9.53    6.49    6.44
2040 2049
   -2.37   -0.08    1.31    1.42    2.44    3.49    4.54
   -2.67    2.24    4.89    4.11    4.08    5.66    9.32
   -0.46    8.27   11.90    8.71    7.66   10.21   16.96
    8.27   22.24   25.00   15.99   17.66   22.83   30.34
   22.43   25.91   21.48   10.98   12.99   16.44   20.55
2050 2059
   -1.38   -0.12    0.32   -0.11   -0.11    0.27    1.51
   -3.22    1.92    3.20    0.82    2.48    5.06    8.04
   -0.39   10.73   12.38    5.14    7.53   12.82   18.88
   17.34   34.66   33.94   16.65   16.42   22.95   32.89
   28.84   34.60   28.24   11.52    7.87    7.39    8.54
2060 2069
    2.40    4.04    4.34    3.36    3.27    2.15    0.84
    9.12   15.53   15.00    7.92    6.93    5.51    3.49
   19.71   30.02   28.31   15.45   12.98   10.78    7.81
   34.61   40.22   37.01   26.40   21.06   16.56   13.08
   45.83   38.32   27.47   16.12   14.59   13.81   12.53
2070 2079
    2.93    6.23    6.80    5.61   12.25   15.79   15.06
    9.76   24.37   24.48   11.46   15.10   17.84   17.20
   16.75   42.14   42.45   18.67   16.65   17.28   17.12
   19.30   40.03   41.35   22.27   14.08   12.11   13.96
   32.06   37.24   31.06   15.33    7.65    5.47    7.16
2080 2089
    0.89    7.58    9.30    6.57   11.78   15.27   16.53
    1.55   22.88   28.22   16.97   19.53   23.34   26.67
    4.64   40.07   49.40   30.52   27.67   30.76   36.94
   15.67   46.48   55.00   39.22   32.03   33.60   41.61
   33.40   44.88   41.21   24.02   19.03   20.59   26.29
2090 2099
    0.67    3.49    4.42    4.25   10.72   15.98   19.19
    2.11   14.92   16.41    7.23   11.78   20.24   29.73
    6.86   33.66   36.00   13.97   14.53   25.01   40.29
   21.16   61.80   64.37   28.25   22.62   31.74   49.36
   42.11   61.98   53.75   20.33   13.01   21.29   40.16
