Mean monthly rainfall - Model Simulations
NaN indicates insufficient data is available
Refer to Accompanying Documentation
GRIDBOX LONGITUDES
           7
   33.75   36.25   38.75   41.25   43.75   46.25   48.75
GRIDBOX LATITUDES
           5
   13.75   11.25    8.75    6.25    3.75
MODEL CLIMATOLOGY 1970-1999 (mm)
   32.32   26.59   17.49   12.12   10.46    8.97    7.63
   66.99   56.40   40.85   30.29   24.73   20.74   18.33
  120.46  102.63   84.15   68.89   56.87   48.19   42.86
  139.51  125.98  104.24   88.88   79.90   71.88   64.82
  134.14  128.25  105.77   93.39   91.10   86.83   80.55
Mean Anomalies over 10-year time slices (mm)
2000 2009
    1.52    1.91    1.07    0.50    0.19    0.44    1.24
    0.16    0.04   -0.41   -0.64   -0.65    0.02    1.38
   -1.61   -3.03   -2.93   -2.40   -1.46   -0.64    0.03
   -0.16   -1.96   -1.92   -2.12   -2.58   -2.89   -3.04
    2.60    0.89    0.26   -0.97   -2.79   -4.13   -4.99
2010 2019
    0.28    0.54    0.46    0.60    0.96    3.06    6.89
    0.59    0.26    0.35    0.79    1.59    4.82   10.47
    4.65    1.64    1.89    2.67    3.96    5.88    8.42
   12.05   10.62    8.82    8.16    8.64    8.85    8.77
   18.29   19.66   15.59   13.60   13.67   12.73   10.80
2020 2029
   -2.56   -2.63   -1.86   -1.31   -0.98   -0.31    0.69
   -3.48   -4.78   -3.49   -2.99   -3.27   -2.80   -1.59
   -3.91   -7.51   -5.54   -5.42   -7.16   -7.13   -5.32
    0.48   -2.97   -3.65   -4.84   -6.52   -6.42   -4.53
    5.55    3.32   -0.41   -2.43   -2.73   -2.23   -0.93
2030 2039
   -1.94   -1.48   -0.70   -0.19    0.04    0.42    0.94
   -1.65   -2.29   -1.62   -1.32   -1.40   -1.20   -0.70
    0.55   -2.57   -2.28   -2.53   -3.33   -4.00   -4.54
    5.71    3.14    1.76    0.70   -0.05   -0.86   -1.74
    9.88    8.96    6.03    4.55    4.51    4.04    3.16
2040 2049
   -2.36   -2.69   -2.65   -2.95   -3.57   -3.54   -2.85
   -3.27   -4.54   -4.56   -5.42   -7.10   -7.04   -5.23
   -1.14   -4.48   -5.65   -7.69  -10.62  -10.29   -6.69
   -1.67   -4.33   -5.88   -8.17  -11.22  -10.69   -6.56
   -2.88   -3.79   -5.52   -7.84  -10.76  -10.51   -7.08
2050 2059
    0.71    0.48    0.18    0.24    0.65    1.44    2.61
    3.24    0.90   -0.54   -1.06   -0.66   -0.14    0.50
    8.63    1.17   -2.04   -3.97   -4.61   -5.28   -6.00
    8.89    3.21   -0.63   -2.34   -1.92   -2.26   -3.36
    7.09    5.65    1.99    1.52    4.23    5.26    4.61
2060 2069
    0.73    0.31    0.44    0.68    1.02    1.44    1.95
    2.37    0.21    0.28    0.94    2.21    3.24    4.04
   10.95    3.69    1.50    2.36    6.29    8.36    8.57
   16.84   11.96    8.05    8.04   11.93   13.42   12.54
   19.29   19.47   15.05   14.11   16.64   16.87   14.78
2070 2079
   -4.68   -3.87   -2.53   -1.89   -1.97   -1.42   -0.25
   -3.98   -4.13   -2.12   -1.32   -1.73   -1.40   -0.33
    5.89    1.42    2.63    2.72    1.70    0.42   -1.13
   17.20   13.45   11.47    9.22    6.70    4.62    2.97
   24.91   24.04   19.05   14.93   11.69    9.32    7.84
2080 2089
   -4.99   -4.62   -4.37   -3.97   -3.42   -1.67    1.27
   -2.90   -4.79   -4.93   -4.20   -2.61    0.32    4.58
    8.71    0.58   -0.04    0.92    3.46    5.79    7.93
   11.06    5.33    3.17    3.79    7.19    9.41   10.46
    9.15    8.64    4.97    4.84    8.25   10.30   10.97
2090 2099
   -3.88   -2.99   -2.38   -1.56   -0.53    0.36    1.12
   -0.11   -1.82   -1.68   -0.53    1.62    3.31    4.53
   15.10    6.82    5.86    6.07    7.44    9.56   12.41
   25.99   20.43   16.34   14.50   14.92   15.27   15.54
   30.44   30.70   24.02   20.59   20.40   18.51   14.92
