Mean temperature - Model Simulations
NaN indicates insufficient data is available
Refer to Accompanying Documentation
GRIDBOX LONGITUDES
           7
   33.75   36.25   38.75   41.25   43.75   46.25   48.75
GRIDBOX LATITUDES
           5
   13.75   11.25    8.75    6.25    3.75
MODEL CLIMATOLOGY 1970-1999
  297.51  294.61  291.67  293.46  292.66  290.91  291.55
  297.96  293.52  289.25  291.17  292.91  292.75  292.91
  298.11  292.85  288.70  290.62  292.47  292.38  292.69
  298.54  294.30  291.49  293.70  295.54  295.48  295.35
  296.79  296.32  296.21  297.39  297.80  296.96  296.23
Mean Anomalies over 10-year time slices
2000 2009
    0.50    0.52    0.51    0.32    0.16    0.10    0.10
    0.63    0.62    0.63    0.49    0.28    0.14    0.13
    0.69    0.63    0.59    0.49    0.39    0.30    0.23
    0.72    0.60    0.46    0.40    0.38    0.32    0.19
    0.64    0.51    0.34    0.30    0.31    0.23    0.12
2010 2019
    0.54    0.66    0.73    0.67    0.58    0.55    0.55
    0.62    0.72    0.82    0.79    0.66    0.56    0.57
    0.56    0.58    0.71    0.79    0.74    0.67    0.66
    0.44    0.40    0.59    0.78    0.82    0.78    0.74
    0.37    0.41    0.69    0.83    0.83    0.77    0.73
2020 2029
    0.84    0.97    1.06    1.06    1.03    1.02    0.99
    0.94    0.96    1.01    1.16    1.13    1.01    0.93
    0.83    0.67    0.74    1.07    1.24    1.18    1.02
    0.54    0.28    0.51    0.99    1.23    1.15    0.96
    0.29    0.23    0.61    1.01    1.10    0.96    0.82
2030 2039
    0.92    0.94    0.97    0.93    0.87    0.83    0.83
    0.94    0.99    1.08    1.11    1.00    0.89    0.86
    0.96    0.99    1.07    1.16    1.11    1.02    0.98
    1.06    1.05    1.02    1.11    1.10    1.03    0.98
    1.19    1.13    1.05    1.03    1.01    0.96    0.90
2040 2049
    1.95    1.99    1.91    1.60    1.44    1.49    1.53
    2.03    2.03    2.03    1.80    1.52    1.43    1.45
    2.08    1.97    1.97    1.83    1.70    1.66    1.59
    2.02    1.82    1.78    1.76    1.74    1.67    1.50
    1.84    1.64    1.64    1.69    1.65    1.48    1.31
2050 2059
    1.82    2.02    2.10    1.90    1.73    1.70    1.67
    1.88    2.04    2.19    2.18    1.90    1.66    1.57
    1.83    1.82    2.00    2.18    2.10    1.92    1.72
    1.66    1.52    1.76    2.04    2.08    1.90    1.65
    1.43    1.41    1.67    1.86    1.82    1.63    1.46
2060 2069
    2.07    2.32    2.41    2.13    1.92    1.87    1.84
    2.29    2.48    2.63    2.39    1.98    1.77    1.74
    2.34    2.46    2.56    2.39    2.09    1.91    1.84
    2.33    2.40    2.38    2.28    2.09    1.92    1.78
    2.22    2.28    2.27    2.19    2.00    1.77    1.62
2070 2079
    2.97    3.11    3.09    2.70    2.39    2.30    2.30
    3.08    3.22    3.33    3.05    2.60    2.37    2.37
    2.98    3.02    3.22    3.15    2.91    2.75    2.61
    2.73    2.72    3.00    3.14    3.07    2.87    2.55
    2.47    2.54    2.90    3.08    2.96    2.62    2.30
2080 2089
    3.57    3.80    3.81    3.28    2.88    2.78    2.77
    3.79    4.02    4.17    3.73    3.13    2.84    2.81
    3.83    3.91    4.08    3.84    3.49    3.27    3.07
    3.70    3.62    3.78    3.74    3.57    3.32    2.95
    3.58    3.53    3.57    3.51    3.31    2.96    2.67
2090 2099
    4.28    4.70    4.84    4.31    3.77    3.59    3.56
    4.55    4.82    5.06    4.85    4.17    3.71    3.60
    4.54    4.47    4.69    4.84    4.63    4.32    3.98
    4.26    3.99    4.21    4.56    4.56    4.27    3.80
    3.87    3.77    3.96    4.16    4.09    3.74    3.40
