Mean monthly rainfall - Model Simulations
NaN indicates insufficient data is available
Refer to Accompanying Documentation
GRIDBOX LONGITUDES
           7
   33.75   36.25   38.75   41.25   43.75   46.25   48.75
GRIDBOX LATITUDES
           5
   13.75   11.25    8.75    6.25    3.75
MODEL CLIMATOLOGY 1970-1999 (mm)
   18.60   20.08   23.52   10.22    4.08    4.64    3.93
   65.51   61.45   39.46   14.21    6.88   11.54   18.36
  119.41  112.91   62.62   21.35   14.93   24.78   34.32
  125.02  114.87   70.73   32.62   27.40   36.01   47.54
  106.52   72.16   54.56   51.07   53.82   65.98   99.45
Mean Anomalies over 10-year time slices (mm)
2000 2009
   -9.65   -9.13   -6.67   -3.27   -1.09   -0.36   -0.63
  -11.16  -10.19   -6.65   -3.45   -2.52   -3.08   -4.14
   -9.89   -4.99   -2.22   -1.61   -2.98   -4.78   -5.54
   -9.31    1.29    4.01    2.01   -1.49   -3.90   -3.44
   -5.67    1.87    5.47    4.88    1.16   -2.48   -2.72
2010 2019
    1.40    3.83    8.39    2.53    0.88    2.28    1.37
   10.07   16.23   14.43    5.00    2.75    4.91    4.93
   18.97   30.27   23.62   10.52    6.88    8.86   10.16
   20.12   32.49   28.24   16.25   10.60   10.65   13.39
   20.32   24.11   26.02   23.00   20.06   19.59   22.41
2020 2029
   -2.15    2.62    8.61    4.22    3.13    5.63    5.68
    0.57    9.83   16.55    8.96    5.37    7.20    7.09
   -1.42   12.62   20.15   12.22    8.06    9.16    8.34
   -5.47    7.32   13.13    8.42    6.42    6.97    6.38
   -2.26    2.06    3.37    1.50    2.30    4.90    6.34
2030 2039
    2.12    5.82   10.27    6.11    5.24    5.90    3.71
    3.02    5.46    9.88    8.17    8.92   10.37    9.11
    3.83    6.45   10.68   11.38   14.97   17.77   16.75
    2.73    9.67   14.35   15.29   19.27   21.93   21.41
   -2.01    5.77   13.36   19.73   22.30   20.56   20.15
2040 2049
   -5.17   -7.78  -12.77   -5.68   -1.42   -1.28   -0.81
  -12.02  -14.71  -15.22   -6.67   -2.20   -2.72   -3.52
  -18.49  -14.52  -10.48   -4.20   -2.10   -3.39   -4.38
  -19.07   -4.92    0.42    1.99    3.27    3.13    2.84
  -16.30   -3.55    3.52    5.57    9.01   10.88   12.01
2050 2059
   -0.65    1.37    7.22    4.12    2.63    4.13    4.80
    0.98    2.33    6.43    3.69    3.29    6.17    9.30
   -0.39    4.65    7.07    3.79    3.97    8.53   13.85
    1.26   12.99   10.89    5.45    4.98    7.98   11.71
   15.96   17.39   14.21   11.05   11.39   12.39   13.87
2060 2069
   -5.46   -4.10   -5.94   -3.07    1.64    5.87    9.69
   -1.71   -4.18   -6.12   -2.02    5.31   12.74   18.19
    3.22   -1.13   -1.83    2.44   11.44   21.98   28.27
   -0.77    1.03    5.14    9.74   17.49   26.99   33.78
   -5.64    0.76    9.12   17.68   25.04   31.64   37.70
2070 2079
    0.08    2.17   -5.81   -3.27    1.79    3.02    1.96
    8.21    6.42   -0.44    0.02    4.22    5.49    3.78
   16.22   13.82    8.06    5.94    8.91    9.09    5.24
   17.04   21.56   15.29   10.28   10.21    7.05    1.91
   17.60   18.55   14.19   10.26    6.68    1.89    0.70
2080 2089
   -0.99   -4.13   -7.03   -3.62   -0.60   -0.02   -0.03
   -2.57   -4.61   -5.16   -1.83    0.41   -0.14    0.12
   -4.34    3.85    1.99    2.95    5.58    4.87    5.27
    0.47   20.78   17.75   14.46   18.06   19.74   21.88
   10.04   25.05   32.28   34.56   39.18   41.10   46.90
2090 2099
   -3.59   -0.30    5.41    6.92    6.83    5.54    3.99
   -1.84    0.05    8.67   11.77   12.13   10.71    9.13
   -1.16    7.20   14.41   17.47   20.41   19.44   17.27
    0.45   20.91   26.25   28.64   34.31   34.03   31.49
   10.44   28.33   39.80   50.90   60.36   59.33   55.61
