Mean monthly rainfall - Model Simulations
NaN indicates insufficient data is available
Refer to Accompanying Documentation
GRIDBOX LONGITUDES
           4
   28.75   31.25   33.75   36.25
GRIDBOX LATITUDES
           5
    6.25    3.75    1.25   -1.25   -3.75
MODEL CLIMATOLOGY 1970-1999 (mm)
  161.51  151.27  148.21  144.27
  190.80  170.36  136.58  105.12
  200.73  171.76  125.97   78.86
  194.15  146.06   86.28   57.17
  142.98  104.05   64.45   50.64
Mean Anomalies over 10-year time slices (mm)
2000 2009
   -3.85   -3.28   -1.53    0.23
   -6.69   -6.56   -4.77   -2.80
   -6.26   -5.54   -5.93   -4.32
    0.39    1.90   -2.40   -1.96
    1.53    1.17   -4.20   -0.93
2010 2019
   -3.88   -3.66   -3.80   -2.30
   -8.26   -7.55   -5.33   -3.84
   -7.43   -5.23   -3.08   -1.03
   -5.27   -4.66   -3.66   -0.60
   -8.77  -10.75   -9.78   -5.87
2020 2029
  -14.05  -13.21  -10.38  -10.31
  -16.68  -16.07  -13.86  -15.23
  -14.70  -15.65  -17.47  -14.03
  -13.55  -12.79  -10.45   -8.83
  -10.83   -8.78   -6.27   -7.99
2030 2039
   -1.09   -1.49    0.20    0.48
   -4.04   -3.33   -3.29   -5.03
   -5.77   -4.45   -6.56   -5.77
   -5.23   -4.09   -4.92   -3.36
   -4.22   -5.68   -6.02   -4.39
2040 2049
   -3.41   -5.84   -6.31    0.05
   -5.37   -5.70   -3.53   -0.55
   -5.26   -3.05   -3.45   -0.16
    1.51    3.50   -2.78   -1.79
    1.70   -0.61   -6.38   -4.20
2050 2059
   -1.88   -6.71   -9.94   -8.94
   -7.74   -8.30   -9.68  -12.60
   -7.27   -7.51  -11.85  -10.86
   -7.17   -7.18  -10.01   -8.45
   -8.93   -8.67   -7.69   -7.34
2060 2069
    2.86   -3.64   -5.47    1.46
    1.04   -3.33   -5.05   -2.12
   -0.09   -5.10  -10.29   -7.44
   -0.31   -8.30  -12.69   -8.77
   -2.28   -9.49   -9.62   -4.92
2070 2079
    5.56   -0.74   -0.64   12.58
    3.34   -2.53   -5.33    5.99
   -5.12   -8.04   -4.78    6.44
   -2.16   -4.57    0.50    7.21
    6.87    3.75    3.52    3.10
2080 2089
    5.31   -4.43   -4.69    8.51
    4.28   -2.97   -4.91    2.57
    1.30   -4.86   -7.06   -1.35
   -0.57   -9.11   -8.08    0.28
    1.47   -6.12   -4.54    2.68
2090 2099
    6.51    0.44    2.79   16.85
    9.30    6.48    6.31   14.25
    9.18    6.79    3.46    6.64
   13.77    6.61    0.98    6.04
   15.80    5.46    0.46    3.85
