Mean monthly rainfall - Model Simulations
NaN indicates insufficient data is available
Refer to Accompanying Documentation
GRIDBOX LONGITUDES
           4
   28.75   31.25   33.75   36.25
GRIDBOX LATITUDES
           5
    6.25    3.75    1.25   -1.25   -3.75
MODEL CLIMATOLOGY 1970-1999 (mm)
  182.90  230.14  172.12   88.03
  175.08  220.06  196.57  105.56
  173.94  181.04  176.10   96.86
  183.63  151.85  140.49   74.48
  162.18  141.62  114.80   74.97
Mean Anomalies over 10-year time slices (mm)
2000 2009
   -5.63   -1.52    9.88   11.09
   -5.88    3.92   13.69   21.33
   -4.43    7.05    3.55   15.96
   -0.53    7.65    2.35    6.75
   -3.09    3.38    2.94    9.21
2010 2019
    1.89    6.33   13.63   13.02
   -1.89   11.54   19.91   20.37
    0.09   16.53   17.74   18.31
    7.39   16.06   11.54    9.85
    5.59    6.77    5.29    9.30
2020 2029
   -6.22    2.60    9.69    6.20
   -0.43    8.37   18.11   22.48
    2.01   15.99   16.74   19.18
    7.03   21.57   15.87   13.00
    6.32   13.04   11.16   10.88
2030 2039
   -9.97    2.76   15.00   12.85
   -0.18   13.76   23.46   21.60
    6.56   20.53   22.49   16.98
   16.37   24.85   19.86   10.67
   13.55   18.73   13.39    8.58
2040 2049
   21.36   17.12   18.18   15.69
   29.37   31.79   23.39   14.56
   24.00   35.83   26.13   11.64
   26.31   30.54   19.45    1.29
   26.90   27.57   14.65   -0.61
2050 2059
   19.55   21.44   28.06   23.00
   21.61   36.14   36.22   22.25
   25.22   41.32   36.79   18.85
   29.10   33.29   23.11   10.36
   22.28   20.04   11.02    9.21
2060 2069
   11.94   12.59   22.19   20.83
   13.77   24.77   30.22   30.19
   14.19   26.66   25.88   25.23
   19.26   25.32   17.12   13.74
   14.14   16.51   13.52   10.27
2070 2079
   13.67   19.52   25.31   21.01
   22.93   34.77   34.69   23.94
   26.89   42.51   38.66   22.04
   34.73   38.18   26.52   12.48
   26.05   22.96   16.96    7.51
2080 2089
   14.10   17.30   30.20   27.60
   20.06   35.54   33.84   29.85
   25.47   41.63   32.40   23.52
   31.72   38.33   25.15   14.93
   20.68   24.57   18.65   10.68
2090 2099
   19.18   19.82   23.35   21.43
   25.44   35.16   32.53   24.40
   29.19   43.39   36.61   21.59
   35.31   36.89   24.56   11.21
   25.66   22.71   12.44    7.68
