Mean monthly rainfall - Model Simulations
NaN indicates insufficient data is available
Refer to Accompanying Documentation
GRIDBOX LONGITUDES
           4
   28.75   31.25   33.75   36.25
GRIDBOX LATITUDES
           5
    6.25    3.75    1.25   -1.25   -3.75
MODEL CLIMATOLOGY 1970-1999 (mm)
  107.64  117.64  120.41  127.34
  182.31  164.41  141.62   82.01
  283.71  183.22  165.38   82.12
  222.42  118.84  113.45   60.47
  183.48  109.63   82.99   48.77
Mean Anomalies over 10-year time slices (mm)
2000 2009
    6.72    7.98    5.12   -0.82
    7.09   11.64    2.16  -10.92
   -2.59    4.71   -5.96   -0.09
  -10.72  -12.22   -5.11    7.02
  -17.69  -14.47   -4.23    2.95
2010 2019
   -9.37   -5.97   -1.91   -0.02
   -6.76   -0.24   -5.85    1.67
  -13.58    0.68   -0.06   10.68
  -12.51   -0.14    9.75   12.57
   -9.93    7.04   14.43   13.82
2020 2029
  -15.32  -21.73  -17.18   -9.76
  -15.64  -14.96  -15.92   -7.04
  -18.12  -17.39  -20.05   -0.94
  -16.84   -6.26   -4.55   -0.69
   -9.86    2.17    6.39    3.47
2030 2039
   -2.19   -6.67  -10.80   -1.28
   -6.20   -7.11  -16.66  -16.79
  -24.26  -13.99  -14.09  -12.78
  -21.90  -12.67   -1.15    1.00
   -8.68   -9.71   -3.70    5.18
2040 2049
  -14.82   -9.81  -10.72   -5.30
   -1.84    5.38  -10.55  -13.92
   -3.21    0.00   -3.07   -6.73
    6.10    7.96   20.26    6.60
   32.02   19.45   15.73    9.85
2050 2059
    2.03    2.08    6.55    5.31
   -1.82    2.30    1.56  -12.60
   -5.13   -0.76    7.43   -3.49
   -0.29   -3.95   13.26   11.05
    8.57    8.55   22.35   17.43
2060 2069
   -5.77    4.27    8.51   11.76
   -0.23    4.19    5.76    5.16
   -6.62   -0.38    5.54    4.53
    3.67    1.43    4.78   -1.08
   15.40    2.53    9.83   10.22
2070 2079
   -9.70  -12.13  -16.48  -23.34
   -2.31  -10.28  -15.31  -27.47
  -12.11  -19.98  -18.18  -25.15
   -8.55  -13.60   -8.57   -9.45
    2.34   -6.84   -1.50   -1.44
2080 2089
  -10.69   -9.48  -19.03  -14.99
   -8.02   -6.99  -21.92  -17.65
  -16.93  -12.88  -13.97  -10.03
   -0.34   -7.69    1.02    2.00
   14.71    2.14    8.03    9.29
2090 2099
   -2.17    4.49    8.48   20.14
    3.19   14.62    0.44   11.27
    3.70    7.97   12.25   27.73
   19.87   26.61   52.88   42.45
   46.46   47.41   51.32   29.61
