Mean monthly rainfall (mm) - Model Simulations
Refer to Accompanying Documentation
NaN indicates insufficient data is available
Model Climatology 1970-1999
 Year  Annual     JFM     AMJ     JAS     OND
        149.1    30.0   201.9   280.6    83.9
Timeseries in anomalies relative to 1970-1999 mean (mm per month)
20th Century Model Run
 1960   21.53   11.63   81.51   25.03  -32.05
 1961   30.02    0.30   53.30   29.55   36.90
 1962  -12.31    6.06  -58.21  -21.15   24.04
 1963  -12.07   -3.11    9.37  -24.02  -30.51
 1964   -4.49    3.86   -3.63   -4.63  -13.57
 1965   19.73   25.57   15.06    7.88   30.42
 1966  -13.44  -14.84    8.32  -52.90    5.69
 1967  -42.23    7.97  -70.04  -88.14  -18.70
 1968   -1.58   13.96   -4.19    9.24  -25.33
 1969   13.40    7.05   -1.35   42.73    5.17
 1970  -27.62    6.18  -81.20  -30.35   -5.12
 1971  -23.90   -7.57  -11.68  -67.59   -8.76
 1972   21.01   10.56   21.77   58.07   -6.36
 1973   15.44   -4.39   20.37   59.49  -13.70
 1974    8.47    4.41   29.21  -26.47   26.73
 1975   -9.15   -8.08   20.23  -14.45  -34.30
 1976   -7.52  -19.72  -41.17   29.20    1.60
 1977   11.84    1.73  -20.15   40.31   25.48
 1978    3.15    1.46   13.77   29.27  -31.91
 1979  -16.75   -2.50  -41.10   -6.67  -16.71
 1980   -9.16   -3.77  -25.69    6.40  -13.56
 1981    1.82    3.12   67.46  -69.01    5.71
 1982  -35.30    2.54  -48.46  -77.67  -17.59
 1983   -5.58  -22.33  -15.80   22.98   -7.18
 1984   24.88    6.57   26.05   62.25    4.65
 1985   -0.57  -12.85  -34.84   22.23   23.17
 1986    0.24   -8.51   49.94  -45.98    5.50
 1987  -28.56   -9.21  -42.00  -71.66    8.64
 1988    5.37   -1.50   36.58   -3.40  -10.19
 1989   12.33   25.07   16.14   25.15  -17.04
 1990   11.68   12.99  -24.39   75.04  -16.91
 1991    0.58    0.59   31.44  -24.08   -5.65
 1992    0.48  -10.89    7.80    2.50    2.51
 1993   22.78   21.78   21.61   39.18    8.54
 1994  -19.44    0.86  -58.77  -24.24    4.38
 1995  -11.65   14.70   27.06  -92.07    3.72
 1996   -2.13    3.00  -17.79  -11.77   18.02
 1997   12.10   -9.19   15.48   44.19   -2.10
 1998   72.12   10.15   81.80  107.43   89.11
 1999  -26.95   -5.19  -23.67  -58.27  -20.67
 2000  -14.81   -1.05  -12.55  -37.02   -8.62
Projections under SRES A2 scenario
 2000     NaN     NaN     NaN     NaN     NaN
 2001   39.02    3.57   32.27  121.28   -1.06
 2002   22.98   -2.45   10.08   42.08   42.20
 2003   21.70    3.54   19.10   68.40   -4.25
 2004   39.50   10.38   12.23   96.65   38.76
 2005   15.58    7.73   19.35    6.06   29.18
 2006   26.82    4.76    2.53   66.60   33.40
 2007    3.83   -0.95  -16.67   29.72    3.22
 2008    6.80   27.14   13.53   -2.12  -11.34
 2009    6.69  -13.00   19.56   17.31    2.90
 2010    8.68   -2.03  -91.31   87.01   41.04
 2011    1.76  -15.21  -42.69   13.43   51.50
 2012   -7.08  -13.84   -3.36  -12.04    0.90
 2013   -1.39   -2.40   -9.24   11.84   -5.77
 2014   -4.02   -3.76  -46.96   33.08    1.58
 2015   -1.17    2.81  -36.05  -27.98   56.56
 2016    0.43   -8.26   16.22  -42.60   36.36
 2017   14.84   -1.39   22.27   50.90  -12.40
 2018   17.48   -4.76   26.79   42.45    5.44
 2019   28.55  -10.14  -33.62  101.72   56.25
 2020  -20.92   -3.71  -41.74  -51.21   12.97
 2021   12.46  -17.77   42.73   18.95    5.92
 2022    0.48  -19.34   22.59   -5.17    3.86
 2023   -6.65    7.89   -9.81   -6.30  -18.38
 2024   22.83    1.05    9.95   34.11   46.23
 2025    1.02   -1.13   50.44  -73.88   28.63
 2026   -3.23    0.92    2.69   -1.18  -15.36
 2027   26.60    0.89   30.34    7.08   68.10
 2028   14.90   -3.19    0.42   25.82   36.55
 2029  -24.72  -16.06  -57.12  -81.16   55.45
 2030  -35.66   -6.54  -48.53  -75.92  -11.64
 2031   26.41    5.99   51.71   48.04   -0.08
 2032  -19.67  -17.89  -85.51    5.36   19.34
 2033  -14.85   -9.96   13.65  -57.93   -5.18
 2034  -37.73  -12.29  -13.00  -70.58  -55.03
 2035    9.75   14.06   -4.17   53.08  -23.96
 2036   -7.22    3.35  -28.28  -25.19   21.25
 2037  -30.27    0.74  -22.13 -100.76    1.07
 2038    4.53   -1.44   -2.23   46.72  -24.94
 2039  -13.18   -6.79  -22.54  -21.22   -2.18
 2040  -21.75   -9.50  -54.09   -8.13  -15.27
 2041    2.51   -8.49  -40.89   10.42   48.99
 2042  -49.91  -13.38  -44.77 -128.66  -12.82
 2043   -9.61   -0.42  -25.20    6.69  -19.51
 2044    6.08   -4.51   15.21  -19.28   32.90
 2045  -12.85   -9.50  -16.28  -81.08   55.44
 2046   -9.15    2.58   -1.55  -44.97    7.33
 2047  -10.90   10.07  -29.08  -27.49    2.90
 2048  -19.88    8.15   -9.37  -80.68    2.39
 2049  -45.58   -6.74  -47.42 -102.73  -25.46
 2050   -2.88   10.48  -33.68    9.41    2.26
 2051    6.00   -6.36   47.20    3.69  -20.55
 2052   -4.63    0.92  -46.63   22.61    4.59
 2053  -45.23  -13.02  -37.26 -137.25    6.63
 2054  -20.43   -6.56   24.19  -94.82   -4.55
 2055   -6.41  -19.68  -37.90   31.35    0.58
 2056    7.38    7.98    1.92  -40.01   59.63
 2057   -8.12   -1.69  -53.37   -8.82   31.39
 2058  -20.17    2.54  -24.98  -83.67   25.44
 2059   -3.87    0.73  -11.72  -34.94   30.45
 2060  -12.31   -1.76  -60.78   23.58  -10.28
 2061   -3.91   -0.17  -38.17    7.05   15.65
 2062    6.37   -3.83   -1.04  -10.19   40.54
 2063    1.28   -7.05   10.27   -4.54    6.44
 2064   -6.93   -7.85    7.49  -50.73   23.37
 2065    4.92   10.89   22.19  -22.29    8.90
 2066  -22.35  -14.35  -22.08  -37.55  -15.40
 2067   -5.69    0.75   -8.95  -17.12    2.55
 2068  -19.55  -17.74  -27.86  -41.24    8.65
 2069   -3.34   -1.92  -30.39  -36.47   55.42
 2070   -4.50    5.49  -44.60    3.26   17.84
 2071    2.51    9.34   -6.62    2.49    4.82
 2072  -12.53  -20.32  -38.99  -59.34   68.53
 2073  -23.34    8.58 -105.11  -53.34   56.50
 2074    3.32   14.03  -10.87    9.66    0.48
 2075  -32.76  -10.82  -65.24  -82.09   27.11
 2076    6.91   13.04  -26.02   -6.32   46.95
 2077   -1.26  -15.67   -4.30   21.93   -6.99
 2078  -32.50   -8.50  -43.94  -93.96   16.38
 2079  -39.77   -8.61  -88.27  -77.98   15.77
 2080  -11.20    1.99  -40.07  -53.94   47.23
 2081   -3.96   -5.28    2.95  -10.18   -3.34
 2082   -8.54  -15.40   -8.63 -104.20   94.07
 2083  -28.34    9.48  -39.22  -99.78   16.16
 2084    2.60  -14.19   34.72  -12.18    2.04
 2085  -12.20   -5.43  -45.58  -86.95   89.16
 2086  -28.98   -6.78  -17.87  -79.92  -11.33
 2087  -40.71  -12.66  -89.74  -85.27   24.85
 2088  -40.57   -9.70  -37.25 -130.74   15.42
 2089  -32.10   -5.65  -53.73  -52.72  -16.29
 2090    0.06   -3.53   31.76  -17.91  -10.07
 2091  -36.86    0.34  -23.46 -115.94   -8.37
 2092   -9.41    3.37   17.93  -72.23   13.26
 2093  -19.01  -12.71  -57.51  -51.25   45.43
 2094  -39.85    6.21  -89.35 -129.42   53.15
 2095  -35.14   -9.81  -62.61  -95.70   27.55
 2096   12.94   -2.71   22.04  -66.24   98.68
 2097  -58.21   -2.90  -66.92 -137.65  -25.37
 2098  -17.48  -14.07  -20.33  -23.35  -12.18
 2099  -12.62  -11.12   -1.73  -63.53   25.90
 2100  -31.75   -7.13  -29.16 -116.14   25.41
Projections under SRES A1B scenario
 2000     NaN     NaN     NaN     NaN     NaN
 2001   17.34   -5.50   21.58   48.61    4.67
 2002    7.23   45.12  -13.26   -2.31   -0.62
 2003   14.05   -0.28   51.42   -0.98    6.02
 2004    7.77   -8.22   18.71   28.88   -8.29
 2005    1.14   10.60  -12.16    5.56    0.58
 2006   -6.13   -5.02  -49.38   37.68   -7.80
 2007   -2.36   -8.89  -18.13  -34.26   51.82
 2008  -20.73    5.18  -41.95  -57.36   11.23
 2009   32.29   31.33   54.05   57.63  -13.86
 2010   27.39   15.92  -10.82   53.55   50.90
 2011  -16.38   16.54  -23.08  -63.89    4.94
 2012  -37.72   -1.97  -40.70  -93.48  -14.73
 2013    0.07    8.17  -13.71   21.95  -16.15
 2014    8.92   11.12  -10.76   27.53    7.79
 2015   20.09    4.87   34.27   43.73   -2.50
 2016    1.30   -5.48  -32.68   17.53   25.83
 2017  -35.69   -2.71  -53.76  -62.02  -24.26
 2018   22.88    0.36   52.55   48.47   -9.88
 2019   -3.35   -2.58   24.93  -50.44   14.69
 2020  -28.54   -6.77  -18.40  -91.55    2.58
 2021   46.93    3.88   71.52   91.81   20.50
 2022   12.58    1.32  -17.07   30.79   35.28
 2023   -2.03    0.76   15.54  -59.69   35.26
 2024    8.40    0.03   19.96   -3.43   17.02
 2025   20.31   16.50   56.72   24.82  -16.82
 2026   21.77   11.95  -29.25  104.17    0.23
 2027  -28.17   -9.60  -52.68  -65.42   15.01
 2028   -6.02    0.70   33.26  -44.55  -13.48
 2029   13.04   -3.91   42.32   -0.02   13.77
 2030    9.74   16.33  -22.16   29.05   15.74
 2031   11.06  -10.28    0.76   47.77    5.99
 2032   27.77   -1.11   55.96   18.54   37.68
 2033  -55.82  -12.82  -68.00  -82.68  -59.78
 2034    1.21   -5.26   13.04   15.82  -18.74
 2035  -11.25    6.23  -12.81  -14.09  -24.35
 2036   -8.86  -11.79  -36.39    8.41    4.35
 2037    2.09    2.34    9.69  -14.12   10.43
 2038  -13.22  -11.61  -35.02   -8.67    2.41
 2039   12.04   -5.08   18.33  -20.05   54.96
 2040   -8.03    7.32  -75.07  -27.25   62.89
 2041    9.23    2.68   -3.17   -2.72   40.13
 2042   -9.82   -4.04  -24.83   -1.68   -8.74
 2043  -19.60   -6.25  -16.44  -49.74   -5.97
 2044   11.31   -2.43    7.97   -5.41   45.12
 2045  -15.58  -11.17    2.14  -66.36   13.08
 2046    5.91  -10.16   72.27  -44.11    5.65
 2047   -7.54   -4.19  -55.30   29.25    0.08
 2048  -33.70    4.50  -17.13 -133.71   11.54
 2049  -16.94    6.60  -67.23  -50.98   43.83
 2050  -20.84  -13.18  -48.01  -69.38   47.22
 2051    4.21   -1.15   -8.39   42.05  -15.66
 2052   -8.56   -8.86  -31.67   22.15  -15.85
 2053   -0.93   -8.53   22.49  -28.02   10.34
 2054  -27.78   -6.20  -61.77  -68.15   24.99
 2055   -4.98   36.10  -31.31  -11.00  -13.71
 2056    1.39   -9.89   11.63  -38.86   42.68
 2057  -14.80    3.16  -21.69  -30.85   -9.81
 2058  -38.44   -1.41  -60.38  -99.39    7.43
 2059   14.22    2.49  -56.03   73.17   37.24
 2060  -17.64   -7.50  -28.92  -66.35   32.19
 2061   13.52    6.12   17.25  -39.61   70.33
 2062    8.49    4.51   32.96  -53.54   50.02
 2063    0.29   -2.42  -33.16  -11.31   48.04
 2064    2.86   -2.89  -27.26  -41.74   83.32
 2065  -17.57   -4.78  -61.51  -36.91   32.89
 2066  -11.66   -7.17    5.81  -42.45   -2.85
 2067  -20.88  -13.40  -46.73  -28.33    4.94
 2068   -3.75   -9.07   21.11  -18.08   -8.97
 2069  -11.30    2.00  -38.72   20.81  -29.30
 2070   20.01    3.97   55.21  -58.83   79.70
 2071  -23.44  -12.94  -16.70  -54.07  -10.06
 2072  -18.23   -1.83  -60.77  -10.95    0.61
 2073   -9.85   -5.47  -11.22  -88.14   65.45
 2074  -18.51   -5.19   30.19  -76.23  -22.81
 2075  -34.04    1.12  -76.12  -45.34  -15.81
 2076    5.68   -1.71   -4.13  -17.76   46.34
 2077  -13.53  -14.86   -8.42  -33.98    3.13
 2078   15.25    2.07   13.47   13.16   32.30
 2079  -15.55   -5.54    0.05  -62.68    5.97
 2080  -26.19  -12.53  -59.40  -59.86   27.04
 2081  -23.43   -4.41  -41.59  -60.93   13.21
 2082   -1.24   12.61    7.61  -78.58   53.39
 2083    1.95    0.17   29.80  -47.31   25.14
 2084  -30.48    2.72  -69.29  -93.17   37.83
 2085   19.89   -9.69   44.24    1.66   43.37
 2086  -13.01   11.01  -50.01   -9.58   -3.47
 2087    9.71   -2.25   27.39    2.24   11.47
 2088  -11.77   -0.82  -16.77  -75.65   46.17
 2089  -20.84   -7.96  -42.24  -71.42   38.27
 2090    4.93  -16.55   62.57  -88.22   61.92
 2091  -39.78   -8.19  -82.26  -49.78  -18.89
 2092  -16.68    6.40  -15.74 -110.45   53.09
 2093  -39.01   -5.18  -32.14 -132.45   13.73
 2094  -38.61   -7.95  -51.27 -107.23   12.02
 2095   -6.97  -17.67   20.21  -33.71    3.28
 2096  -13.21  -11.17    5.53  -25.31  -21.90
 2097  -27.11   -1.16  -39.84  -61.83   -5.60
 2098    6.08   -0.02   38.12  -26.36   12.59
 2099  -47.34   -0.98  -66.99 -155.20   33.81
 2100  -34.91   -7.99  -91.39  -16.86  -23.42
Projections under SRES B1 scenario
 2000     NaN     NaN     NaN     NaN     NaN
 2001   -5.75   13.46  -67.28   44.87  -14.04
 2002   22.66   23.62    1.25   63.22    2.52
 2003   21.52    3.68   24.63   51.27    6.49
 2004    0.50   -7.83  -51.40   38.75   22.46
 2005   20.78   -5.47    0.26   24.69   63.66
 2006    9.58    5.29  -13.37   24.81   21.58
 2007  -19.56   -3.85    6.88  -88.69    7.43
 2008   18.98   -1.30   19.23   70.04  -12.04
 2009   17.35   -0.35   -0.55   78.65   -8.35
 2010   15.88   -2.11   12.93   27.18   25.53
 2011   -1.10   -2.51   -9.72  -10.63   18.47
 2012   13.48   11.45   54.52  -23.46   11.42
 2013   33.38   -0.14    1.12   50.72   81.84
 2014   36.33    9.70   88.18   -0.79   48.24
 2015  -28.56   -0.20  -56.05  -50.88   -7.09
 2016    3.07    6.33   -8.75   -9.90   24.59
 2017   14.71    3.13  -31.35   44.46   42.61
 2018    2.05   28.96    7.27  -54.46   26.43
 2019  -21.68  -18.80   36.49  -86.40  -18.00
 2020    0.48   -4.94  -26.90   35.64   -1.88
 2021   -1.98   -6.63  -59.29   18.29   39.71
 2022   -4.38   -1.93  -21.49   27.91  -22.02
 2023   -4.16    4.83   30.85  -58.05    5.73
 2024  -18.90    1.08  -16.21  -27.47  -32.98
 2025    0.77   -8.21   29.21   20.26  -38.17
 2026   -9.25    6.31  -37.79  -47.31   41.79
 2027    5.52   -2.53   50.50   -4.62  -21.27
 2028    1.40   -2.94  -89.61   22.09   76.05
 2029    4.70   -1.80    3.29    5.82   11.50
 2030  -22.88   -4.67  -28.18  -73.53   14.85
 2031    4.66   -9.51    8.70   49.19  -29.75
 2032    5.00    1.14   -4.44   62.96  -39.65
 2033   20.65    1.83   -0.83   84.00   -2.41
 2034  -23.10   -7.09  -31.58  -64.25   10.52
 2035  -41.33   -6.07  -73.52  -86.92    1.20
 2036  -22.79  -12.84   -5.87  -54.34  -18.09
 2037    6.93    6.94  -11.92   30.98    1.72
 2038   16.42    9.89  -12.38   27.32   40.87
 2039   -7.52   -3.55   13.51  -10.33  -29.72
 2040    4.05   -3.24   -4.69  -29.23   53.36
 2041  -13.43    1.41  -33.26  -28.64    6.76
 2042   15.32    9.24   24.15   -1.95   29.85
 2043  -33.84  -11.67   -4.82  -95.01  -23.85
 2044    0.49    3.66   -3.70   13.53  -11.54
 2045   -7.83   -1.09  -26.38  -33.54   29.68
 2046  -35.18   -8.75  -28.18  -59.54  -44.24
 2047   11.21  -13.16   -3.35   62.20   -0.86
 2048    0.98   24.37  -20.26    3.42   -3.61
 2049  -15.19    6.42  -54.97  -27.38   15.17
 2050   -7.05   -0.34    2.55  -39.27    8.87
 2051    6.91   18.31   42.04  -60.78   28.07
 2052   -1.90    4.39   -7.71    2.94   -7.23
 2053  -26.97   -3.41  -37.47  -77.83   10.85
 2054  -28.24    1.15  -54.21  -13.65  -46.24
 2055   15.53   -5.93  -12.64   37.45   43.24
 2056  -20.07   -3.72  -33.78  -79.14   36.36
 2057   -8.59    2.23  -13.23  -32.06    8.72
 2058    3.92   -5.21  -48.88   70.82   -1.05
 2059    9.65  -10.96   54.19  -32.11   27.50
 2060  -24.16   -5.47    5.75  -79.17  -17.74
 2061   21.58    9.02  -29.73   78.29   28.73
 2062   15.40   -6.84  -30.35   34.19   64.62
 2063  -24.94   -3.03  -31.73  -59.25   -5.76
 2064  -17.76    1.88    9.37 -116.08   33.80
 2065  -25.27  -13.04  -67.15   -7.51  -13.39
 2066   -4.59    7.70  -32.49   22.53  -16.08
 2067   -3.04   -2.97   37.16  -72.36   25.99
 2068   -2.23    9.45   -2.98  -72.74   57.35
 2069   -8.10   -6.07  -29.64  -13.20   16.52
 2070   28.36   17.82    2.16   47.05   46.42
 2071  -25.18   12.64  -46.43  -80.02   13.10
 2072    4.29  -11.91   56.09  -41.19   14.18
 2073    0.55   -1.00   22.07   -3.99  -14.91
 2074   -2.58    0.31    6.27  -26.04    9.12
 2075  -17.10  -10.97   -2.18  -61.45    6.21
 2076  -22.74   10.65  -26.27  -89.21   13.86
 2077   16.85   -4.64  -29.49   59.25   42.29
 2078   -0.56    6.44   -9.07  -11.97   12.37
 2079  -25.39   -2.21  -61.22  -94.49   56.35
 2080  -51.50  -14.01  -59.49 -108.31  -24.20
 2081   -1.23   13.07  -38.11   39.63  -19.51
 2082   -8.05   -4.27   -1.92  -53.95   27.92
 2083  -13.59  -12.25   -7.38  -18.05  -16.67
 2084    5.99   -2.35  -28.55   28.89   25.97
 2085    1.95   -7.13  -17.82    1.32   31.44
 2086   -8.21   -4.62  -26.45  -18.96   17.20
 2087   -2.86    2.03   27.41  -28.08  -12.81
 2088   18.53    5.91    5.56   -9.63   72.29
 2089    9.51   -9.93   78.71  -76.97   46.23
 2090  -17.81    2.84  -33.66  -39.50   -0.91
 2091   -7.07   -6.87  -25.03    9.57   -5.97
 2092   -6.54  -19.44   29.17  -67.62   31.74
 2093   15.62   -5.11  -51.80   56.96   62.42
 2094  -10.62    0.51  -17.20  -31.89    6.08
 2095    2.76   -3.56  -28.22  -24.48   67.31
 2096  -16.11   -3.63   20.00  -53.28  -27.54
 2097    2.98   -0.64  -24.39   44.26   -7.31
 2098   -0.20    2.67  -45.50    5.18   36.83
 2099  -15.34    5.27  -69.83    6.65   -3.46
 2100   25.21    9.66   18.00   18.86   54.33
