Maximum 5-day rainfall - Model Simulations
NaN indicates insufficient data is available
Refer to Accompanying Documentation
GRIDBOX LONGITUDES
           6
   11.25   13.75   16.25   18.75   21.25   23.75
GRIDBOX LATITUDES
           7
   -3.75   -6.25   -8.75  -11.25  -13.75  -16.25  -18.75
Timeseries in anomalies relative to 1970-1999 mean (mm)
2060s
   -0.50   -1.98   -4.42   -4.16   -1.58    0.28
   -0.42   -1.29   -2.81   -2.63   -1.03    0.58
   -0.21   -0.43   -1.14   -1.24   -0.92   -0.26
   -0.11   -0.14   -0.41   -0.55   -0.65   -0.55
   -0.03   -0.08   -0.22   -0.35   -0.53   -0.66
   -0.03   -0.10   -0.18   -0.30   -0.66   -0.92
   -0.14   -0.17   -0.24   -0.35   -0.86   -1.14
2090s
   -1.79   -3.16   -4.84   -5.07   -4.19   -4.06
   -0.62   -1.58   -3.20   -3.92   -3.59   -3.23
   -0.14   -0.58   -1.54   -2.05   -1.92   -1.51
   -0.03   -0.17   -0.49   -0.68   -0.72   -0.61
    0.02   -0.03   -0.13   -0.20   -0.34   -0.43
   -0.00   -0.06   -0.19   -0.32   -0.48   -0.56
   -0.07   -0.15   -0.44   -0.81   -0.78   -0.22
