Maximum 5-day rainfall - Model Simulations
NaN indicates insufficient data is available
Refer to Accompanying Documentation
GRIDBOX LONGITUDES
           6
   11.25   13.75   16.25   18.75   21.25   23.75
GRIDBOX LATITUDES
           7
   -3.75   -6.25   -8.75  -11.25  -13.75  -16.25  -18.75
Timeseries in anomalies relative to 1970-1999 mean (mm)
2060s
   -3.28   -5.84   -3.92    0.35   -8.58  -10.29
   -5.35   -9.22   -7.37   -1.05   -3.61    0.42
   -3.85   -6.49    0.76   14.31    5.37    1.05
   -1.83   -1.43    4.16   12.89   10.38    7.10
   -0.10    2.02    4.16    6.24   10.03   10.58
    0.70    0.79    1.21    1.88    2.21    4.80
    0.78    0.83    0.61    0.22    0.22    2.35
2090s
   -1.93   -2.96   -2.00   -0.48   -6.87   -7.25
   -6.40   -5.56   -0.97    5.39    3.07   -1.89
   -3.37   -4.00   -0.77    5.05    3.28   -1.15
   -1.52   -4.15   -3.80   -0.55   -0.27   -3.59
   -0.17   -4.34   -6.13   -4.78   -2.85   -4.94
    1.19   -3.04   -4.47   -2.42   -0.94   -1.89
    1.64    0.98    0.70    1.09    1.37    0.85
