Maximum 1-day rainfall - Model Simulations
NaN indicates insufficient data is available
Refer to Accompanying Documentation
GRIDBOX LONGITUDES
           6
   11.25   13.75   16.25   18.75   21.25   23.75
GRIDBOX LATITUDES
           7
   -3.75   -6.25   -8.75  -11.25  -13.75  -16.25  -18.75
Timeseries in anomalies relative to 1970-1999 mean (mm)
2060s
    0.52   -1.25    1.19    0.90   -0.80   -0.67
   -0.32   -1.78   -0.56   -0.07   -0.16    0.87
   -0.70    0.70    0.99    1.45   -0.19    0.07
   -1.28    3.53    6.66    6.47    2.17    0.17
   -1.32    0.56    0.87    0.97    0.33    0.03
   -2.66   -1.15   -1.15    1.02    1.07   -0.30
   -2.64    2.82    6.06    6.64    3.75    2.17
2090s
   -1.63   -1.37   -0.03    1.15    1.37    0.18
    1.15    0.28   -0.06    1.52    1.70    1.41
    4.32    3.56    1.70    2.32    0.85    0.47
    3.04    3.19    2.21    2.07    0.17   -1.73
    1.36   -0.04   -3.09   -0.67   -0.15   -1.95
   -2.60   -1.78   -1.77    0.44    2.85    1.15
   -2.04   -0.59    1.48    2.52    1.74   -0.43
