Maximum 5-day rainfall - Model Simulations
NaN indicates insufficient data is available
Refer to Accompanying Documentation
GRIDBOX LONGITUDES
           6
   11.25   13.75   16.25   18.75   21.25   23.75
GRIDBOX LATITUDES
           7
   -3.75   -6.25   -8.75  -11.25  -13.75  -16.25  -18.75
Timeseries in anomalies relative to 1970-1999 mean (mm)
2060s
   -9.08   -7.09   -4.30   -5.19   -3.57   -5.33
  -15.03  -13.40   -7.96   -9.92   -4.59   -2.52
  -13.07  -14.87   -9.51   -8.34   -1.89   -0.93
  -12.62  -20.74  -14.40   -3.35    0.42    2.75
  -14.57  -26.18  -17.26   -3.07    4.47   10.19
   -9.77  -17.48  -15.38   -6.39   -1.09    0.58
   -3.30   -5.44   -6.38   -5.37   -2.59   -2.73
2090s
   -3.10    1.62    3.66    0.51    3.58   10.21
   -2.96    2.32    2.17   -4.07   -0.23    2.74
   -2.73    1.09    0.06   -3.85   -4.33   -2.13
   -6.19  -11.49  -10.12   -1.56   -3.77   -4.57
  -10.50  -20.30  -21.15   -7.68   -2.03    4.36
   -9.66  -20.36  -26.18  -19.24   -3.54    8.60
   -3.35   -7.17  -12.19  -11.48    0.81    9.87
