Maximum 1-day rainfall - Model Simulations
NaN indicates insufficient data is available
Refer to Accompanying Documentation
GRIDBOX LONGITUDES
           6
   11.25   13.75   16.25   18.75   21.25   23.75
GRIDBOX LATITUDES
           7
   -3.75   -6.25   -8.75  -11.25  -13.75  -16.25  -18.75
Timeseries in anomalies relative to 1970-1999 mean (mm)
2060s
    0.83    1.24    1.29    2.12    0.45   -0.72
    1.53    0.76    1.35    1.92    0.88   -0.01
    2.36    1.30    0.64    0.50    0.15    0.04
    2.14    2.88    0.57   -0.49   -0.44   -0.21
    1.40    3.22    1.34   -0.18   -0.39   -0.21
    1.06    1.93    1.72    0.56   -0.19   -0.15
    1.19    1.21    1.62    1.25    0.45    0.14
2090s
    1.45    0.55   -0.66   -1.61   -2.00   -2.30
    2.62    0.28    0.92   -0.03   -1.91   -2.70
    3.11    1.00    1.39    0.38   -1.15   -1.30
    2.30    0.55    0.64   -0.31   -0.95   -0.40
    1.35    0.04    0.24   -0.36   -0.60    0.02
    0.94    0.83    0.57    0.11   -0.15    0.35
    0.77    1.17    1.03    0.23   -0.24    0.25
