Maximum 5-day rainfall - Model Simulations
NaN indicates insufficient data is available
Refer to Accompanying Documentation
GRIDBOX LONGITUDES
           6
   11.25   13.75   16.25   18.75   21.25   23.75
GRIDBOX LATITUDES
           7
   -3.75   -6.25   -8.75  -11.25  -13.75  -16.25  -18.75
Timeseries in anomalies relative to 1970-1999 mean (mm)
2060s
   -0.39   -0.82   -3.50   -2.69   -3.37   -0.01
    1.71    2.90    1.31    3.24    6.19    7.53
    2.79    2.74    5.69    9.76    7.57    1.37
    1.95    0.66    3.72    4.41   -1.25   -7.56
   -1.70   -4.94   -2.93   -3.95   -6.48   -7.58
   -3.80   -7.66   -3.69   -2.76   -2.40   -2.52
   -2.71   -3.11    1.65    1.72    2.23    0.36
2090s
    1.55   -1.38   -3.69   -4.49    4.78   16.44
    0.24    4.40    3.86    3.58   10.32   17.52
   -0.81    4.28    8.01    8.26    9.27   11.77
    1.04    3.82    8.33    5.72    4.57    6.37
    1.20   -1.91   -2.08   -3.90   -0.44    4.27
   -0.94  -10.13  -14.09  -11.79   -3.65    2.82
   -1.64   -7.90  -12.58  -11.00   -4.82   -0.97
