Maximum 5-day rainfall - Model Simulations
NaN indicates insufficient data is available
Refer to Accompanying Documentation
GRIDBOX LONGITUDES
           6
   11.25   13.75   16.25   18.75   21.25   23.75
GRIDBOX LATITUDES
           7
   -3.75   -6.25   -8.75  -11.25  -13.75  -16.25  -18.75
Timeseries in anomalies relative to 1970-1999 mean (mm)
2060s
   -0.56    2.12    1.47    2.18    1.79    1.95
    1.29    2.18    0.64    1.73    2.03    4.76
    2.88    0.05    0.21    0.89    0.94    1.19
    3.89    3.87    1.23    0.98    0.43   -0.39
    1.97    5.19    2.24    2.40    5.02    3.94
   -5.51    8.99    5.41    4.54   11.85   11.85
  -18.17    1.79    5.60    5.55    9.32   10.48
2090s
   -2.09    4.93    4.52    2.69    6.52    7.07
   -4.73    3.13    4.48    5.86    9.06   12.20
   -8.44   -2.35    3.21    3.55    5.96    7.90
   -3.05    3.65    1.99    0.64    0.68    3.12
   -0.33    4.93    0.72    0.19    0.71    1.56
  -17.52    4.72    3.18    2.60    4.21    0.70
  -33.39  -12.42   -2.02   -0.24    4.19    2.78
