Frequency of Cold Days - Model Simulations
NaN indicates insufficient data is available
Refer to Accompanying Documentation
GRIDBOX LONGITUDES
           6
   11.25   13.75   16.25   18.75   21.25   23.75
GRIDBOX LATITUDES
           7
   -3.75   -6.25   -8.75  -11.25  -13.75  -16.25  -18.75
Timeseries (% days occurring)
2060s
    1.28    1.44    1.60    1.87    2.39    2.66
    1.00    1.28    1.48    1.96    2.29    2.52
    1.23    2.28    2.92    3.17    2.81    2.90
    1.84    3.80    4.13    3.83    3.18    3.23
    2.14    3.74    3.50    3.18    2.88    2.97
    2.26    2.76    2.23    2.15    2.22    2.35
    3.13    3.94    2.76    2.13    2.12    2.26
2090s
    0.52    0.69    0.70    0.66    0.81    1.13
    0.22    0.41    0.64    0.76    1.14    1.73
    0.26    0.76    1.14    1.25    1.69    2.37
    0.73    2.09    2.22    1.82    1.99    2.56
    1.21    2.69    2.57    2.07    2.02    2.30
    1.61    2.38    2.28    2.12    1.90    1.75
    2.20    3.36    3.20    2.59    1.98    1.58
