Maximum 1-day rainfall - Model Simulations
NaN indicates insufficient data is available
Refer to Accompanying Documentation
GRIDBOX LONGITUDES
           6
   11.25   13.75   16.25   18.75   21.25   23.75
GRIDBOX LATITUDES
           7
   -3.75   -6.25   -8.75  -11.25  -13.75  -16.25  -18.75
Timeseries in anomalies relative to 1970-1999 mean (mm)
2060s
    0.53    1.73    8.35   10.94   10.21    5.77
   -1.31    1.68    7.65    7.60    3.66    2.72
    2.04    2.85    5.71    5.01   -0.24   -2.19
    0.50   -2.54    2.96    3.59   -3.07   -6.67
   -1.51   -5.09   -2.17   -0.89   -5.70   -8.69
    0.47   -0.85   -5.76   -4.74   -6.52   -8.61
    0.65    0.71   -2.77   -0.44   -3.26   -5.50
2090s
    5.32    8.89   13.44   12.67   11.79   12.09
    3.00    2.21    4.19    6.87    6.56    6.58
    2.07   -2.30   -2.89    1.05    2.61    1.84
   -0.73   -6.06   -6.45   -3.90   -0.26    0.81
   -2.41   -7.28   -7.59   -7.92   -4.88   -0.47
   -1.84   -6.18   -5.72   -7.37   -6.51   -1.81
   -1.66   -4.96   -0.72   -0.76   -0.57    1.45
