Maximum 1-day rainfall - Model Simulations
NaN indicates insufficient data is available
Refer to Accompanying Documentation
GRIDBOX LONGITUDES
           6
   11.25   13.75   16.25   18.75   21.25   23.75
GRIDBOX LATITUDES
           7
   -3.75   -6.25   -8.75  -11.25  -13.75  -16.25  -18.75
Timeseries in anomalies relative to 1970-1999 mean (mm)
2060s
   -0.79   -0.15   -1.35   -1.50   -0.40    1.03
   -1.23   -1.03   -2.16   -2.53   -1.76   -0.45
   -0.64   -1.03   -1.04   -1.61   -2.43   -0.64
   -0.48   -0.88   -1.19   -1.13   -0.83    0.01
   -0.26   -0.58   -0.61   -0.56   -0.22    0.39
   -0.28   -0.45   -0.47   -0.41   -0.30   -0.02
   -0.30   -0.43   -0.59   -0.63   -1.00   -0.85
2090s
   -1.20    0.05    0.87    1.82    1.09   -0.07
   -1.60   -1.52   -1.29    0.75    0.22   -0.05
   -0.86   -1.29   -1.15   -0.68   -1.06   -0.53
   -0.48   -0.86   -0.87   -0.12   -0.75   -0.75
    0.14   -0.01   -0.41   -0.29   -0.32   -0.24
   -0.04   -0.11   -0.18   -0.14   -0.38   -0.26
   -0.16   -0.17   -0.19   -0.15   -0.84   -0.85
