Maximum 5-day rainfall - Model Simulations
NaN indicates insufficient data is available
Refer to Accompanying Documentation
GRIDBOX LONGITUDES
           6
   11.25   13.75   16.25   18.75   21.25   23.75
GRIDBOX LATITUDES
           7
   -3.75   -6.25   -8.75  -11.25  -13.75  -16.25  -18.75
Timeseries in anomalies relative to 1970-1999 mean (mm)
2060s
    7.63    8.00    6.95    4.09    2.88    2.64
   10.34    9.70    5.80    6.98    7.08    5.29
    4.32    2.02    2.84    6.79   10.62   12.27
   -1.01   -2.20    2.15    4.66    9.94   16.11
    0.97    2.30    4.28    6.23    8.56   12.02
    5.53    6.46    7.21   11.37   10.68    5.84
    6.96    6.69   10.18   13.74   13.00    4.84
2090s
    1.84    6.53    8.31    1.85   -1.60    5.62
   -3.64   -1.63    6.69   12.04   12.52   13.38
   -3.75    1.75   10.33   17.82   21.95   23.47
   -2.75    4.55    9.01   14.16   21.16   25.49
   -0.81    0.86    5.06   11.68   19.44   20.66
   -0.40   -6.08    2.70   11.27   16.58   14.00
   -4.06  -10.57   -2.33    3.63    5.71    5.79
