Mean monthly rainfall - Model Simulations
NaN indicates insufficient data is available
Refer to Accompanying Documentation
GRIDBOX LONGITUDES
           4
   36.25   38.75   41.25   43.75
GRIDBOX LATITUDES
           4
   18.75   16.25   13.75   11.25
MODEL CLIMATOLOGY 1970-1999 (mm)
   28.71   30.43   40.37   32.47
   60.38   53.47   44.54   49.52
  108.49   87.70   48.73   42.52
  163.57  128.86   69.25   44.50
Mean Anomalies over 10-year time slices (%)
2000 2009
  -17.15  -17.60  -11.27   -6.51
  -11.95  -13.85  -13.63   -6.79
   -0.12   -2.07   -8.17   -5.54
    5.85    3.79    0.10    5.67
2010 2019
   -7.95  -11.51   -7.85   -4.86
   -5.87   -4.70   -4.36    0.38
    0.28    5.01    3.58    2.65
    0.97    8.43   11.30   16.27
2020 2029
   -8.16   -6.07   -6.53   -5.64
   -2.29   -4.34    2.16    3.56
    2.23    1.15    5.49    8.76
    0.44    2.34    6.65   16.03
2030 2039
   -7.25  -12.90  -12.30   -7.89
   -9.55   -9.24  -10.01   -3.58
   -1.20    2.27   -2.26   -0.85
    2.18    6.30    4.05    6.51
2040 2049
  -12.96  -13.80  -13.91  -14.79
   -4.72   -5.79   -3.87   -0.85
    6.42    3.29    2.48   13.72
    5.60    3.76    4.09   23.18
2050 2059
  -30.44  -34.78  -35.68  -29.67
  -19.21  -21.42  -22.54  -19.92
   -8.25   -5.84   -6.95   -4.19
   -0.92    0.32   -0.33   13.85
2060 2069
    6.67    3.56   -7.70   -7.23
    2.35   -2.10   -1.25    1.99
   -0.56   -0.70    4.15   14.40
    4.06    3.10    5.89   29.36
2070 2079
  -31.69  -33.01  -38.11  -34.37
  -15.03   -3.18  -14.84  -15.93
   -1.17    9.85    1.42   -5.30
    4.84   12.45   12.52   20.58
2080 2089
  -20.12  -20.55  -23.61  -18.69
   -8.46   -4.21   -1.27    2.19
    4.71   10.73   14.77   20.90
    7.09   12.02   17.38   40.06
2090 2099
    9.78    7.45   -5.03   -2.63
    8.79   14.08    7.95    5.73
    6.13   13.80   14.88   18.27
    4.22   11.05   16.34   33.87
