Mean monthly rainfall - Model Simulations
NaN indicates insufficient data is available
Refer to Accompanying Documentation
GRIDBOX LONGITUDES
           4
   -3.75   -1.25    1.25    3.75
GRIDBOX LATITUDES
           5
   13.75   11.25    8.75    6.25    3.75
MODEL CLIMATOLOGY 1970-1999 (mm)
    0.66    0.66    0.53    0.42
    4.09    4.30    4.66    4.99
   15.24   15.23   18.02   21.27
   31.07   30.98   36.11   42.80
   44.55   45.91   50.12   56.32
Mean Anomalies over 10-year time slices (%)
2000 2009
  -51.42  -58.81  -53.75  -55.62
  -22.18  -24.82  -24.35  -25.10
    9.82    2.44   -1.83   -3.28
   20.97   12.01    4.30    1.65
   12.97    3.39   -3.88   -5.34
2010 2019
  -39.53  -52.91  -39.20  -18.56
  -19.26  -27.13  -23.52  -15.87
  -10.07  -12.52   -9.41   -4.07
   -7.92   -4.81    0.55    5.89
   -6.30    2.89   10.95   15.13
2020 2029
   33.28   52.76  150.00  214.76
    2.64    1.42    8.46    9.08
   -2.58    0.87    4.10    5.14
   -7.25   -2.63    1.33    3.95
  -10.38  -10.95   -8.53   -3.64
2030 2039
  -66.06  -64.12  -38.62  -21.61
  -44.92  -48.46  -41.98  -35.85
  -10.65  -11.60  -11.43  -13.88
    0.09   -0.81   -3.61   -9.01
   -2.24   -7.42  -11.61  -14.53
2040 2049
   30.05  -31.18  -38.42  -30.99
    0.26  -10.21  -14.21  -12.13
   -1.29   -4.01   -8.40  -11.32
   -1.59   -4.34   -8.68  -13.69
    0.99   -3.86   -9.46  -16.26
2050 2059
   -1.84  -15.88  -18.40    9.14
  -24.36  -22.82  -21.05  -17.18
  -14.18  -12.52  -10.06   -7.27
   -1.79   -1.58   -1.96   -2.15
    7.64    7.02    5.28    1.46
2060 2069
  -61.94  -41.87   35.74  107.88
  -45.68  -32.23   -5.14    8.34
  -18.63   -9.52    0.80    5.93
   -7.47    1.95    7.59    9.93
    0.03    9.37   16.63   18.66
2070 2079
  -35.61  -24.32   11.42   20.18
    5.06   -0.55   -3.40   -9.48
   14.43   14.08    9.71    3.15
   22.59   23.96   16.86   10.26
   32.27   29.96   19.45   14.49
2080 2089
   47.56   41.63  174.69  350.80
   51.54   53.03   64.76   71.55
   36.79   38.56   39.98   43.96
   33.36   36.24   39.60   45.08
   41.14   45.96   50.93   54.02
2090 2099
   30.55   -2.28    6.02   15.59
   18.58   11.20    6.65    2.03
   21.60   21.90   18.46   17.66
   20.04   20.06   18.60   20.42
   16.93   11.77   12.01   14.53
