Mean monthly rainfall - Model Simulations
NaN indicates insufficient data is available
Refer to Accompanying Documentation
GRIDBOX LONGITUDES
           4
   -3.75   -1.25    1.25    3.75
GRIDBOX LATITUDES
           5
   13.75   11.25    8.75    6.25    3.75
MODEL CLIMATOLOGY 1970-1999 (mm)
   93.64  103.88  104.68   98.01
  131.54  140.80  151.25  160.47
  156.15  166.45  195.26  231.11
  146.93  166.69  222.89  291.45
  160.43  176.46  212.40  252.93
Mean Anomalies over 10-year time slices (%)
2000 2009
    9.22    2.91   -1.92   -5.35
    2.72   -0.17   -2.54   -3.97
    0.10   -0.42   -1.07   -1.65
    4.38    3.46    2.17    1.12
    2.50    1.22    1.05    1.37
2010 2019
   -3.83   -6.42   -7.45   -6.24
   -5.76   -8.15   -9.60   -9.48
   -7.30   -8.18   -8.54   -8.26
   -1.65   -1.33   -1.77   -2.38
    0.46    1.43    2.08    2.23
2020 2029
   -1.94   -7.48   -8.02   -3.91
   -0.71   -6.05   -8.36   -7.45
    0.80   -3.30   -6.37   -7.33
    2.12    1.55   -0.20   -1.79
    8.88    8.58    6.38    3.23
2030 2039
   -1.57   -1.42    1.12    5.82
   -2.34   -3.33   -2.26    0.27
   -3.20   -4.64   -3.67   -1.37
    0.43    0.23    1.47    2.99
    0.56    2.21    4.05    5.33
2040 2049
   -0.32   -3.68   -4.58   -2.71
   -1.78   -5.40   -6.78   -5.55
   -2.07   -5.16   -5.84   -4.43
    2.74    2.25    2.56    3.02
    1.23    2.62    4.20    5.03
2050 2059
   11.18    5.36   -0.11   -4.43
    3.14   -0.50   -3.79   -5.72
   -4.10   -5.42   -5.34   -4.51
   -5.36   -3.37   -0.87    0.61
   -3.75   -1.74    1.29    3.43
2060 2069
    2.76    0.92   -0.48   -0.80
   -2.16   -4.41   -6.40   -7.04
   -6.44   -8.34   -9.57   -9.57
   -3.10   -2.22   -2.48   -3.48
   -1.98   -2.07   -1.31   -0.82
2070 2079
   -6.78   -3.65   -2.71   -2.95
  -11.01  -10.91  -10.85  -10.30
  -13.64  -14.93  -13.78  -11.56
   -6.40   -6.77   -3.78   -1.01
   -6.99   -6.39   -3.02    0.21
2080 2089
    4.16    2.39    0.76    0.92
   -1.03   -5.11   -7.79   -8.08
   -6.83  -11.24  -11.69   -9.70
   -5.27   -4.42   -0.55    2.46
   -3.24   -1.55    2.84    6.58
2090 2099
   -5.49   -8.09  -10.51  -10.98
   -9.50  -13.63  -16.56  -17.45
  -14.02  -16.69  -17.49  -17.42
  -11.59   -7.83   -5.34   -5.15
   -7.74   -4.28   -1.42   -0.67
