Mean monthly rainfall - Model Simulations
NaN indicates insufficient data is available
Refer to Accompanying Documentation
GRIDBOX LONGITUDES
           4
   -1.25    1.25    3.75    6.25
GRIDBOX LATITUDES
           5
   13.75   11.25    8.75    6.25    3.75
MODEL CLIMATOLOGY 1970-1999 (mm)
   64.10   59.12   52.54   41.50
   89.12   81.29   74.89   66.18
  110.58  104.81  105.15  106.02
  125.67  131.30  148.60  174.21
  110.13  120.78  142.53  178.90
Mean Anomalies over 10-year time slices (mm)
2000 2009
    5.17    4.18    3.24    3.87
    2.24    1.08    0.26    1.61
   -0.47   -1.08   -1.86   -0.75
   -0.48    0.80    0.35   -0.53
   -0.41    0.97    1.60    2.06
2010 2019
    7.65    9.15    8.75    7.55
    6.45    8.04    8.50    7.57
    3.90    5.63    6.78    6.49
    1.09    1.96    0.79    0.41
   -3.99   -4.19   -5.63   -5.55
2020 2029
   11.80   11.03    8.46    5.16
   11.68   10.28    8.04    5.74
    7.51    6.68    6.15    5.38
   -1.66    1.29    3.88    4.21
   -6.99   -4.28   -1.32   -0.13
2030 2039
    5.81    5.65    4.42    2.36
    5.43    5.03    3.72    1.78
    4.39    4.63    3.75    1.83
    3.62    6.50    7.01    3.85
    2.75    5.70    7.51    5.18
2040 2049
   10.16   11.02   10.58    9.00
   12.48   13.55   12.81   11.18
   11.14   12.72   12.23   11.16
   -1.71    1.60    2.76    4.32
   -7.03   -5.20   -4.53   -3.44
2050 2059
    9.71    9.31    7.32    5.41
   13.75   11.53    7.97    6.17
   14.52   12.55    9.42    8.19
    6.05    9.60   10.87   10.95
   -1.66    1.36    1.86    2.98
2060 2069
   11.99   14.60   14.64   12.97
   13.08   15.24   16.31   16.40
   10.38   13.04   15.87   17.71
    0.53    7.04   11.12   14.06
   -5.79   -0.85    2.85    5.59
2070 2079
   20.39   23.08   21.47   17.15
   21.31   23.06   21.60   18.25
   15.03   16.68   16.85   16.17
   -1.18    3.88    7.24   10.64
   -8.86   -5.38   -2.22    2.49
2080 2089
   16.20   17.37   16.45   14.85
   19.41   19.14   17.88   17.69
   14.81   15.27   16.12   18.48
   -8.15   -0.74    6.14   12.52
  -18.10  -12.13   -5.82   -0.04
2090 2099
   21.30   21.81   20.05   17.09
   23.67   23.17   19.79   17.72
   17.42   17.40   14.26   14.81
   -7.17   -3.18   -1.58    3.31
  -17.64  -15.28  -13.11   -6.25
