Mean monthly rainfall (mm) - Model Simulations
Refer to Accompanying Documentation
NaN indicates insufficient data is available
Model Climatology 1970-1999
 Year  Annual     JFM     AMJ     JAS     OND
        131.3    39.7   186.3   228.2    71.0
Timeseries in anomalies relative to 1970-1999 mean (mm per month)
20th Century Model Run
 1960  -15.48   -1.87   -0.60  -38.09  -21.35
 1961    3.36    4.63  -12.86   13.66    8.00
 1962   -4.24  -15.89   21.53  -25.95    3.35
 1963   -6.45   -1.24   -9.51  -10.74   -4.29
 1964    3.49  -12.93   34.68    4.87  -12.67
 1965   15.50   -8.95   35.98   13.44   21.55
 1966   -9.68    2.49  -18.41   -6.61  -16.20
 1967   11.57    5.25   13.29   14.95   12.79
 1968   -7.04    3.45   -4.74  -17.81   -9.08
 1969   -2.21    7.53  -23.41    6.19    0.84
 1970   -0.03   -6.35  -21.91   37.26   -9.11
 1971    3.21   13.18   -5.74    9.10   -3.70
 1972   -8.83   -5.28  -13.67   -4.24  -12.12
 1973   -3.22   -2.36   -9.18   -6.45    5.11
 1974   -6.08    1.55    6.19  -19.08  -12.99
 1975    1.88    1.58   14.28   -8.83    0.49
 1976    1.67   -2.43   24.18  -21.99    6.93
 1977    0.07   12.39    6.17  -37.18   18.90
 1978   -3.68   10.73    2.03  -37.72   10.24
 1979   -1.18  -10.70   21.75    7.50  -23.27
 1980   -1.51  -18.87  -10.07   33.12  -10.21
 1981    8.25  -11.11   30.20    4.59    9.32
 1982   -9.84   -7.39  -16.77  -20.61    5.43
 1983   -3.76    1.32   -2.17  -10.59   -3.59
 1984   -7.17    3.82   12.15  -25.12  -19.53
 1985    3.72   11.05   15.24  -21.12    9.71
 1986    3.69   -1.77   16.39  -25.12   25.28
 1987  -10.75   -2.91  -28.10   -3.36   -8.64
 1988    0.62   -3.49   -3.65    8.68    0.96
 1989   18.20   21.46   27.12   30.68   -6.45
 1990   -4.85   -7.36  -30.88   14.73    4.12
 1991   19.51   -1.45   35.64   26.52   17.35
 1992    2.44  -12.85  -18.88   64.34  -22.84
 1993   -3.47   -4.89  -17.11    2.37    5.75
 1994    6.41    4.09    0.85   16.22    4.48
 1995    1.25    0.49    1.29    1.07    2.16
 1996   11.22   13.50   -7.87   24.93   14.33
 1997  -15.24   -1.94  -25.98  -26.30   -6.74
 1998    1.01    8.36  -14.24    8.88    1.05
 1999   -3.57   -2.38   12.76  -22.27   -2.39
 2000   -3.02    6.69  -11.81    1.69   -8.66
Projections under SRES A2 scenario
 2000     NaN     NaN     NaN     NaN     NaN
 2001    8.72   -5.96   -5.10   49.05   -3.11
 2002   -4.49  -12.96  -15.28    7.73    2.54
 2003    0.11    3.17    6.18   -0.72   -8.19
 2004   13.87    3.22   19.51   35.56   -2.83
 2005   -4.24  -16.76    3.72  -22.32   18.39
 2006   14.39   -6.76   18.71   53.82   -8.21
 2007   -3.11   -8.36   -8.27    1.36    2.83
 2008    8.78    5.25  -11.81   33.70    7.97
 2009    2.04    3.99   -0.10    1.28    2.99
 2010  -11.95   -9.15  -34.04    3.29   -7.88
 2011   13.62    5.02   21.01    9.48   18.96
 2012    9.74   -5.84  -14.54   40.13   19.22
 2013   -3.91    9.49  -25.01   15.80  -15.91
 2014    6.01  -14.68    7.75   41.49  -10.53
 2015   -5.88   -7.88  -29.23   -0.08   13.67
 2016    8.76   -0.98   -6.01   33.44    8.58
 2017    1.72    2.59   -2.83   10.02   -2.89
 2018   -9.78  -15.42  -18.81   -5.86    0.96
 2019    0.73  -10.34   -5.24   -9.49   27.97
 2020   -2.91  -16.94  -26.34   18.19   13.47
 2021   -4.29   11.43   -4.99  -27.68    4.09
 2022   -6.17   -9.70  -22.79   11.08   -3.26
 2023    1.97    9.06  -26.20    8.59   16.42
 2024    3.70   -9.20   -3.38   21.79    5.59
 2025    3.40  -12.18    0.37   24.38    1.04
 2026    0.70    0.78    4.37  -10.24    7.90
 2027   -7.68  -22.71  -15.82    2.00    5.79
 2028    0.21  -19.01    7.52   25.89  -13.57
 2029    0.02    2.30   15.91    6.55  -24.67
 2030    7.21   -1.93   11.73   27.91   -8.86
 2031   -3.86    0.86  -12.07  -25.41   21.17
 2032   -7.33  -18.16  -21.84   17.12   -6.46
 2033    9.64   10.10   13.15    1.45   13.83
 2034  -12.45  -16.20  -14.13  -19.06   -0.43
 2035   -4.29    2.88    4.77  -20.37   -4.44
 2036   -9.10    0.34  -12.05  -31.78    7.07
 2037   -2.37    1.33    6.72   -4.77  -12.76
 2038   -4.10  -11.63   16.58   -8.09  -13.25
 2039   -6.07  -17.10  -21.45   -3.63   17.89
 2040   -4.92  -10.19  -17.41   18.34  -10.43
 2041   -2.01   14.96   -7.44   -4.50  -11.07
 2042   -2.49    0.62  -13.94   10.22   -6.83
 2043   -9.53  -13.75  -11.81  -15.74    3.18
 2044   -2.60  -16.58   24.53  -17.92   -0.44
 2045    9.56  -10.98   -7.24   58.99   -2.54
 2046   -6.73   -2.04    4.35  -32.75    3.53
 2047   -2.47   -4.11    6.36  -23.06   10.93
 2048   -2.84    3.75  -12.70  -16.21   13.80
 2049   -2.17   -4.56   -9.00   13.99   -9.12
 2050   -4.33   -2.36   -8.18   -2.01   -4.77
 2051    2.05    4.84  -11.32   10.87    3.80
 2052    5.57   -9.11   18.10   18.69   -5.38
 2053  -12.74   -5.52  -14.46  -20.97  -10.03
 2054   -8.09   -6.67  -18.28    6.24  -13.65
 2055   16.90    1.91   42.89   28.98   -6.18
 2056    3.09    4.09   -1.20   15.45   -5.99
 2057    9.38    4.71  -34.50   52.06   15.26
 2058   -9.38   -4.16   -1.10  -32.14   -0.13
 2059    8.64    9.99  -15.53   33.50    6.60
 2060   -1.07   -2.14   14.06  -22.00    5.78
 2061    2.83   -0.63  -26.88   26.92   11.92
 2062   14.48  -10.81  -19.39   63.26   24.84
 2063   11.66   -9.35  -17.83   64.83    8.98
 2064  -10.81  -14.78  -15.93  -20.86    8.33
 2065   20.91   -7.51   -1.12   79.64   12.65
 2066    1.21   -4.04   -6.50   -9.02   24.39
 2067   -1.64   -9.25  -18.77   17.54    3.94
 2068   14.30    7.43   18.05   21.32   10.38
 2069    0.92    0.87  -27.10   18.07   11.84
 2070  -11.59  -17.60  -10.09   -0.07  -18.60
 2071  -10.71   -7.63  -45.00   11.75   -1.97
 2072   -3.35  -13.90   -7.10   -5.30   12.89
 2073  -14.16   -8.55  -29.01  -23.58    4.49
 2074    4.56   -8.26  -18.79   -5.60   50.89
 2075  -13.98  -13.15  -20.62  -26.51    4.37
 2076    2.72   -3.08  -17.29    8.95   22.32
 2077   -3.43   -7.99  -12.18   -8.26   14.70
 2078   11.34    5.19    1.60   31.80    6.77
 2079   -6.83   -1.78  -10.54   -6.35   -8.67
 2080   -5.98   -0.33   -1.60  -27.38    5.39
 2081   -5.70   16.31  -28.31  -12.89    2.10
 2082    4.96   13.50  -18.12   16.78    7.67
 2083   -6.83    6.82  -22.74  -15.37    3.96
 2084   18.30   -8.90    0.92   50.63   30.54
 2085  -17.76   -9.81  -35.17   -7.21  -18.83
 2086    0.84   11.81    0.31  -13.35    4.57
 2087    4.17   -6.43  -12.00   17.94   17.15
 2088   -5.45  -12.33   -7.76   13.35  -15.06
 2089    7.32    8.32   20.33   -8.13    8.76
 2090    1.61   -2.32  -29.13   38.50   -0.61
 2091    7.70   24.63  -11.58   12.44    5.29
 2092    8.30   -4.93    1.06   22.81   14.27
 2093    5.86   -5.79  -26.13   56.19   -0.82
 2094   -2.73  -10.06  -10.76    0.59    9.34
 2095   -2.23    0.25  -39.17   37.47   -7.46
 2096   -6.30   -2.51  -42.15   15.69    3.77
 2097   -6.67   -4.73  -29.48   -3.98   11.54
 2098   -3.06  -28.81  -13.31   30.77   -0.91
 2099   -2.59    1.55  -16.86   -6.17   11.14
 2100    5.94    0.09  -18.73   29.99   12.40
Projections under SRES A1B scenario
 2000     NaN     NaN     NaN     NaN     NaN
 2001    0.32    1.28    5.97  -17.36   11.39
 2002    5.71    5.31   -5.61   21.89    1.26
 2003   -5.40    7.29  -33.02  -18.15   22.27
 2004    2.12   -6.80    0.45   24.84   -9.99
 2005   -0.44   -8.80   -4.68   12.18   -0.48
 2006    0.42    8.34    2.98  -18.16    8.54
 2007    3.26    5.56  -20.99   13.32   15.17
 2008    2.51  -10.27   28.86  -13.27    4.74
 2009   -3.98  -11.24  -15.19   -4.12   14.64
 2010   -4.15  -10.92    2.69   -5.68   -2.68
 2011    3.61   -3.92   -7.48   28.56   -2.72
 2012   -7.05   -0.60   10.49  -12.80  -25.30
 2013   -3.15    7.78    5.14  -27.70    2.18
 2014    0.99   -4.71  -19.59   27.43    0.82
 2015   -9.15   -7.24  -21.03  -20.71   12.38
 2016   -1.64   -5.39   -6.75   28.15  -22.59
 2017    4.29    6.39   -4.80   16.84   -1.25
 2018    1.78    0.01   11.99   18.26  -23.14
 2019   15.19   23.16   20.20    5.75   11.65
 2020   -4.79   -5.30  -21.30    6.32    1.13
 2021    7.37    2.18  -24.47   38.18   13.57
 2022   -3.35  -16.45   14.63    2.63  -14.22
 2023   -6.90  -13.47  -22.40   13.98   -5.72
 2024    8.76    0.21   -2.95   45.67   -7.89
 2025  -10.20   -8.10  -13.07  -22.33    2.71
 2026    2.20   -0.29  -15.05   17.23    6.90
 2027  -10.36    2.58   -6.76  -36.88   -0.36
 2028    8.84    2.27  -11.26   36.63    7.72
 2029   -2.40   -1.35    2.80   -2.59   -8.47
 2030    3.32   -1.25    2.20    1.86   10.48
 2031   -8.90  -18.11  -23.46    5.41    0.54
 2032  -13.29   -6.84  -10.89  -26.37   -9.06
 2033   19.70   -5.88    6.38   62.50   15.79
 2034    6.99    4.48   24.37   12.49  -13.39
 2035    2.03   -5.24   -5.15   23.92   -5.39
 2036   -4.14    7.35    8.66  -19.69  -12.88
 2037   -0.84   12.63    4.91  -14.95   -5.94
 2038    0.25  -13.05   -8.32   40.45  -18.09
 2039   16.58   16.12   10.53   54.94  -15.26
 2040   -4.43   -4.85  -14.78  -11.69   13.58
 2041    8.95   -3.12  -18.51   35.52   21.90
 2042  -18.88   -4.16  -24.30  -26.95  -20.13
 2043   -3.85   16.38  -11.98   -5.49  -14.29
 2044   14.69    1.06   28.98   19.64    9.08
 2045   18.22   -6.45   34.92   41.32    3.09
 2046    8.53   -2.53    8.13   27.18    1.32
 2047   -0.18    3.62    5.44  -23.70   13.91
 2048   41.08   14.33   -5.27  151.29    3.96
 2049   -5.66   -7.57  -30.60   10.79    4.72
 2050    6.24   -0.22   -9.87   18.31   16.72
 2051  -14.46  -17.99  -22.51   -8.08   -9.26
 2052    7.09  -13.55   19.39   23.15   -0.63
 2053    4.79    3.23  -10.08   33.52   -7.48
 2054    1.06    0.70   -0.66    8.83   -4.61
 2055   -1.74   -9.30  -15.34    5.89   11.80
 2056   10.79   10.86   20.97   -3.30   14.64
 2057    3.79   -7.27   20.57   -6.06    7.92
 2058   13.25    6.05   14.12   19.62   13.21
 2059   -3.02  -17.21   -8.24   -0.98   14.35
 2060    0.91   -0.88   -6.07   11.15   -0.57
 2061   11.85  -13.80   -0.47   60.41    1.27
 2062    1.54    6.75  -13.91   27.02  -13.70
 2063   18.84    6.05   10.36   61.19   -2.24
 2064   -2.98   -4.81  -11.63   -2.71    7.25
 2065   -3.55    0.17  -11.58   -8.32    5.54
 2066  -13.97  -21.75  -35.26   -9.90   11.03
 2067   -0.13   18.96  -19.03    8.37   -8.81
 2068   -5.00  -11.05    6.81  -15.89    0.13
 2069    6.60   -1.88  -33.05   35.39   25.95
 2070    0.04   -5.83   28.43  -18.56   -3.88
 2071   11.00   12.21    6.20   24.95    0.63
 2072    2.63    5.74   19.89    8.00  -23.12
 2073    1.97    9.86  -18.37   -1.28   17.68
 2074   -1.11    6.67  -22.72   16.59   -4.98
 2075   -1.41   -4.92  -13.01   10.39    1.92
 2076    0.15   -1.06  -28.48   18.66   11.48
 2077   -7.72   -0.02    5.58  -28.68   -7.78
 2078   -7.45   10.49  -12.20  -31.91    3.83
 2079    5.08  -18.56   -7.57   31.42   15.03
 2080   10.37   21.50    0.79   14.25    4.93
 2081   -1.32    2.33   -6.67   -1.09    0.15
 2082   -0.35  -10.09  -32.92   23.85   17.78
 2083   -1.95  -15.74   -2.21    3.39    6.76
 2084    1.93   -0.22   -1.63   12.11   -2.54
 2085   -4.78   -2.58    3.12   -8.27  -11.39
 2086  -13.32   -1.84  -42.52  -26.37   17.45
 2087    0.15    4.63  -14.34   11.84   -1.52
 2088   -1.95    4.65  -19.18   -9.99   16.71
 2089    6.64  -12.06   -1.63   36.50    3.77
 2090    8.96   -2.97   -1.08   31.35    8.53
 2091    0.95  -10.84   -3.52   16.52    1.62
 2092   -1.16   -1.87   -3.38   -8.69    9.29
 2093    2.81   11.13   -3.48   11.24   -7.65
 2094   10.94   -4.97    7.34   39.16    2.22
 2095    4.81  -20.28   -2.96   51.18   -8.69
 2096   -9.73    0.42  -39.86    6.63   -6.11
 2097    4.28    3.84  -18.47   48.80  -17.03
 2098  -10.64  -16.70  -29.96    4.70   -0.60
 2099    1.94  -15.12  -16.95   35.46    4.37
 2100   -6.47  -15.48  -34.69   13.56   10.74
Projections under SRES B1 scenario
 2000     NaN     NaN     NaN     NaN     NaN
 2001   13.73    9.46   -8.83   56.05   -1.75
 2002   -5.28  -13.58  -27.38   24.86   -5.02
 2003    5.26   -0.39  -30.82   50.92    1.32
 2004    3.99  -16.29    9.92   15.29    7.03
 2005   -9.57  -14.21    5.28  -23.29   -6.04
 2006    6.49   21.81   17.21   -3.89   -9.18
 2007   -0.89   -0.95    4.30   -4.92   -2.00
 2008   -3.36    2.32  -19.41    5.20   -1.56
 2009   -1.55   -2.79    0.17  -10.73    7.17
 2010   -0.68   -8.92   -1.73   -2.08   10.00
 2011   24.74   19.27   -7.37   74.97   12.09
 2012   -4.67  -23.61    0.36   11.86   -7.29
 2013  -16.15    1.29  -30.67  -32.28   -2.93
 2014    7.02   -1.72   12.85   25.16   -8.22
 2015   10.70   -3.66   28.97   31.20  -13.69
 2016   -2.88    1.71    8.50  -28.00    6.26
 2017    0.94   10.67  -29.91   20.68    2.32
 2018    3.36    9.13    3.15  -14.19   15.34
 2019    4.83   -1.71  -21.02   36.76    5.28
 2020    6.34    2.66   -6.52   13.77   15.44
 2021    5.63    5.65   -6.40   16.54    6.73
 2022   -4.55   -0.62   -4.65  -13.21    0.29
 2023   16.69  -10.39   24.25   30.78   22.09
 2024    1.18  -14.30   15.81   13.03   -9.85
 2025  -12.81    4.97  -26.84  -14.67  -14.69
 2026  -11.59   -7.25  -16.46  -18.14   -4.50
 2027   -9.50   -5.38    3.02  -24.36  -11.30
 2028    3.38   -9.39    4.04    0.25   18.63
 2029  -12.50    3.96  -33.56  -29.26    8.86
 2030   -3.08    3.38  -15.48    2.68   -2.91
 2031    3.27    1.75    4.34  -23.42   30.42
 2032    2.99  -12.31   -6.83   18.39   12.69
 2033   13.09   -6.97   28.42   39.68   -8.77
 2034   -0.61  -17.41   21.44   -3.39   -3.09
 2035    3.72  -11.77    2.06   27.41   -2.80
 2036   12.64    4.51   -1.41   33.26   14.21
 2037   -4.59    5.56   -6.69  -19.88    2.64
 2038    4.39    5.75   16.07   -4.31    0.03
 2039   -8.48   -9.27  -31.50    6.72    0.14
 2040   13.77    4.65   14.73   37.73   -2.01
 2041   15.05   -5.44   27.02   31.80    6.82
 2042   -4.82    8.08   18.28  -29.12  -16.51
 2043   -6.34   -0.39    2.29  -18.22   -9.04
 2044   -0.43   -1.12  -20.71   -9.24   29.35
 2045    2.54    0.08   15.29   -5.14   -0.09
 2046   -2.95    5.22   -3.37  -19.89    6.24
 2047   11.85   -2.23    9.24   48.54   -8.16
 2048   -3.46   -6.28  -27.26   12.21    7.50
 2049   -6.19   -1.86  -10.48    1.38  -13.78
 2050    5.02    2.96  -20.80   44.70   -6.80
 2051   -5.91    1.50   -5.69   -8.28  -11.16
 2052   10.19   13.11   11.78   -4.42   20.27
 2053    1.40    4.28  -10.83    4.64    7.53
 2054    2.51  -13.90  -24.28   41.07    7.14
 2055   -8.63   -1.28  -24.31   -7.04   -1.87
 2056  -10.73   -4.80   -8.78  -25.92   -3.41
 2057    2.22  -12.85   -7.51   30.35   -1.11
 2058    3.92  -18.78  -20.80   40.42   14.85
 2059    0.84    1.17   -9.54   -8.78   20.53
 2060   -6.76   -3.74  -22.39   -3.04    2.11
 2061   -6.55    8.51  -12.39  -23.86    1.52
 2062    0.04   -8.64   -4.46   13.84   -0.57
 2063  -11.68  -14.88  -16.63   -4.08  -11.14
 2064  -11.04   -5.19  -21.47  -19.34    1.84
 2065   16.09    9.62   19.31   40.79   -5.39
 2066    8.58    7.04    7.16   18.22    1.89
 2067   -3.99  -15.15  -25.01   22.63    1.58
 2068    2.10  -12.00   27.01   -2.42   -4.18
 2069  -10.86   -8.65  -34.65    2.67   -2.82
 2070   -1.28  -15.77   -4.49   17.21   -2.05
 2071    3.49   11.33   22.10  -11.93   -7.53
 2072    9.59    7.04   35.20   -8.87    4.98
 2073    0.73    1.31   12.48   -1.30   -9.59
 2074   -9.97    3.31  -20.50   -8.29  -14.39
 2075   -0.77   -3.98   21.45   -9.58  -10.94
 2076    3.97   -0.51   28.39    4.80  -16.78
 2077    3.00    5.82    9.29    6.24   -9.34
 2078    4.39  -12.37  -15.33   11.51   33.76
 2079    6.63  -16.85    3.15   41.86   -1.61
 2080    4.71   -1.47  -22.25   34.57    7.99
 2081    2.95    2.18  -11.33   10.32   10.63
 2082   -5.91   -6.83  -25.61   -3.01   11.80
 2083   20.34   -0.72   52.27   44.36  -14.54
 2084   -6.99   -6.65   -2.54  -17.61   -1.16
 2085   -4.77    9.10    1.10  -27.67   -1.61
 2086   -4.81  -13.33    7.55   -9.61   -3.86
 2087   -0.48    8.12   -4.74   -8.63    3.32
 2088   -7.73  -18.04  -24.16    9.54    1.73
 2089   -8.19   -3.72  -17.58    1.44  -12.91
 2090  -12.74   -4.28  -29.02   -9.62   -8.05
 2091   -6.63    7.06  -24.28    1.33  -10.61
 2092   -0.60    2.04  -10.79  -10.54   16.90
 2093   -3.73   -3.58  -10.04  -10.66    9.36
 2094    1.02    4.45    6.06   -9.52    3.09
 2095   -6.29   -4.33  -25.58   -2.80    7.54
 2096    0.03   -5.15  -15.55   -0.91   21.73
 2097    6.38   -3.38  -18.87   39.67    8.10
 2098    5.03    5.71   23.99   -4.53   -5.06
 2099   -4.18    2.31  -19.96   14.58  -13.66
 2100    8.71   -6.09    8.86   31.33    0.74
