Mean monthly rainfall - Model Simulations
NaN indicates insufficient data is available
Refer to Accompanying Documentation
GRIDBOX LONGITUDES
           5
   13.75   16.25   18.75   21.25   23.75
GRIDBOX LATITUDES
           8
   23.75   21.25   18.75   16.25   13.75   11.25    8.75    6.25
MODEL CLIMATOLOGY 1970-1999 (mm)
    0.24    0.15    0.07    0.03    0.03
    0.14    0.10    0.07    0.04    0.02
    0.16    0.17    0.20    0.16    0.07
    0.94    1.21    1.24    0.81    0.39
    8.04   10.44   12.14   10.98    8.73
   43.12   49.65   58.11   60.24   58.05
  109.12  110.49  127.65  135.31  127.50
  166.44  151.01  158.01  160.51  148.13
Mean Anomalies over 10-year time slices (%)
2000 2009
  -49.04  -71.01  -79.23  -46.17  -12.79
  -60.47  -83.98  -94.76  -89.38   80.85
  -24.28  -68.66  -81.24  -84.21  -28.70
  -29.80  -38.95  -34.73  -20.42   10.80
   -4.44   -7.09    6.84   15.38   21.50
    5.24    8.50   18.86   20.89   20.85
    8.89   12.38   13.10   11.89   14.29
   10.15   11.20    5.77    4.21    8.67
2010 2019
  -43.49    2.71   76.23  358.87  552.56
  -39.85  -36.66   -7.30  239.11  629.24
  -73.13  -69.80  -63.13   -0.82  246.94
  -36.29  -35.27  -23.44   39.33  186.43
   21.58   27.91   24.11   31.29   48.35
   12.78   16.98   26.60   28.64   27.07
    8.67   10.64   15.76   13.94   12.67
    7.17    8.68    6.21    1.62    2.13
2020 2029
  -79.69  -73.85    2.07  298.76  353.41
  -90.54  -82.96  -17.62   48.59   68.04
  -65.79  -56.94  -43.14  -37.73  -21.67
  -36.88  -37.43  -28.28   -3.24   55.99
   -7.78   -1.46    7.49    9.96   14.11
    9.00    8.89   14.64   19.31   21.37
    8.58    8.81    9.43    8.77   10.60
    4.96    5.03    2.63   -1.94   -1.09
2030 2039
  -72.87  -85.30  -89.37  -73.00  -63.58
  -57.28  -52.79  -74.16  -88.09  -80.31
  -83.42  -89.13  -91.07  -93.72  -92.94
  -74.60  -79.73  -64.85  -58.81  -61.86
  -19.88   -9.74   -9.71  -15.48  -21.14
   -2.06    6.04   11.90   10.58    7.68
    0.85    3.78    7.75    7.64    8.41
    2.19    1.12    1.65    2.29    5.22
2040 2049
  -77.94  -51.12  -13.50   -0.26  -49.58
  -72.92  -67.23  -66.66  -35.96   33.14
  -76.77  -79.79  -72.46  -52.39   11.19
  -43.18  -47.84  -50.40  -47.67  -33.10
  -12.59   -3.06   -7.32   -4.35   13.06
    0.79    4.30   10.40   11.53   12.69
   -0.02    0.68    4.44    5.72    6.77
   -1.21   -1.59   -2.11   -0.86    1.54
2050 2059
  -68.97  -64.40  -65.58  -60.88   15.06
  -82.96  -79.63  -82.02  -69.59    7.80
  -66.99  -76.25  -72.96  -42.49    7.96
  -52.65  -55.61  -49.80  -37.34  -23.96
  -17.67  -13.29  -18.36  -28.34  -30.65
    1.74    5.37   10.66    8.65    5.90
    5.02   10.18   14.29   11.91    8.62
    7.15   10.11   10.24    7.48    5.48
2060 2069
  -30.03  -59.06  -21.70  163.08  218.53
  -56.25  -68.02  -36.79   33.07   98.31
  -74.91  -88.42  -92.04  -89.09  -74.71
  -84.40  -89.69  -86.45  -76.52  -50.88
  -40.20  -43.37  -47.53  -38.12  -18.25
    1.88    3.29    5.38    4.89    4.63
    4.36   11.86   16.41   12.87    9.64
    3.60    8.70   11.76    9.46    9.21
2070 2079
  -38.34  -25.98  -34.53  -49.41  -53.38
  -22.92  -49.38  -74.33  -71.01   14.88
  -58.77  -70.34  -64.13  -45.92  -13.97
  -24.87  -37.77  -45.19  -30.72   -8.02
  -36.18  -33.47  -34.41  -39.42  -38.52
  -18.22  -11.02   -2.22   -3.92   -9.64
   -3.90    1.04    5.79    4.06    2.32
    5.90    6.53    5.26    4.40    8.45
2080 2089
  -16.91   -8.04  -29.69  -30.17  -25.03
   31.95   16.31  -44.24  -65.38  -48.66
  -54.15  -26.46  -52.53  -51.97  -20.18
  -73.02  -51.36  -40.63  -32.33  -14.78
  -36.41  -28.51  -30.81  -34.32  -30.89
   -3.81    1.26    5.82    4.68    3.89
    8.03   12.35   11.75    6.68    5.54
   10.90   12.76    8.99    2.80    1.77
2090 2099
  -64.40  -78.86  -78.25  -73.29  -89.36
  -79.79  -93.48  -97.79  -98.20  -99.79
  -80.67  -81.97  -81.16  -86.08  -92.68
  -30.93  -43.09  -45.84  -44.90  -41.32
  -35.83  -38.00  -18.74   -6.72   -5.85
  -12.85   -5.81    6.53    7.96    4.74
    3.02    6.59    9.07    6.81    5.19
    8.77    7.41    4.91    3.55    3.85
