Mean monthly rainfall - Model Simulations
NaN indicates insufficient data is available
Refer to Accompanying Documentation
GRIDBOX LONGITUDES
           5
   13.75   16.25   18.75   21.25   23.75
GRIDBOX LATITUDES
           8
   23.75   21.25   18.75   16.25   13.75   11.25    8.75    6.25
MODEL CLIMATOLOGY 1970-1999 (mm)
    0.82    0.78    0.81    0.72    0.64
    0.48    0.64    0.83    0.54    0.39
    0.50    0.79    1.00    0.81    0.57
    1.40    1.54    1.53    1.73    1.53
    4.75    5.14    5.92    6.64    6.24
   12.82   15.27   17.96   18.98   18.14
   31.42   33.82   35.13   39.81   38.84
   53.24   55.35   59.78   63.09   62.84
Mean Anomalies over 10-year time slices (%)
2000 2009
  -56.19  -52.32  -52.75  -46.45  -38.89
  -62.65  -59.62  -58.68  -64.43  -70.23
  -68.10  -74.16  -74.38  -74.85  -75.29
  -40.27  -43.53  -42.53  -40.10  -45.15
  -29.94  -21.09   -7.78  -19.14  -28.68
  -11.57   -5.61    2.57    0.40   -7.58
   -0.29    2.41    3.91    0.38   -2.51
    4.28    5.91    4.31    2.50    2.98
2010 2019
   68.65  101.90   89.21   51.90   28.54
  137.39  135.84  112.23   81.83   36.75
   63.42   64.37   90.25   67.61   39.66
   25.06   36.22   81.49   46.47   34.24
   16.35   15.79   18.51    7.30    7.06
    8.37    7.05    6.04    7.82   12.54
   11.31   12.40   12.21   15.80   18.92
   11.16   12.99   14.84   16.18   17.99
2020 2029
   -6.00  -17.95  -28.36  -31.50  -35.02
  -27.87  -48.56  -60.82  -64.68  -70.52
  -52.25  -61.87  -64.03  -76.46  -86.48
  -50.58  -46.32  -28.91  -60.19  -77.49
  -17.95  -22.77  -23.15  -32.32  -39.19
    0.29   -6.05  -11.61  -10.07   -9.77
    2.55    0.03   -2.71   -0.20    1.51
    5.94    6.22    6.06    7.02    9.37
2030 2039
  -77.14  -80.88  -83.89  -87.77  -88.17
  -80.34  -80.79  -75.43  -77.23  -83.12
  -64.85  -63.64  -60.85  -75.12  -88.22
  -11.11  -12.72  -36.99  -68.86  -80.74
  -13.58  -20.11  -32.51  -49.28  -55.61
  -16.18  -15.93  -19.47  -24.51  -25.06
  -12.10  -13.02  -15.27  -13.63  -11.25
   -6.65   -6.52   -5.94   -2.47   -0.04
2040 2049
   -9.25  -15.23  -22.08  -19.48  -15.33
  -20.44  -42.33  -49.75  -44.22   -4.32
  -39.79  -39.21  -16.78    3.06   44.07
   54.49   91.43  153.22  105.73   92.40
   70.58   94.64  117.72   99.44   94.01
   59.66   68.01   75.31   77.39   81.87
   53.20   52.77   51.42   50.70   53.63
   41.48   38.57   36.34   34.77   35.53
2050 2059
  -21.42  -12.59  -18.51  -30.51  -34.31
  -30.42  -32.07  -41.33  -47.90  -49.20
  -43.14  -56.23  -68.83  -73.05  -70.71
  -43.80  -61.65  -71.32  -72.61  -65.07
   11.89   -7.58  -22.69  -33.66  -30.58
   32.03   18.22    9.73    0.15   -2.46
   21.30   18.34   15.83   12.07   10.30
   14.35   14.52   13.75   13.15   12.12
2060 2069
  -32.96  -25.66  -40.38  -46.66  -45.11
   -0.40   -8.16  -35.71  -36.10  -12.07
  -38.21  -42.03  -42.02  -31.69   -6.25
  -42.25  -44.15  -44.66  -34.75  -24.13
  -42.72  -45.53  -43.62  -33.54  -27.02
  -26.69  -19.50  -13.46  -12.06  -10.64
    5.35   12.77   14.09   15.66   15.04
   19.13   28.63   34.18   33.94   32.49
2070 2079
   11.08    4.45   -0.29   45.66  100.50
  -14.62   10.24   48.83  107.52  152.54
    3.39   83.50  159.18  136.64  104.50
    0.17   74.68  163.04   92.74   70.46
  -15.24   -0.46   12.54   12.46   19.98
  -13.87   -7.68   -4.69    2.78   11.14
    2.27    5.00    4.12   13.78   21.78
   10.76   16.07   23.02   28.82   33.99
2080 2089
  -60.40  -51.85  -47.57  -44.92  -34.41
  -48.31   -2.56   28.09   15.46   14.74
  -26.04   -7.35    6.05  -13.64   -5.92
  -49.99  -50.68  -44.63  -16.73    8.62
  -51.05  -42.57  -28.20   -9.48    1.16
  -42.10  -30.79  -18.21   -9.22   -5.21
  -12.35   -9.77   -5.16    6.83   11.96
    5.78    8.27   11.34   16.38   19.42
2090 2099
  -52.18  -53.59  -63.11  -58.95  -54.43
  -19.70  -43.48  -55.79  -49.51  -26.44
  -21.33  -37.14  -40.62  -48.35  -32.34
   -9.26   -8.02   -0.89   -9.31   -6.66
   -9.22   -3.61    8.80    4.89    0.58
   -4.00   -0.74    6.80    6.60    5.07
   10.39   11.90   14.38   20.01   21.24
   13.52   17.90   22.74   27.69   29.63
