Mean monthly rainfall - Model Simulations
NaN indicates insufficient data is available
Refer to Accompanying Documentation
GRIDBOX LONGITUDES
           4
   -1.25    1.25    3.75    6.25
GRIDBOX LATITUDES
           5
   13.75   11.25    8.75    6.25    3.75
MODEL CLIMATOLOGY 1970-1999 (mm)
  138.90  124.06  103.93   79.44
  176.79  153.94  135.52  121.71
  196.65  174.95  170.49  180.99
  194.51  192.25  217.14  273.81
  127.93  135.26  163.53  224.06
Mean Anomalies over 10-year time slices (mm)
2000 2009
   14.99   17.54   17.35   16.68
   10.09   10.70   10.66   11.94
   -1.14   -0.73    0.43    2.57
  -18.21  -15.79  -18.35  -17.59
  -21.42  -20.60  -23.57  -25.72
2010 2019
   18.08   18.29   16.56   15.53
   15.40   12.10    9.69    7.82
   12.88    7.40    3.74   -2.07
    2.29    0.09   -5.46  -14.62
   -6.32   -7.10   -9.95  -15.02
2020 2029
   14.11   13.39   13.56   17.44
   13.33   12.88   11.84   14.02
    9.62    9.06    4.90    3.25
    0.99   -0.20   -9.37  -14.70
   -1.96   -2.59   -9.04  -15.14
2030 2039
   45.27   40.80   30.50   24.08
   41.85   36.69   28.24   23.53
   26.01   22.44   16.74   14.29
  -12.79  -10.09  -14.09  -16.09
  -23.08  -22.03  -25.41  -30.02
2040 2049
   24.85   22.00   16.52   12.17
   30.78   22.46   12.68    8.57
   26.47   18.01    8.24    4.68
  -10.73   -6.88   -6.98   -9.87
  -22.25  -18.40  -17.13  -20.36
2050 2059
   49.46   49.55   40.66   32.25
   49.91   45.31   36.53   34.32
   36.23   30.99   27.14   31.15
   -8.80   -5.79   -3.64    3.94
  -19.31  -17.93  -16.84  -12.12
2060 2069
   50.28   53.77   47.44   34.18
   49.03   47.47   39.40   31.92
   29.85   25.45   18.89   20.96
  -24.27  -23.38  -24.45  -13.78
  -33.36  -32.94  -33.07  -26.14
2070 2079
   25.29   29.36   28.63   23.61
   33.18   31.55   25.40   22.24
   25.12   19.88   12.00   14.41
  -18.14  -15.88  -16.75   -7.12
  -28.75  -27.97  -28.71  -23.96
2080 2089
   42.33   45.93   40.26   33.05
   50.66   49.02   37.78   30.85
   38.29   35.67   25.15   21.72
  -12.35   -6.08   -7.64   -1.51
  -22.43  -18.69  -18.65  -14.30
2090 2099
   58.14   59.61   53.49   44.81
   66.48   63.19   50.68   43.62
   51.55   47.81   35.50   34.97
  -12.13   -7.56   -8.69    2.87
  -27.41  -25.10  -24.22  -16.54
