Mean monthly rainfall - Model Simulations
NaN indicates insufficient data is available
Refer to Accompanying Documentation
GRIDBOX LONGITUDES
           4
   -1.25    1.25    3.75    6.25
GRIDBOX LATITUDES
           5
   13.75   11.25    8.75    6.25    3.75
MODEL CLIMATOLOGY 1970-1999 (mm)
   29.55   28.45   27.99   27.65
   50.96   50.02   52.10   51.96
   88.19   89.43   99.84   98.77
  111.73  120.31  145.19  146.28
  114.88  130.26  166.33  172.37
Mean Anomalies over 10-year time slices (mm)
2000 2009
    0.04    0.08   -0.08   -0.22
   -1.24   -0.84   -0.36   -0.09
   -2.45   -1.65   -0.76   -0.02
   -2.02   -2.27   -1.62   -0.86
   -0.87   -2.37   -2.26   -1.79
2010 2019
    0.72    1.01    1.28    1.31
   -0.42    0.02    1.01    1.48
   -1.46   -0.55    1.72    2.73
    3.14    1.23   -0.19   -0.76
    7.99    2.99   -2.71   -5.19
2020 2029
   -0.27    0.55    1.33    1.62
   -3.87   -3.11   -2.01   -1.18
   -8.62   -7.79   -6.66   -5.07
   -1.41   -3.16   -5.37   -6.20
    7.91    3.62   -1.84   -5.56
2030 2039
    0.66    1.10    1.45    1.51
   -2.15   -1.49   -0.45    0.25
   -6.04   -5.02   -3.19   -1.55
   -0.64   -1.73   -1.86   -1.67
    7.04    3.67    1.13   -0.76
2040 2049
    0.69    1.24    1.29    1.42
   -1.72   -0.87   -0.12    0.50
   -6.62   -5.32   -3.70   -2.32
   -1.96   -3.51   -4.17   -4.97
    4.79    0.13   -3.12   -6.51
2050 2059
   -1.37   -0.76   -0.30    0.12
   -3.79   -2.86   -2.17   -1.43
   -8.05   -5.93   -4.37   -3.12
    2.55    1.46   -1.29   -3.56
   15.21   10.22    2.87   -3.08
2060 2069
    1.59    2.54    2.88    2.60
   -1.39   -0.01    1.20    1.63
   -7.07   -5.70   -3.97   -2.25
    9.87    7.83    4.48    1.07
   29.97   24.22   15.48    6.37
2070 2079
    1.99    2.65    2.84    2.79
   -0.21    0.81    1.77    2.33
   -4.34   -2.97   -0.25    1.29
    9.01    6.96    5.71    3.39
   23.66   18.20   12.47    5.97
2080 2089
    1.61    2.49    2.99    3.26
    0.19    1.32    2.04    2.68
   -2.98   -1.26   -0.21    0.54
    8.16    6.19    2.56   -0.89
   20.96   15.00    6.69   -1.10
2090 2099
   -2.32   -1.24   -0.31    0.90
   -5.08   -3.77   -3.02   -1.59
   -9.96   -8.29   -8.19   -6.58
    6.88    5.27    0.68   -3.35
   26.65   21.39   12.71    2.93
