Maximum 5-day rainfall - Model Simulations
NaN indicates insufficient data is available
Refer to Accompanying Documentation
GRIDBOX LONGITUDES
           7
  -11.25   -8.75   -6.25   -3.75   -1.25    1.25    3.75
GRIDBOX LATITUDES
           7
   26.25   23.75   21.25   18.75   16.25   13.75   11.25
Timeseries in anomalies relative to 1970-1999 mean (mm)
2060s
    5.87    4.94   -0.68   -2.21   -5.21  -12.66  -12.87
    2.49   -0.75   -7.27  -11.67  -12.82  -13.80   -8.83
   13.88    6.94   -3.91   -9.79   -9.44   -6.62   -3.23
   17.65   17.29    4.53   -1.32    0.85    8.89    3.35
    9.00    4.91    1.41    2.04    8.06   26.48   15.50
    2.36   -7.04    3.68    7.02    6.92   14.36   14.30
   18.61    6.30   -1.34   -0.04   -2.52    1.04    8.07
2090s
    1.13    4.41    5.94    2.08   -1.98   -1.86    1.94
   -0.82   -2.42   -4.62   -4.19   -1.14   -0.88   -2.72
   -2.60   -2.59   -2.37   -3.30   -1.66   -7.79  -13.20
    3.30    0.25   -1.50   -3.02   -7.60  -16.58  -19.76
    2.58    1.43    3.53   -0.03  -10.75  -20.12  -22.47
   15.42    2.60    3.48    0.97   -3.92  -12.04  -11.29
   48.37   30.40    8.30    3.07   -3.21   -6.04   -0.36
