Maximum 5-day rainfall - Model Simulations
NaN indicates insufficient data is available
Refer to Accompanying Documentation
GRIDBOX LONGITUDES
           7
  -11.25   -8.75   -6.25   -3.75   -1.25    1.25    3.75
GRIDBOX LATITUDES
           7
   26.25   23.75   21.25   18.75   16.25   13.75   11.25
Timeseries in anomalies relative to 1970-1999 mean (mm)
2060s
   -1.24    3.62    7.69    9.73    8.32    6.20    4.09
    1.53    7.40   11.26   12.02    8.58    5.59    4.01
    5.44    8.42    9.82    9.23    5.14    3.83    5.72
    8.36    9.53    9.47    8.87    8.60    8.72    8.84
    9.29    9.29    8.53    8.75   13.12   13.80   10.02
    6.08    4.44    3.42    4.58    8.77    8.23    3.30
    7.18    5.13    3.60    3.07    4.23    4.13    2.72
2090s
    6.61    3.77    2.43    3.18    0.89   -0.34   -0.16
    7.08    2.40   -0.21    0.20   -1.73   -1.91   -0.17
    5.31    2.64    1.18    1.43    0.03   -2.13   -4.16
    4.15    3.55    3.73    5.00    3.48    0.58   -2.73
    4.52    4.84    5.88    8.03    6.53    4.24    1.71
    8.26    6.45    5.46    6.19    6.22    6.21    5.91
   11.29    9.06    8.27    9.23    9.51   12.21   16.71
