Maximum 1-day rainfall - Model Simulations
NaN indicates insufficient data is available
Refer to Accompanying Documentation
GRIDBOX LONGITUDES
           7
  -11.25   -8.75   -6.25   -3.75   -1.25    1.25    3.75
GRIDBOX LATITUDES
           7
   26.25   23.75   21.25   18.75   16.25   13.75   11.25
Timeseries in anomalies relative to 1970-1999 mean (mm)
2060s
    0.35   -0.91    0.86    3.44    5.46    5.35    5.33
    0.26    0.61    5.59    7.98    6.86    7.53    7.52
    2.32    4.75   11.14    9.60    5.92    5.43    5.66
    3.25    4.93    9.43    7.82    5.52    4.99    3.24
    2.64    3.17    4.83    6.26    7.09    5.89    5.53
    1.14    1.20    1.19    3.99    4.09    3.05    4.21
    0.22   -0.84    1.11    5.05    4.24    2.80    1.87
2090s
    3.81   -0.73   -2.66   -1.14    0.20    0.59    0.48
   -0.14   -2.59   -1.72   -0.62   -0.61    1.37    2.93
   -2.10   -2.79   -1.57   -1.23   -0.70    2.28    2.33
   -1.27   -2.86   -2.21   -0.84    1.46    3.53    0.73
   -0.59   -1.52   -0.75    0.12    1.49    1.30    1.50
    0.14   -0.85   -1.20   -0.12    0.20    0.29    1.88
    4.33   -0.36   -1.01   -0.35   -1.05   -1.33   -0.37
