Maximum 1-day rainfall - Model Simulations
NaN indicates insufficient data is available
Refer to Accompanying Documentation
GRIDBOX LONGITUDES
           7
  -11.25   -8.75   -6.25   -3.75   -1.25    1.25    3.75
GRIDBOX LATITUDES
           7
   26.25   23.75   21.25   18.75   16.25   13.75   11.25
Timeseries in anomalies relative to 1970-1999 mean (mm)
2060s
   -0.67    0.26   -1.47   -3.42   -1.92   -0.30    0.69
    0.85    2.71    0.31   -3.50   -2.61    0.62    1.29
    1.03    1.66    0.70   -1.65   -2.85    0.43    1.56
    3.37    1.44   -2.02   -4.50   -5.82   -2.08    2.46
    3.94    3.31    0.64    0.63   -1.29   -0.24    4.55
    3.71    4.39    4.39   12.48   10.03    9.78    7.72
    6.01    9.36   10.28   15.31   14.34   15.78   10.79
2090s
    0.96    0.38    0.47   -0.61   -1.37   -1.97   -0.18
    0.59    1.13    0.18   -1.51   -2.44   -0.90    0.49
    3.31    0.99   -1.18   -0.11   -0.55    1.04    0.52
    8.41    3.02   -0.42   -0.07   -0.87    0.31    0.37
   12.06    8.33    4.50    5.65    5.43    8.20    7.12
    7.91   12.93    9.77   14.98   17.95   21.57   23.64
   18.81   20.22   18.36   18.67   23.27   31.43   33.39
