Maximum 1-day rainfall - Model Simulations
NaN indicates insufficient data is available
Refer to Accompanying Documentation
GRIDBOX LONGITUDES
           7
  -11.25   -8.75   -6.25   -3.75   -1.25    1.25    3.75
GRIDBOX LATITUDES
           7
   26.25   23.75   21.25   18.75   16.25   13.75   11.25
Timeseries in anomalies relative to 1970-1999 mean (mm)
2060s
    0.00   -0.03   -0.08   -0.08   -0.05   -0.05   -0.08
    0.10    0.06    0.19    0.07   -0.05   -0.02    0.06
    1.02    1.63    2.01    1.02    0.32    0.52    0.89
    2.61    3.09    3.20    2.58    2.86    3.24    3.15
    0.15    1.55    2.06    2.07    1.71    1.41    1.34
   -0.56   -0.00   -0.12    0.11    0.27    0.42    0.49
    1.00    0.25   -0.56   -0.99   -0.72   -0.26   -0.26
2090s
   -0.12   -0.11   -0.09   -0.07   -0.05   -0.06   -0.10
    0.02   -0.12   -0.08   -0.09   -0.01    0.07    0.04
    1.46    0.98    0.24    0.02    0.71    1.20    0.83
    1.49    1.65    1.01    1.17    1.72    1.81    1.48
   -0.40    0.35    0.69    0.78    0.81    0.31   -0.51
   -1.17   -0.05    0.12   -0.15   -0.51   -1.06   -1.78
    1.29    0.66   -0.58   -1.19   -1.18   -1.06   -1.35
