Percentage of total rainfall ocurring in 'heavy' rainfall events - Model Simulations
NaN indicates insufficient data is available
Refer to Accompanying Documentation
GRIDBOX LONGITUDES
           7
  -11.25   -8.75   -6.25   -3.75   -1.25    1.25    3.75
GRIDBOX LATITUDES
           7
   26.25   23.75   21.25   18.75   16.25   13.75   11.25
Timeseries in anomalies relative to 1970-1999 mean (% of total rainfall)
2060s
   -6.86  -10.64  -10.72   -7.18   -8.28   -8.58   -7.71
   -5.90  -14.57  -16.05  -10.02  -11.28  -13.43  -14.46
  -18.56  -14.64  -12.61  -13.09   -8.96   -9.13  -12.43
  -21.63  -13.10   -8.01   -7.67   -3.84   -3.51   -5.63
  -17.53  -11.14   -5.02   -0.61    0.33    0.24    0.44
   -9.57   -9.98   -7.58   -2.79   -2.33   -2.67   -2.50
   -5.97   -7.22   -6.65   -4.39   -4.44   -5.04   -5.33
2090s
    4.25   -2.53   -5.69   -3.41   -3.72   -4.67   -5.28
   -2.23   -7.99  -10.84   -9.24   -9.54   -9.02   -7.07
  -13.62  -11.12  -10.75  -11.50   -7.62   -4.47   -3.66
  -18.64  -12.98   -9.37   -7.85   -3.20   -0.58   -0.93
  -17.97  -12.38   -6.95   -2.70    0.40    0.99   -0.22
  -11.25   -6.07   -2.92   -2.46   -1.64   -2.20   -3.76
   -6.20   -3.66   -2.96   -4.39   -4.74   -5.40   -6.44
