Mean monthly rainfall - Model Simulations
NaN indicates insufficient data is available
Refer to Accompanying Documentation
GRIDBOX LONGITUDES
           4
  -16.25  -13.75  -11.25   -8.75
GRIDBOX LATITUDES
           4
   13.75   11.25    8.75    6.25
MODEL CLIMATOLOGY 1970-1999 (mm)
   14.53   33.96   43.11   36.00
   42.96   69.71   83.40   78.88
   78.36   97.20  108.98  109.19
   98.42  110.06  114.51  108.78
Mean Anomalies over 10-year time slices (mm)
2000 2009
    1.83    1.92    2.06    1.79
    2.66    2.33    2.79    1.19
    2.62    2.64    2.43    1.14
    2.62    1.61    0.51    1.78
2010 2019
    0.66    1.14    2.95    2.09
   -0.06    0.03    1.97    2.19
   -0.61   -1.52   -0.56    0.78
    1.31   -0.85   -0.71   -0.52
2020 2029
    0.49    1.25    2.31    2.48
    1.74    1.73    1.72    3.75
    5.57    3.90    1.71    5.45
    7.57    4.61    2.28    4.57
2030 2039
    1.46    0.68    0.94    1.15
    1.95    0.59    0.17    0.85
    1.21   -0.07   -1.04    0.38
    0.39   -2.42   -2.44    0.18
2040 2049
   -2.07   -2.92   -1.79   -0.62
   -4.21   -4.86   -2.46   -0.65
   -1.66   -2.85   -2.06   -0.60
    5.78    2.99    1.60    1.34
2050 2059
   -0.31   -0.28    0.83    1.05
   -0.63   -0.67   -0.21   -0.02
   -2.16   -3.09   -4.39   -1.53
   -3.44   -5.73   -6.65   -1.65
2060 2069
    0.43   -0.81    0.22    0.63
   -1.45   -3.25   -2.01   -1.14
   -5.07   -4.91   -5.55   -3.02
   -5.67   -5.42   -6.56   -2.88
2070 2079
   -2.60   -6.28   -4.28   -1.64
   -6.60   -8.74   -6.57   -4.69
   -9.71   -8.62   -7.65   -6.67
   -7.31   -8.89   -7.75   -4.06
2080 2089
   -1.85   -3.09   -0.62    0.85
   -3.48   -5.39   -4.39   -3.03
   -3.96   -5.73   -7.90   -7.13
   -1.55   -3.05   -3.59   -2.83
2090 2099
   -0.14   -3.24   -2.48   -0.52
   -2.33   -6.57   -7.17   -4.39
   -3.93   -5.32   -6.85   -5.44
   -2.52   -1.89   -1.53   -1.44
