Mean monthly rainfall - Model Simulations
NaN indicates insufficient data is available
Refer to Accompanying Documentation
GRIDBOX LONGITUDES
           4
  -16.25  -13.75  -11.25   -8.75
GRIDBOX LATITUDES
           4
   13.75   11.25    8.75    6.25
MODEL CLIMATOLOGY 1970-1999 (mm)
    1.32    1.53    1.54    1.17
    1.06    1.03    1.26    1.68
    2.27    5.01    9.86   12.95
   19.19   32.13   44.08   46.19
Mean Anomalies over 10-year time slices (mm)
2000 2009
   -0.90   -1.26   -1.35   -0.87
   -0.65   -0.61   -0.51   -0.50
   -0.10    0.47    0.01   -1.18
   -1.91   -1.36   -3.20   -3.97
2010 2019
   -0.72   -0.90   -0.65   -0.35
   -0.58   -0.43   -0.04    0.17
    0.04    1.27    2.66    1.58
    2.67    5.41    6.84    2.41
2020 2029
   -0.91   -1.10   -0.95   -0.62
   -0.61   -0.53   -0.25    0.41
    0.19    1.09    1.21    2.72
    0.17   -0.48   -1.62   -0.69
2030 2039
   -0.80   -1.30   -1.27   -0.66
   -0.88   -0.80   -0.86   -0.65
   -0.10   -0.23   -0.74   -0.34
    0.56   -1.97   -2.42   -1.03
2040 2049
   -0.50   -1.18   -1.38   -1.01
   -0.69   -0.91   -0.93   -0.56
   -0.55    0.54    0.54    0.09
    0.74    3.89    3.41    0.40
2050 2059
   -0.58   -0.88   -1.07   -0.36
   -0.61   -0.52   -0.57    0.54
   -0.22    0.39    1.84    4.87
   -1.61   -2.48   -0.65    1.90
2060 2069
   -1.10   -1.09   -1.05   -1.00
   -0.92   -0.85   -0.89   -0.94
   -0.42   -0.05   -0.35    0.26
    3.42    7.20    6.60    6.80
2070 2079
   -0.32   -0.69   -0.57   -0.50
   -0.67   -0.77   -0.43    0.27
   -0.05    2.08    4.80    5.23
   -0.34    5.23    9.52    9.19
2080 2089
   -0.19   -0.94   -1.31   -1.06
   -0.57   -0.80   -0.55   -0.35
    0.48    2.89    5.27    5.71
    4.11    7.48   11.54   10.06
2090 2099
   -1.01   -1.37   -1.22   -0.70
   -0.79   -0.76   -0.66   -0.53
    0.50    2.00    1.41    0.02
    1.16    5.45    5.74    4.31
