Mean monthly rainfall - Model Simulations
NaN indicates insufficient data is available
Refer to Accompanying Documentation
GRIDBOX LONGITUDES
           4
  -16.25  -13.75  -11.25   -8.75
GRIDBOX LATITUDES
           4
   13.75   11.25    8.75    6.25
MODEL CLIMATOLOGY 1970-1999 (mm)
  149.20  198.50  204.90  183.98
  257.31  292.23  274.83  250.97
  347.61  361.63  319.43  292.86
  304.01  314.26  293.18  270.86
Mean Anomalies over 10-year time slices (mm)
2000 2009
   -9.69   -6.10    3.07   11.59
  -14.88   -9.51   -1.76    4.88
  -16.35   -9.58   -5.65   -5.34
  -10.34   -7.27  -10.76  -20.02
2010 2019
  -11.89   -7.28    0.17    6.27
   -9.02   -2.29    4.67    8.65
   -5.59   -0.10    3.84    5.43
   -5.87   -6.24   -7.41  -10.81
2020 2029
   13.05   16.97   23.29   24.99
   26.64   27.27   25.10   27.06
   29.65   26.18   16.89   18.26
   -0.06   -3.98  -10.48  -13.05
2030 2039
   -6.50    1.63    9.16   13.96
   -2.22    4.77    7.92   13.01
   -0.64    1.09   -1.26    3.55
   -3.17   -7.78  -15.04  -16.74
2040 2049
    1.74   10.01   17.13   18.90
   -0.75    9.64   15.52   20.24
   -4.96    3.54    6.27   12.52
   -5.06   -5.83   -9.65  -12.38
2050 2059
    2.29   10.45   14.62   17.26
   16.83   25.43   26.79   27.86
   25.34   31.21   26.76   24.66
    1.46    2.75   -6.01  -16.26
2060 2069
   -3.31    3.69   12.75   15.24
    3.61   16.43   25.45   25.03
    3.47   18.92   25.57   21.80
  -22.17  -16.56  -17.77  -24.27
2070 2079
    0.17    6.50   12.11   14.00
    3.40   14.40   18.49   17.90
    1.24   12.85   13.39   10.58
  -15.41  -15.58  -22.32  -31.65
2080 2089
    1.08   11.14   24.46   29.50
    3.13   19.55   32.49   36.53
   -5.12   10.79   20.05   22.99
  -28.92  -27.78  -29.74  -34.60
2090 2099
    0.39   12.79   29.90   36.01
   16.12   27.69   38.33   39.63
   24.67   29.62   28.65   24.99
   -0.74   -7.17  -19.67  -28.53
