Mean temperature - Model Simulations
NaN indicates insufficient data is available
Refer to Accompanying Documentation
GRIDBOX LONGITUDES
           5
   13.75   16.25   18.75   21.25   23.75
GRIDBOX LATITUDES
           8
   23.75   21.25   18.75   16.25   13.75   11.25    8.75    6.25
MODEL CLIMATOLOGY 1970-1999
  283.60  283.10  282.51  282.90  283.01
  286.19  284.49  283.56  283.86  284.12
  287.73  287.65  287.90  287.40  286.16
  290.02  290.80  291.73  290.42  288.03
  292.81  293.43  293.76  292.34  290.37
  294.16  294.92  294.85  293.74  292.67
  293.64  294.78  295.32  294.59  293.95
  293.56  294.58  295.48  295.19  294.80
Mean Anomalies over 10-year time slices
2000 2009
    0.51    0.58    0.69    0.80    0.93
    0.57    0.66    0.74    0.84    0.97
    0.64    0.71    0.78    0.89    1.04
    0.75    0.85    0.93    1.00    1.10
    0.88    0.97    1.06    1.10    1.13
    0.98    1.02    1.09    1.12    1.11
    1.00    1.02    1.03    1.03    1.00
    0.92    0.95    0.91    0.91    0.92
2010 2019
    1.39    1.40    1.37    1.38    1.41
    1.30    1.31    1.29    1.33    1.38
    1.26    1.28    1.28    1.30    1.34
    1.27    1.32    1.30    1.26    1.25
    1.32    1.33    1.31    1.23    1.21
    1.38    1.35    1.32    1.27    1.25
    1.37    1.33    1.29    1.27    1.29
    1.21    1.18    1.13    1.15    1.20
2020 2029
    0.80    0.74    0.66    0.68    0.70
    0.85    0.82    0.79    0.80    0.84
    0.98    0.97    0.98    1.00    1.05
    1.14    1.16    1.22    1.26    1.28
    1.30    1.40    1.51    1.54    1.47
    1.44    1.56    1.67    1.66    1.56
    1.52    1.59    1.62    1.58    1.50
    1.45    1.48    1.45    1.42    1.38
2030 2039
    1.06    1.07    1.03    1.00    0.99
    1.17    1.19    1.13    1.08    1.07
    1.29    1.29    1.18    1.15    1.18
    1.30    1.32    1.31    1.39    1.47
    1.37    1.46    1.59    1.73    1.76
    1.57    1.67    1.81    1.94    1.93
    1.72    1.77    1.83    1.91    1.91
    1.66    1.68    1.69    1.73    1.73
2040 2049
    1.23    1.14    1.09    1.16    1.18
    1.24    1.23    1.18    1.16    1.18
    1.25    1.24    1.14    1.10    1.13
    1.19    1.16    1.12    1.14    1.18
    1.26    1.27    1.32    1.39    1.44
    1.44    1.49    1.57    1.67    1.72
    1.61    1.65    1.72    1.83    1.89
    1.72    1.75    1.81    1.91    1.96
2050 2059
    1.97    1.90    1.84    1.88    1.91
    2.09    2.08    2.02    2.03    2.07
    2.19    2.17    2.06    2.05    2.11
    2.29    2.27    2.24    2.28    2.31
    2.44    2.50    2.58    2.63    2.60
    2.63    2.73    2.84    2.87    2.83
    2.71    2.80    2.84    2.87    2.89
    2.60    2.65    2.64    2.70    2.76
2060 2069
    2.69    2.69    2.63    2.70    2.79
    2.77    2.83    2.81    2.84    2.92
    2.83    2.89    2.83    2.84    2.90
    2.92    2.94    2.91    2.93    2.98
    3.06    3.10    3.18    3.25    3.25
    3.35    3.38    3.48    3.54    3.53
    3.61    3.60    3.62    3.65    3.66
    3.53    3.53    3.50    3.54    3.57
2070 2079
    3.44    3.49    3.49    3.57    3.66
    3.69    3.74    3.71    3.80    3.94
    3.96    3.97    3.87    3.95    4.14
    4.10    4.14    4.14    4.22    4.35
    4.27    4.34    4.47    4.56    4.58
    4.55    4.58    4.71    4.79    4.78
    4.66    4.67    4.70    4.76    4.80
    4.41    4.44    4.41    4.45    4.51
2080 2089
    4.50    4.49    4.41    4.45    4.52
    4.70    4.73    4.67    4.74    4.86
    5.04    5.03    4.90    4.94    5.11
    5.31    5.32    5.24    5.26    5.37
    5.54    5.57    5.62    5.62    5.59
    5.75    5.78    5.82    5.79    5.71
    5.73    5.75    5.70    5.66    5.62
    5.18    5.25    5.22    5.19    5.19
2090 2099
    4.78    4.73    4.63    4.65    4.71
    4.95    4.97    4.86    4.86    4.97
    5.15    5.14    4.94    4.91    5.11
    5.29    5.26    5.17    5.25    5.45
    5.56    5.60    5.76    5.91    5.94
    5.97    6.04    6.24    6.39    6.33
    6.13    6.18    6.24    6.37    6.39
    5.74    5.82    5.81    5.90    5.98
