Mean monthly rainfall - Model Simulations
NaN indicates insufficient data is available
Refer to Accompanying Documentation
GRIDBOX LONGITUDES
           4
    6.25    8.75   11.25   13.75
GRIDBOX LATITUDES
           4
    6.25    3.75    1.25   -1.25
MODEL CLIMATOLOGY 1970-1999 (mm)
  310.45  256.71  221.51  204.56
  410.93  358.69  233.99  153.77
  383.50  367.02  231.65  168.44
  318.30  292.75  196.61  166.84
Mean Anomalies over 10-year time slices (%)
2000 2009
    3.36    2.98    1.49    8.51
    0.59    1.71    1.12    1.91
    2.09    3.71    4.38    1.00
    5.74    6.58    7.59    5.64
2010 2019
   -5.49   -5.17   -7.95   -6.69
   -2.74   -1.99   -5.98   -7.93
   -2.33   -2.74   -2.59   -0.27
    0.56   -5.33   -4.08   -0.85
2020 2029
    1.92    1.18    0.91   -1.75
   -0.64    0.26    1.85    2.79
   -0.46   -2.72   -1.87    1.39
    3.02   -4.27   -5.44   -1.28
2030 2039
   -2.44   -2.80   -2.09   -0.44
    1.56    1.83    1.20    2.20
    4.95    4.18    2.58    6.85
    6.46    5.55    3.00    5.31
2040 2049
    0.62   -0.56    1.23    2.45
    2.51    2.13    1.75    5.36
    6.54    4.24    0.29    4.22
    9.07    3.99   -0.81    1.52
2050 2059
   -6.07   -3.34    1.31   -0.10
   -0.46   -0.52   -1.75    1.25
    1.22   -3.51   -4.00    2.35
   -0.99   -5.56   -3.97   -2.32
2060 2069
   -9.11   -8.13   -7.54  -10.06
   -1.91   -1.34   -3.37   -5.02
   -2.84   -3.21   -3.72    1.34
   -1.69   -3.27   -2.35   -1.41
2070 2079
   -9.13   -8.77   -8.10   -7.93
   -2.01   -2.26   -5.72   -7.08
    3.40    1.83   -2.05   -1.95
    6.48    4.31    1.20   -3.30
2080 2089
   -3.91   -4.26   -2.66   -4.54
   -1.04   -0.21   -0.42    0.27
   -4.18   -4.25   -4.27    0.84
   -6.93   -8.00   -4.54    1.06
2090 2099
   -3.49   -3.08    1.10    2.09
   -2.41   -1.19   -0.68    2.96
   -6.58   -6.48   -4.60    5.11
   -7.77   -7.68   -3.39    5.01
