Mean monthly rainfall - Model Simulations
NaN indicates insufficient data is available
Refer to Accompanying Documentation
GRIDBOX LONGITUDES
           4
    6.25    8.75   11.25   13.75
GRIDBOX LATITUDES
           4
    6.25    3.75    1.25   -1.25
MODEL CLIMATOLOGY 1970-1999 (mm)
  261.75  268.14  239.84  225.09
  183.29  226.61  213.29  203.41
  155.08  209.32  197.56  175.46
   98.23  131.65  144.19  138.20
Mean Anomalies over 10-year time slices (%)
2000 2009
    2.49    1.05    2.97    7.37
    8.93    5.96    1.03    1.56
   16.02   16.32    6.90    6.12
   -6.48    1.06    4.07    6.47
2010 2019
   -2.55   -1.09    1.90    7.41
   -2.25   -2.70    0.35    6.14
    8.08    4.32    2.03    6.86
   10.91   10.59    7.28    6.24
2020 2029
   -3.94   -3.56   -2.10   -1.83
   -6.44   -4.37   -4.66   -3.89
   -1.68    1.06   -3.46   -0.90
  -14.39   -6.48   -4.44    0.89
2030 2039
   -3.28   -3.42   -3.93   -5.11
    2.02   -2.66   -6.46   -9.80
    6.24    1.14   -5.17   -6.98
   -7.73   -4.41   -7.30   -5.75
2040 2049
   -1.95   -1.34   -2.88   -9.66
   10.88   10.42    1.72   -5.68
    0.83    6.68   -1.69   -6.75
  -39.37  -23.59  -14.51  -11.32
2050 2059
    4.73    4.69    3.02    0.20
   15.75   13.64    7.25    1.49
    7.42    5.51   -0.68   -5.26
  -17.27   -7.60   -5.74   -9.30
2060 2069
   -1.80   -0.57   -3.63  -10.83
   11.72   10.54    2.52   -5.89
   -3.05   -1.53   -6.47  -11.92
  -39.50  -28.56  -17.77  -14.52
2070 2079
   -5.03   -2.97   -0.79   -0.75
    7.73    7.49    4.54    1.20
   -5.27   -6.73   -6.64   -5.02
  -32.15  -30.52  -22.15  -12.28
2080 2089
   -7.86   -4.57   -4.69   -8.83
   10.86   11.80    3.02   -3.52
    0.12    1.44   -6.25   -8.90
  -33.82  -27.67  -19.87  -15.47
2090 2099
  -11.29   -7.18   -5.36   -9.02
    0.76    7.66    4.68   -5.13
  -13.35   -3.44   -4.10  -10.70
  -49.71  -35.14  -24.88  -19.64
