Mean monthly rainfall - Model Simulations
NaN indicates insufficient data is available
Refer to Accompanying Documentation
GRIDBOX LONGITUDES
           4
    6.25    8.75   11.25   13.75
GRIDBOX LATITUDES
           4
    6.25    3.75    1.25   -1.25
MODEL CLIMATOLOGY 1970-1999 (mm)
  158.60  173.85  169.66  151.00
  187.90  210.69  226.63  209.34
  138.81  165.58  229.47  219.67
   93.76  119.65  181.42  179.48
Mean Anomalies over 10-year time slices (%)
2000 2009
   -3.73   -3.46   -3.42   -3.49
   -1.10   -0.62    0.30   -0.05
    3.44    4.24    3.97    1.83
    4.62    5.17    3.41    1.34
2010 2019
   -4.24   -2.30   -0.90   -0.68
   -5.58   -4.04   -2.11    0.31
   -1.02   -3.10   -3.99   -2.18
    3.28   -0.34   -2.42   -2.91
2020 2029
   -0.28    1.82    3.88    4.00
   -2.62   -0.27    2.71    4.41
   -1.72    0.22    1.71    2.10
   -0.83    1.78    2.38    0.92
2030 2039
   -0.42    1.15    2.12    1.91
   -2.64   -0.97    1.35    1.55
    1.59    2.17    1.97    1.09
    4.45    4.32    2.80    1.25
2040 2049
   -0.62    2.29    4.98    5.58
   -1.85    0.91    3.92    4.85
    1.34    2.23    2.13    0.46
    1.60    0.72    0.10   -1.82
2050 2059
   -6.95   -3.71   -2.70   -2.24
   -4.11   -2.09   -0.83    0.30
    5.46    4.09    0.75   -0.61
   12.09    8.38    1.85   -0.97
2060 2069
   -9.43   -5.49   -2.91   -1.02
   -4.11   -2.10    0.24    2.56
   10.56    7.95    4.36    4.00
   27.87   18.18    6.99    6.12
2070 2079
  -13.30   -9.22   -5.45   -3.40
   -5.74   -4.63   -0.99    2.53
   13.08    7.49    3.46    4.20
   27.20   17.69    9.00    8.10
2080 2089
  -12.88   -7.16   -1.79    0.27
   -5.49   -3.24    1.21    4.94
   14.58    8.93    3.14    4.61
   26.48   15.47    3.80    5.39
2090 2099
  -13.20   -6.68   -1.38    0.33
   -4.71   -0.69    4.14    6.50
   18.21   14.36   10.27   10.29
   36.89   25.28   11.78   11.98
