Mean monthly rainfall - Model Simulations
NaN indicates insufficient data is available
Refer to Accompanying Documentation
GRIDBOX LONGITUDES
           4
    6.25    8.75   11.25   13.75
GRIDBOX LATITUDES
           4
    6.25    3.75    1.25   -1.25
MODEL CLIMATOLOGY 1970-1999 (mm)
  181.79  140.16  117.18  187.46
  266.32  210.99  119.99  171.80
  278.79  245.14  118.63  161.76
  203.52  215.76  120.76  131.26
Mean Anomalies over 10-year time slices (%)
2000 2009
    0.65   -5.04   -8.96   -1.15
   -0.30   -3.53  -11.76   -7.77
    0.37    0.54  -11.07   -7.95
    0.53    7.67    4.64  -14.71
2010 2019
    3.13    1.08   -2.04   -2.22
    2.51   -1.99   -3.50    0.46
    6.85    6.15   -5.84    3.64
   13.50   17.16    7.89   -0.03
2020 2029
    0.03   -3.79   -5.87   -1.77
    1.30    0.66   -5.90   -2.40
    1.31    3.13   -7.06   -1.96
    3.01    9.49   -1.82   -5.17
2030 2039
   -0.09   -2.14   -4.59    1.20
    3.18   -0.04   -2.53   -1.27
    2.84    3.71   -1.37   -2.19
    5.67   10.27   -0.59   -5.15
2040 2049
    0.44   -1.89   -9.09   -6.75
    3.44    3.23   -4.64   -2.59
   -2.84    3.98   -3.53    1.03
   -3.86    5.29    1.53   -5.19
2050 2059
    4.22    1.04   -7.38   -5.62
   11.60    6.88   -7.23   -2.86
   -0.15    2.06   -3.86    1.30
  -16.15   -9.11   -3.98   -0.10
2060 2069
    3.77    1.27   -3.44   -1.74
    8.03    9.67    2.75    0.63
   -1.40    5.73    4.50    2.74
  -11.71   -1.74    0.19    5.09
2070 2079
    7.16    5.27   -1.46    1.18
   11.49    9.58    5.57    4.96
   -3.74   -2.92    1.37    4.27
  -19.53  -15.77   -9.80   -2.98
2080 2089
    3.13    5.76   -3.99   -3.73
   10.49   12.91   -1.02   -4.35
   -4.44    3.37    3.09   -0.02
  -21.08  -12.39    0.37   -6.22
2090 2099
   14.37   12.65   -1.84   -1.38
   12.91   17.98    8.46    4.77
  -16.86   -7.04    4.81    4.82
  -38.54  -30.02  -14.48    4.70
