Mean monthly rainfall - Model Simulations
NaN indicates insufficient data is available
Refer to Accompanying Documentation
GRIDBOX LONGITUDES
           4
    6.25    8.75   11.25   13.75
GRIDBOX LATITUDES
           4
    6.25    3.75    1.25   -1.25
MODEL CLIMATOLOGY 1970-1999 (mm)
  280.60  242.02  234.82  234.62
  367.85  295.00  223.78  207.52
  377.52  302.10  202.32  185.97
  337.38  265.20  175.59  159.09
Mean Anomalies over 10-year time slices (%)
2000 2009
    0.53   -0.15   -0.32    0.28
    0.22   -1.09   -2.19   -2.25
    0.84   -0.52   -2.91   -3.13
    1.72    0.21   -0.97   -1.48
2010 2019
    4.66    2.84   -0.03   -1.80
    6.71    4.47    0.34   -3.00
   10.46    6.58    0.44   -2.53
    9.77    6.42   -0.01   -3.10
2020 2029
    2.81    2.61   -1.55   -2.70
    1.10    0.88   -3.00   -4.97
    4.98    3.88   -2.18   -4.49
    9.47    7.10    0.09   -4.42
2030 2039
   -0.90   -1.87   -7.50   -9.53
   -2.19   -2.68   -7.47  -10.15
    0.22   -1.80   -5.95   -7.70
    3.64    0.78   -4.14   -6.96
2040 2049
    0.24    0.58   -6.10  -10.43
   -0.31    0.39   -6.89  -13.18
    1.02   -1.19   -7.75  -11.31
   -1.56   -5.33  -10.40  -12.19
2050 2059
    3.90    3.56   -5.24   -9.80
    0.58    1.80   -4.93  -10.38
    3.22    2.74   -3.28   -7.11
    1.14    0.13   -5.66   -7.28
2060 2069
    3.31    3.85   -3.35   -7.94
    0.06    2.44   -1.78   -7.22
    1.06    1.31   -0.29   -2.26
   -4.71   -3.02   -3.53   -1.68
2070 2079
    5.99    8.20    1.27   -3.47
    0.82    4.16    0.75   -5.27
    3.37    2.70    1.77   -1.26
   -0.92   -1.16   -1.48   -0.13
2080 2089
    2.74    6.75    2.07   -3.03
   -2.15    2.93    1.04   -5.23
    3.10    3.66    3.01   -1.22
    5.23    6.02    4.93    5.39
2090 2099
    6.23    8.22    2.50   -2.63
    0.68    4.52    1.63   -4.93
    2.91    3.14    1.20   -3.20
    4.64    5.49    3.15    2.59
