Mean monthly rainfall - Model Simulations
NaN indicates insufficient data is available
Refer to Accompanying Documentation
GRIDBOX LONGITUDES
           4
    6.25    8.75   11.25   13.75
GRIDBOX LATITUDES
           4
    6.25    3.75    1.25   -1.25
MODEL CLIMATOLOGY 1970-1999 (mm)
  160.16  187.87  193.42  166.44
  141.91  152.48  171.68  174.42
  102.91   93.87  118.35  167.35
   67.88   63.26   86.99  162.48
Mean Anomalies over 10-year time slices (%)
2000 2009
    4.40    3.64    6.90    3.10
    0.40    1.45    5.40    2.14
   -1.83   -0.85   -1.51    1.69
    1.22    1.25    6.49    9.22
2010 2019
    0.01    4.08    4.92    5.49
    0.78   -0.77   -0.41    3.71
    8.25    2.01    1.18    5.56
  -11.65   -7.89   -1.64    0.20
2020 2029
   -7.28   -7.50   -5.83   -6.84
   -6.60   -0.82    1.31   -0.18
    2.34    2.26   -2.02   -1.68
    5.28    7.04    0.67   -1.54
2030 2039
    5.01    0.80   -2.03   -1.35
    2.74    6.04    5.76    5.34
   -2.09    2.00    2.48    5.30
   -2.68   -5.03   -3.15    0.04
2040 2049
    3.62    1.11   -2.11   -0.39
    2.12    5.45    5.12    6.22
    7.87    7.27   -1.20   -0.41
   13.27   10.44    1.02   -3.47
2050 2059
   -4.13    2.84    4.91    7.35
   -4.92    4.35    9.47    9.60
   15.30   10.85    2.35   -1.00
   21.42   21.42    5.09   -3.58
2060 2069
    1.97    0.29    1.14    4.08
   -8.21   -2.31    5.06    4.61
   -7.95   -8.46   -7.81   -6.97
   -6.18   -6.11   -6.42   -9.79
2070 2079
    4.27    6.11    7.48    6.10
    3.26   10.11   11.68    7.71
    7.32    6.55   -0.47   -3.60
    6.22    8.60   -1.95   -3.84
2080 2089
   -1.49    3.25    3.00    6.20
   -2.76    3.09    4.07    1.64
   15.47   15.04    3.01    2.03
    4.93    6.34    0.65   -0.03
2090 2099
    3.86   -1.22   -3.79   -1.03
    2.74   13.02   15.36   12.88
   -3.37    7.32   18.82   16.02
   12.53   10.60    9.10    3.67
