Mean monthly rainfall - Model Simulations
NaN indicates insufficient data is available
Refer to Accompanying Documentation
GRIDBOX LONGITUDES
           4
    6.25    8.75   11.25   13.75
GRIDBOX LATITUDES
           4
    6.25    3.75    1.25   -1.25
MODEL CLIMATOLOGY 1970-1999 (mm)
  197.84  191.86  201.22  174.34
  229.80  249.21  200.48  139.91
  183.24  229.04  191.74  183.55
  108.42  151.73  181.95  203.34
Mean Anomalies over 10-year time slices (%)
2000 2009
    2.68    2.72    4.44    5.00
    2.75    2.43    1.29    3.28
   -3.00   -0.61    1.59    2.75
  -10.57   -4.05   -1.93    0.15
2010 2019
    4.87    3.43    3.93    4.76
    2.16    0.94   -0.43    1.45
   -3.73   -3.11   -2.03   -1.57
   -9.46   -6.19   -2.81   -0.48
2020 2029
    1.23   -0.92   -0.99    0.48
   -1.61   -2.93   -4.92   -4.23
   -6.72   -5.55   -5.28   -3.67
   -9.61   -5.78   -3.00   -1.03
2030 2039
    1.44   -1.91   -2.24   -1.05
    4.85    2.34   -1.46    0.04
    8.54    6.68    3.50    2.82
   12.19   11.14    8.90    6.58
2040 2049
    2.93   -0.25    2.13    2.75
    5.07    0.52   -2.66    1.67
    3.13    0.14   -0.59    1.62
    1.50    0.32    0.59    0.16
2050 2059
    3.82    0.34    2.19    4.50
    3.19    0.02   -2.63    0.08
    2.52   -0.11   -3.93   -3.37
   -2.08   -0.99   -1.61   -2.77
2060 2069
   -1.65   -2.97   -2.42   -0.71
   -0.31   -1.30   -5.16   -2.93
   -0.56   -0.07   -2.86   -3.20
   -2.44    1.36    1.08   -1.60
2070 2079
    1.60   -1.92   -0.02    0.61
    1.73   -1.44   -6.96   -4.57
   -1.28   -2.72   -5.28   -1.43
   -5.57   -2.19   -1.82   -1.36
2080 2089
   -0.77   -3.99   -1.94   -0.44
    2.38   -0.45   -5.80   -4.57
    0.38    1.69   -1.94   -0.95
   -9.83   -2.79    0.17   -0.65
2090 2099
    0.55   -3.40   -1.36   -1.04
    3.50    1.05   -3.62   -2.56
    0.39    0.33   -3.74   -2.54
   -9.34   -1.36   -1.31   -2.63
