Mean monthly rainfall - Model Simulations
NaN indicates insufficient data is available
Refer to Accompanying Documentation
GRIDBOX LONGITUDES
           4
    6.25    8.75   11.25   13.75
GRIDBOX LATITUDES
           4
    6.25    3.75    1.25   -1.25
MODEL CLIMATOLOGY 1970-1999 (mm)
   63.18   74.68   72.82   60.49
   86.94  108.97  132.03  124.05
  109.71  137.23  176.72  173.21
  133.05  155.45  183.42  179.41
Mean Anomalies over 10-year time slices (%)
2000 2009
  -11.31   -8.13   -1.44    2.88
  -14.68  -10.54   -4.03   -0.98
  -12.07   -9.20   -4.57   -2.26
   -2.98   -3.35   -3.44   -2.48
2010 2019
    1.06    0.75    3.21    4.40
   -1.54   -1.81    0.30    0.22
   -0.96   -1.84   -0.67   -1.10
    3.81    1.56   -0.19   -0.92
2020 2029
    5.37    5.14    7.88    8.51
    4.93    6.12   11.10   11.60
    5.71    6.82   10.99   10.95
    7.00    6.51    6.63    5.91
2030 2039
  -10.53  -10.54  -12.04  -10.78
   -5.59   -2.74    1.15    3.46
    2.20    3.88    6.36    7.39
   13.26   10.15    6.74    5.52
2040 2049
    8.95   13.23   21.99   25.29
    4.51    4.99    8.49    9.33
    4.39    2.39    3.87    4.22
    9.42    6.51    5.48    4.57
2050 2059
   -0.79    2.72   11.08   15.91
   -3.69   -1.12    6.04    8.05
    4.78    3.90    7.15    7.00
   26.96   21.03   15.60   11.14
2060 2069
  -12.06   -8.00   -2.27    1.44
   -8.20   -5.23    2.10    4.37
    4.08    3.59    7.33    7.68
   26.70   21.85   17.14   14.12
2070 2079
   -6.43   -3.54    3.33   10.74
    9.82   10.68   16.33   19.16
   26.26   23.69   24.17   23.42
   42.80   37.64   32.17   27.71
2080 2089
  -14.39  -11.41   -3.66    0.89
   -0.42    1.78    9.15   12.41
   18.63   17.20   18.08   18.20
   43.46   38.31   29.57   24.29
2090 2099
   -3.11   -0.81    3.64    8.97
    7.20    8.44   12.79   14.38
   22.32   20.41   19.87   18.31
   42.85   38.06   30.07   24.75
