Mean monthly rainfall - Model Simulations
NaN indicates insufficient data is available
Refer to Accompanying Documentation
GRIDBOX LONGITUDES
           4
    6.25    8.75   11.25   13.75
GRIDBOX LATITUDES
           4
    6.25    3.75    1.25   -1.25
MODEL CLIMATOLOGY 1970-1999 (mm)
   48.72   62.73   61.10   54.58
   55.11  106.19   99.71   93.93
   48.26   98.86  141.55  148.04
   50.26   76.54  146.38  173.46
Mean Anomalies over 10-year time slices (%)
2000 2009
  -11.79   -3.67    4.12   10.79
   -5.64    0.38    6.31    9.58
   -0.95   -0.90    5.33    9.43
   -2.87   -2.11    2.47    7.08
2010 2019
   -2.83    0.63    2.16   -0.93
   -1.05   -0.68    1.35    0.18
    6.38   -1.07    0.88    3.56
    1.84    0.69    1.12    1.49
2020 2029
  -19.82  -18.46  -16.62  -20.37
  -11.45  -11.11   -7.53   -7.63
   -6.78  -11.14   -5.38   -1.62
   -3.84   -2.49   -2.64   -1.82
2030 2039
  -22.55  -23.25  -25.66  -31.88
   -8.76   -9.18   -9.84   -9.70
   -1.62  -10.03   -4.91   -1.74
   -1.37   -5.42   -3.96   -1.89
2040 2049
  -17.57  -15.00  -13.95  -20.56
   -6.46   -7.91   -9.15   -7.27
   -2.91   -7.26   -3.49    1.13
  -10.71   -9.88   -4.57    0.02
2050 2059
   -9.04   -1.72    3.92    0.93
   -0.19   -2.89   -0.55   -0.71
    4.18   -1.08    0.49    3.46
    7.46    6.82    3.25    2.19
2060 2069
  -21.48  -16.42  -11.77  -14.56
  -10.20  -10.13   -8.72   -8.44
   -1.62   -9.23   -8.02   -2.94
   -5.49   -8.28   -8.38   -4.64
2070 2079
  -18.56  -10.46   -6.56  -10.94
   -4.03   -4.88   -2.84   -3.05
    0.00   -5.68   -4.83   -1.80
   -1.51   -2.32   -3.99   -3.76
2080 2089
  -15.86  -10.84   -7.57  -12.14
   -4.87   -4.30   -0.14   -0.75
    0.19   -5.79   -4.18   -4.02
   -0.38   -3.57   -6.26   -5.95
2090 2099
  -21.21  -11.40   -3.71   -0.94
   -6.46   -7.19   -2.67    4.93
    0.26   -3.88   -2.25    3.34
   -3.22   -1.06   -1.55   -1.04
