Mean monthly rainfall - Model Simulations
NaN indicates insufficient data is available
Refer to Accompanying Documentation
GRIDBOX LONGITUDES
           4
   -1.25    1.25    3.75    6.25
GRIDBOX LATITUDES
           5
   13.75   11.25    8.75    6.25    3.75
MODEL CLIMATOLOGY 1970-1999 (mm)
    0.17    0.19    0.16    0.16
    0.87    0.90    0.83    0.68
    6.92    6.47    6.06    4.37
   25.92   25.17   26.60   25.27
   54.82   54.69   61.27   70.19
Mean Anomalies over 10-year time slices (%)
2000 2009
  -92.91  -94.47  -94.46  -47.63
  -83.37  -85.34  -57.65   46.55
  -30.13  -32.27  -22.94    1.05
  -12.58  -16.42  -16.43  -15.29
   -8.64  -14.21  -16.37  -14.81
2010 2019
   53.58   11.14   56.10  200.40
   68.56   27.37   55.13  191.81
   -0.75    1.67   18.68   65.39
  -15.29  -11.36   -2.74    8.06
  -17.98  -17.57  -13.24   -7.84
2020 2029
  -38.64  -55.82  -80.14  -66.70
  -70.58  -77.97  -79.11  -56.65
  -36.70  -35.17  -30.90  -23.32
  -11.49   -8.93   -7.77   -5.95
    3.01    3.62    1.94    1.27
2030 2039
  -94.12  -94.64  -94.37  -96.74
  -90.09  -95.47  -94.79  -95.10
  -51.19  -58.39  -61.94  -70.13
  -21.56  -27.76  -29.82  -30.97
   -5.52  -11.72  -14.21  -14.67
2040 2049
   43.36   39.54   -4.32  -87.63
    0.73  -23.61  -51.96  -77.70
  -25.88  -35.51  -46.84  -56.08
  -18.73  -28.90  -37.44  -40.61
  -14.73  -26.18  -33.92  -33.70
2050 2059
  -27.59  -64.14  -67.39  -44.34
  -40.52  -63.42  -69.92  -60.01
  -35.19  -39.55  -43.66  -45.94
  -22.49  -25.99  -28.11  -27.52
  -15.36  -19.55  -21.70  -21.38
2060 2069
  -82.51  -84.50  -86.08  -92.71
  -80.11  -90.92  -90.17  -85.88
  -43.61  -50.60  -45.50  -38.25
  -25.09  -25.09  -18.45  -13.86
  -15.60  -13.17   -8.53   -8.34
2070 2079
  -81.63  -87.88  -84.90  -73.70
  -71.41  -71.93  -74.54  -82.59
  -32.16  -36.53  -44.37  -59.88
  -16.05  -15.43  -14.83  -18.31
   -7.16   -3.63    0.09   -3.10
2080 2089
  -89.50  -91.89  -92.41  -90.73
  -79.15  -82.02  -76.77  -60.42
  -34.45  -30.92  -23.05   -7.81
  -16.66  -13.41   -8.41   -2.58
   -7.44   -6.73   -4.92   -3.16
2090 2099
  -66.00  -79.90  -91.49  -95.63
  -74.55  -87.01  -89.24  -88.85
  -60.87  -58.63  -50.82  -42.76
  -28.67  -27.95  -25.67  -24.12
   -3.36   -7.60  -12.88  -16.82
