Mean monthly rainfall - Model Simulations
NaN indicates insufficient data is available
Refer to Accompanying Documentation
GRIDBOX LONGITUDES
           4
   -1.25    1.25    3.75    6.25
GRIDBOX LATITUDES
           5
   13.75   11.25    8.75    6.25    3.75
MODEL CLIMATOLOGY 1970-1999 (mm)
   97.36   95.81   93.12   76.51
  141.82  137.35  134.08  117.54
  188.11  186.66  191.65  186.56
  232.90  244.29  271.80  305.72
  230.46  240.88  261.84  299.57
Mean Anomalies over 10-year time slices (%)
2000 2009
   12.21   12.44    7.89    3.69
    7.87    7.93    4.76    3.29
    5.63    5.44    3.97    3.58
    5.82    6.90    6.79    5.40
    3.73    5.58    6.40    4.70
2010 2019
   12.84   14.82   15.88   19.11
   12.10   14.87   15.65   16.49
   14.26   16.77   16.57   14.99
   16.94   18.72   18.31   15.30
   14.83   17.17   18.49   15.37
2020 2029
   10.11   16.44   19.60   17.84
    7.14   10.97   14.34   15.30
    7.95    9.34   11.60   12.81
   11.93   12.59   12.69   11.74
   12.14   13.24   14.29   13.03
2030 2039
   10.76    7.82   -0.31   -5.19
   10.01    7.69    2.12   -1.83
   10.07    8.20    5.25    3.27
    8.81    9.35    9.05    7.18
    5.81    8.74   10.55    8.42
2040 2049
   10.68   11.52   13.10   12.42
    5.00    6.47    9.75    9.88
    2.26    4.62    8.73    8.40
    2.82    7.09   10.97    8.23
    2.25    6.25    9.82    7.54
2050 2059
    1.95    3.08    6.58    5.76
    3.69    5.17    7.09    6.70
    5.44    7.01    7.52    8.01
    8.56   10.58   10.64    9.67
    4.94    8.77   10.79   10.72
2060 2069
    7.23   11.44   13.29   15.09
   13.26   16.89   17.27   17.51
   16.22   18.83   19.23   19.96
   12.00   15.10   18.60   19.90
    3.24    6.22   11.36   15.45
2070 2079
   24.54   25.72   25.47   21.78
   27.49   30.51   30.32   26.28
   23.45   27.07   26.88   23.60
    8.92   14.83   17.29   16.74
   -3.38    1.36    5.35    8.39
2080 2089
   22.54   25.24   24.98   27.51
   18.26   21.28   23.79   27.57
   13.32   17.87   22.42   25.74
    8.88   17.89   23.72   22.73
   -0.67    8.22   14.87   16.11
2090 2099
   17.35   20.54   20.97   20.67
   18.24   21.88   26.34   29.20
   17.20   21.39   26.92   31.32
    9.51   15.49   20.49   24.43
    2.45    8.01   12.67   17.49
