Mean monthly rainfall - Model Simulations
NaN indicates insufficient data is available
Refer to Accompanying Documentation
GRIDBOX LONGITUDES
           4
   -1.25    1.25    3.75    6.25
GRIDBOX LATITUDES
           5
   13.75   11.25    8.75    6.25    3.75
MODEL CLIMATOLOGY 1970-1999 (mm)
   85.64   80.21   79.11   77.69
  133.27  125.47  121.54  119.77
  171.96  161.67  161.14  166.51
  150.50  149.69  156.90  164.08
  110.32  116.13  121.55  134.72
Mean Anomalies over 10-year time slices (%)
2000 2009
    3.47    1.53    0.26    0.42
    0.96   -1.03   -2.80   -3.58
    2.13    1.97    0.73   -1.62
    5.95    7.88    6.86    4.83
   13.62   14.63   12.99   10.77
2010 2019
   -2.77   -1.85   -2.48   -2.23
   -5.72   -4.67   -4.27   -3.83
   -3.58   -2.43   -2.07   -2.25
    2.88    1.64    0.07   -0.46
    9.64    7.40    4.78    3.66
2020 2029
    4.95    4.73    1.62    1.51
    1.86    2.06    0.95   -0.04
    3.74    2.41    0.57   -1.37
    5.53    4.73    1.76   -2.54
    4.59    5.30    1.78   -2.77
2030 2039
    1.96    0.64   -2.76   -4.77
    0.39   -0.26   -3.35   -5.77
   -2.06   -2.47   -4.63   -5.86
   -2.91   -2.38   -2.50   -3.37
    2.29    4.90    4.23    1.52
2040 2049
  -18.21  -19.76  -20.26  -16.76
  -16.04  -16.46  -15.85  -15.16
   -5.45   -8.45   -9.29   -9.54
   -0.12   -0.54    0.51    0.23
   -3.43    2.46    9.57   12.01
2050 2059
  -18.88  -20.61  -22.02  -18.05
  -14.64  -16.10  -17.74  -17.52
   -7.42   -8.59   -9.71  -10.73
   -2.15   -1.78   -1.12   -0.32
   -1.45    2.07    6.77   10.21
2060 2069
  -19.46  -21.12  -22.49  -17.23
  -13.26  -16.47  -18.56  -16.20
   -5.48   -7.91  -11.05  -12.11
    2.71    0.50   -1.13   -0.41
    5.19    4.41    5.06    8.39
2070 2079
  -13.91  -15.50  -17.20  -15.63
  -11.60  -13.74  -16.06  -16.54
   -5.33   -8.18  -10.06  -10.97
   -3.06   -3.86   -3.51   -1.37
   -4.73   -2.68    0.68    6.48
2080 2089
  -14.76  -14.35  -14.71  -13.48
  -16.01  -17.10  -18.70  -16.38
   -8.57  -10.53  -14.06  -14.73
    0.65   -0.48   -2.56   -2.33
    3.59    4.21    6.48   10.59
2090 2099
  -20.76  -22.25  -24.91  -21.76
  -22.78  -23.29  -23.39  -19.91
  -15.64  -16.20  -16.64  -15.80
  -10.18   -9.29   -8.58   -7.15
  -12.50   -8.22   -2.81    3.15
