Mean monthly rainfall - Model Simulations
NaN indicates insufficient data is available
Refer to Accompanying Documentation
GRIDBOX LONGITUDES
           4
   -1.25    1.25    3.75    6.25
GRIDBOX LATITUDES
           5
   13.75   11.25    8.75    6.25    3.75
MODEL CLIMATOLOGY 1970-1999 (mm)
   21.53   24.43   27.45   24.95
   50.87   55.74   63.01   65.22
   73.32   78.95   88.64  100.53
   81.22   87.60   97.82  115.68
   83.07   88.26   98.39  114.81
Mean Anomalies over 10-year time slices (%)
2000 2009
   15.24   12.81   11.47   13.60
    8.96    7.11    6.89    8.69
    5.50    4.65    4.06    4.24
    2.19    2.73    0.96   -1.53
   -1.82   -2.35   -3.11   -5.17
2010 2019
    3.48    4.46    5.54    4.27
    3.85    3.09    3.68    4.88
    3.64    3.16    2.23    2.98
    0.84    2.47    0.49   -1.28
   -2.91   -0.28   -0.11   -1.90
2020 2029
   14.01   11.79   10.93   11.41
    6.94    4.12    2.27    3.27
    5.28    5.06    4.09    2.65
    2.66    6.15    6.85    2.73
   -2.83   -2.36   -2.82   -3.01
2030 2039
   16.68   12.82   13.90   20.90
    5.85    1.91    0.78    3.91
    4.45    2.69    0.48   -0.85
    4.62    5.42    4.36    0.75
   -3.01   -3.39   -3.08   -2.76
2040 2049
    9.39    8.94   10.74   15.98
    3.38    1.66    1.05    4.89
    5.71    5.43    2.83    3.36
    8.03   10.36    8.13    5.37
   -2.27   -0.15    0.87    1.04
2050 2059
   -3.35   -4.64   -4.08   -4.32
    1.10    1.45    1.01    0.34
    2.89    3.16    2.67    2.14
    0.25   -0.35   -0.61    0.17
   -1.91   -0.51   -2.49   -2.95
2060 2069
    2.71   -0.12   -0.44   -0.13
    4.09    2.49    1.89    1.99
    5.71    6.27    5.66    4.31
    4.47    6.34    6.24    4.72
   -1.83   -1.48   -0.62    1.09
2070 2079
    9.13    6.94    8.28   12.27
    4.52    2.60    2.64    3.79
    4.48    5.08    3.63    1.09
    6.45   10.33    8.44    3.26
    5.08    7.78    7.17    5.51
2080 2089
   -3.30   -7.66  -10.59  -13.35
   -4.10   -5.86   -5.26   -3.85
   -2.34   -2.38   -1.71   -1.42
    0.84    1.98    0.35   -2.01
    1.06    4.29    3.98    3.22
2090 2099
   12.09    7.80    7.17   10.37
    3.63    1.31    0.39    0.76
    6.61    7.05    4.75    0.83
    9.17   13.43   12.29    7.12
   -3.21    2.09    6.02    8.04
