Mean monthly rainfall - Model Simulations
NaN indicates insufficient data is available
Refer to Accompanying Documentation
GRIDBOX LONGITUDES
           5
    6.25    8.75   11.25   13.75   16.25
GRIDBOX LATITUDES
           5
    3.75    1.25   -1.25   -3.75   -6.25
MODEL CLIMATOLOGY 1970-1999 (mm)
  150.32  164.63  169.90  156.54  162.79
  147.34  160.78  175.75  167.28  171.53
  141.87  147.69  151.28  149.61  149.14
  121.68  112.82  102.95  111.03  128.85
   97.82   83.70   76.19   78.19  101.41
Mean Anomalies over 10-year time slices (%)
2000 2009
    8.60    8.22    4.90    3.36    1.86
    6.43    4.50    3.01    4.10    2.59
    0.70   -0.89    0.39    2.26    2.72
    2.30    2.20    0.13   -3.98   -1.68
    2.20    0.95   -2.32   -7.38   -5.50
2010 2019
    6.17    4.11    1.07   -0.17    0.81
    5.67    3.82    1.93    1.32    1.07
    3.06    3.99    4.93    5.75    5.38
    2.22    4.35    5.08    5.21    7.75
    1.94    4.12    2.74    4.73    9.53
2020 2029
   10.66    9.16    4.84    1.59    1.42
   12.87   10.20    4.35    0.68    0.80
   14.23   13.46    8.93    5.87    4.02
   17.23   16.42   11.00    8.15    5.60
   14.47   15.84   13.57   13.29   11.62
2030 2039
    4.58    3.37    3.31    4.21    4.39
    6.58    3.45    4.25    6.06    7.65
    7.78    6.34    9.42   10.52   10.98
   11.08    9.31   12.09   13.14   13.13
   16.37   13.83   13.59   16.23   17.19
2040 2049
    8.14    5.04    3.11    4.23    5.73
    8.87    7.67    4.78    3.28    3.92
    7.46    7.77    8.29    7.93    7.20
    7.91   12.34   13.33   11.76   10.44
   10.86   19.07   15.64   16.45   17.08
2050 2059
   10.87   10.91    8.12    5.11    5.40
   14.23   16.13   11.95    9.45    8.70
   10.58   11.93   14.00   13.30   11.00
    8.25    9.17   14.17   14.66   11.56
    6.13    8.32   12.38   12.03    9.67
2060 2069
   10.43   11.37    7.25    2.75    0.51
   16.07   17.02    9.45    2.58    0.73
   16.64   18.39   13.28    6.85    5.83
   16.67   18.88   15.93    8.23    7.12
   13.66   15.81   16.32   11.80   11.99
2070 2079
   20.96   20.11   12.83    8.79    8.13
   26.46   25.82   16.71   11.27    9.68
   24.71   24.76   18.34   14.04   12.44
   18.46   23.13   17.82   11.64    9.03
   11.28   20.41   16.44   10.70   10.95
2080 2089
   18.07   16.25   12.88   11.13    9.20
   23.04   19.35   12.28   11.32   10.46
   11.87   12.71   13.61   11.88   11.49
    8.37   12.69   16.90   15.35   12.65
    7.09   14.78   17.13   17.71   15.77
2090 2099
   17.78   17.34   12.43   11.05    6.49
   19.78   20.90   14.76   12.39    8.37
   15.44   14.18   14.49   12.50   11.34
   14.46   15.08   18.30   15.21   14.59
   11.49   14.94   14.65   13.31   16.30
