Mean monthly rainfall - Model Simulations
NaN indicates insufficient data is available
Refer to Accompanying Documentation
GRIDBOX LONGITUDES
           5
    6.25    8.75   11.25   13.75   16.25
GRIDBOX LATITUDES
           5
    3.75    1.25   -1.25   -3.75   -6.25
MODEL CLIMATOLOGY 1970-1999 (mm)
  167.13  190.25  182.81  137.24  148.20
  178.14  232.75  213.16  217.59  200.79
   89.95  161.57  229.35  285.55  229.12
   26.83   56.96   74.26  128.92  196.66
   12.42   13.81   14.20   23.41   71.03
Mean Anomalies over 10-year time slices (%)
2000 2009
    3.74    8.91    8.69    9.51   10.53
   -1.82   -0.07    2.15    3.50    2.75
    6.15    2.00    2.33    3.59    3.20
    4.72   14.49   15.17   10.79    8.12
   -1.66   -0.73    0.37    3.84   -0.09
2010 2019
    5.52    3.41    0.71    1.95   -0.49
    1.10   -1.72    0.01   -1.40   -4.69
   -1.10   -3.20   -0.98   -2.18   -4.59
  -13.78   -6.61    0.72   -1.84   -0.60
   -6.30  -11.49  -10.64   -9.04   -6.16
2020 2029
   -4.89   -7.37   -6.88   -0.98   -1.28
    6.50    1.88    1.11    1.96    0.47
   22.66   16.23   12.54    7.47    1.46
   11.93   23.13   25.69   19.55   11.76
   -9.97   -7.11   -2.09   30.42   28.84
2030 2039
    9.06    4.18   -2.54    0.45    0.81
   12.57    7.91    2.63   -0.69   -2.25
   14.99   13.21    9.57    2.68   -0.52
    3.53   25.28   29.84   10.29    4.63
  -15.27    0.95   17.87   11.13    6.62
2040 2049
    8.18    5.12    3.61    7.45    4.75
    9.88    6.97    5.82    3.73   -0.05
   15.92   15.53   13.64    7.74    1.67
    8.97   26.90   22.22   16.36   12.29
   -6.48    4.70   13.86   30.53   26.01
2050 2059
   13.35    4.86   -0.80    2.93    3.61
   10.61    8.67    6.74    2.89    2.00
    5.05    8.24    8.14    5.40    4.27
   -0.00   16.39   16.23   10.57    7.31
   -3.95    5.73   17.27   29.52   17.17
2060 2069
    9.40    5.10   -2.02   -2.16   -3.92
   17.60   10.89    2.34   -3.34   -3.00
   21.11   19.64   15.26    1.91   -3.16
    0.85   20.23   19.11    4.18    4.66
  -13.87  -13.65   -5.89   -9.26   -4.60
2070 2079
   19.14    9.75    1.95    3.09    6.35
   26.15   16.58    3.82   -1.81    1.54
   28.05   25.03   11.82    1.03    1.49
    6.15   32.03   34.36   10.11    6.15
  -12.85    1.37   23.21   33.61   17.87
2080 2089
   21.27   13.72    3.97    7.99    6.18
   21.97   17.38   11.01    6.66    6.45
   14.39   15.22   15.00    8.55    5.20
    0.15   22.68   24.19    8.26    7.25
  -14.84   -3.13   18.51   19.57    7.37
2090 2099
    5.82    2.04   -4.39   -3.91   -3.12
   17.77   12.54    1.45   -0.62    4.45
   22.94   26.55   16.72    1.28   -1.08
    5.25   35.50   33.18    7.86    6.31
  -16.47   -0.49   16.46   20.62   14.98
