Mean monthly rainfall - Model Simulations
NaN indicates insufficient data is available
Refer to Accompanying Documentation
GRIDBOX LONGITUDES
           6
   28.75   31.25   33.75   36.25   38.75   41.25
GRIDBOX LATITUDES
           5
   -1.25   -3.75   -6.25   -8.75  -11.25
MODEL CLIMATOLOGY 1970-1999 (mm)
  272.86  203.87  186.57  120.81   64.63   56.79
  302.52  231.45  184.38  104.81   62.03   70.12
  228.84  198.46  158.36   91.72   58.99   75.21
  193.49  195.54  162.63  115.73   60.77   60.44
  207.27  182.23  148.09  134.05   62.71   45.80
Mean Anomalies over 10-year time slices (mm)
2000 2009
    0.89    8.83   22.09   17.32   10.62    6.77
    5.24    6.98    3.70   -1.39    0.89    7.39
   -1.80    0.63   -7.00   -7.55   -0.51    4.91
   -4.94    0.36  -11.01  -11.02    0.74   -0.03
   -6.26   -4.79  -10.71   -9.04    0.07   -1.75
2010 2019
   22.20   10.19   18.88    2.69    6.22   20.16
   22.28   12.41   18.38   10.22   15.02   30.13
    8.21    1.90    7.20   13.47   17.78   29.11
   -5.21   -3.82   -1.19   -1.30    9.60   19.69
  -24.86  -22.10  -19.07  -27.12  -11.22    9.54
2020 2029
   21.45   15.75   14.49    9.94   13.24   19.09
   21.99   10.44   16.98    9.37   15.76   29.31
    8.89    5.77    7.83    7.16   17.31   34.44
    1.63   11.05    1.48   -0.51   11.69   22.91
   -3.57   -1.65   -7.10   -5.40    1.42    7.32
2030 2039
   -7.24    1.18   20.11   35.07   27.50   21.66
   -5.14   -2.52   14.02   27.53   20.48   20.24
    0.25   -3.19    4.24    7.91   10.47   16.16
    4.90    2.18   -6.49  -15.20   -9.81    4.35
   -8.86  -12.75  -19.45  -33.24  -22.05   -2.32
2040 2049
   32.81   29.85   39.91   19.42   12.58   25.39
   36.27   33.15   46.48   15.39   16.18   37.86
   28.59   24.09   34.56   10.59    8.23   28.97
   12.97   19.68   30.45   13.06    3.11   12.94
  -13.46   -8.14   -0.26   -3.31   -1.51    2.14
2050 2059
    2.25    5.05   25.02   27.68   17.18   21.65
    0.17   -5.96    0.53    9.61   11.77   25.21
   -3.62  -14.68   -7.86    6.27    3.15   13.62
    7.78   -9.23   -3.06   12.41    7.33   13.16
   -8.27  -19.65   -9.72   -1.15    7.90   15.24
2060 2069
    4.40   -1.34    8.74    8.86   13.05   14.45
   18.70   12.08   25.01   15.99   16.64   23.81
    2.47    1.23   14.66    8.56   10.05   25.04
   -9.26    8.91   11.98   -2.39   -7.03    0.01
  -15.29    5.62   -0.07  -16.04  -18.92  -14.54
2070 2079
   25.10    0.62   13.51   -8.53   -2.97   11.76
   20.84    7.89   10.69   -7.94   -0.98   15.37
   -1.81    1.27    3.69   -6.76   -3.51   14.50
    3.73    3.66    1.03   -9.23   -4.88    8.60
   -2.16   -8.17  -10.46  -13.35   -5.53    3.53
2080 2089
   -3.51  -12.28    1.35   -5.99    4.61    6.47
    3.19   -3.83    7.60    4.82    5.53    8.23
   -4.43   -4.46    1.35    7.94    6.35    8.87
   -3.79    6.92    3.53    3.74    4.39    5.02
   -8.22    3.79    0.07   -7.18    0.16    4.67
2090 2099
  -13.59   -6.90   11.41   31.16   31.72   23.30
   -2.75   -5.97    8.82   15.52   22.28   23.11
   -8.94   -3.58    6.02   12.85   18.58   17.89
   -0.28    8.19    4.33    9.99   14.64    5.69
    0.45    2.74   -0.67   -2.16    0.44   -0.02
