Mean monthly rainfall - Model Simulations
NaN indicates insufficient data is available
Refer to Accompanying Documentation
GRIDBOX LONGITUDES
           6
   28.75   31.25   33.75   36.25   38.75   41.25
GRIDBOX LATITUDES
           5
   -1.25   -3.75   -6.25   -8.75  -11.25
MODEL CLIMATOLOGY 1970-1999 (mm)
  111.62   58.65   44.56   19.03   10.32   27.49
   49.58   16.63    7.65    8.52   15.60   35.76
   20.53    5.94    3.66    7.21   14.99   39.11
    7.50    3.13    3.87    6.33   11.43   40.33
    3.32    3.20    5.01    6.11    9.32   42.72
Mean Anomalies over 10-year time slices (mm)
2000 2009
   13.06    9.05    4.44    0.26    0.51    0.16
    1.83    2.13   -0.25    0.33    0.50    0.76
    1.35    0.25   -0.19    0.11    0.65   -0.36
    0.98    0.45    0.10   -0.13    0.47   -0.29
    0.29   -0.26   -0.48   -0.26    0.28    1.25
2010 2019
   19.23   16.35    8.49    3.81    1.86    2.08
    8.76    8.47    3.06    1.53    2.82    4.67
    7.09    2.87    1.27    1.48    2.70    4.87
    3.11    1.57    1.64    1.80    2.18    4.30
   -0.01    0.62    2.07    1.98    2.12    3.78
2020 2029
   13.56    8.59    2.33    1.86    1.42    1.88
    3.47    2.36    2.00    0.89    2.51    3.47
    2.87    1.27    0.63    1.12    3.22    3.32
    2.33    1.74    0.47    1.47    1.93    2.33
    1.63    0.72    0.63    1.37    1.12    2.73
2030 2039
    4.43   13.40    8.36    2.61    1.11    1.51
    8.45    7.44    2.00    0.50    1.52    1.73
    5.81    3.04    0.61    0.29    0.85    1.28
    2.59    0.65    0.45    0.78    1.18    2.29
    0.29   -0.08    1.03    1.81    1.45    3.90
2040 2049
    4.43   12.66   10.32    4.96    2.20   -0.29
    2.89    8.72    5.99    2.14    1.71    0.29
    6.19    6.43    2.90    1.56    1.09   -2.36
    5.33    4.88    0.97    1.21    1.34   -3.90
    2.83    0.66    0.08    0.87    1.12   -1.89
2050 2059
   25.30    8.05    0.11   -0.59    3.04    5.29
   10.29    3.72    1.28    2.43    5.54    8.58
    1.63    1.34    0.77    2.34    4.54    6.80
    0.25    0.56    1.36    2.62    3.12    4.54
    1.00    0.61    1.49    2.03    2.91    6.80
2060 2069
   12.74   16.44   17.68    7.77    1.99    4.79
    8.72   13.45    5.94    1.21    2.74    7.66
    4.93    3.60    0.66    0.77    3.08    5.92
    0.34    1.16    0.52    1.29    2.23    3.06
   -0.09    0.14    0.30    0.96    1.39    4.15
2070 2079
   22.47   23.76   19.37    6.78    1.48   -1.22
   20.51   13.33    5.50    1.63    0.93   -0.61
   14.98    7.08    2.25    1.25    0.68    0.30
    8.43    5.67    1.60    0.93    0.93    0.65
    6.45    3.03    1.07    1.18    1.75    1.60
2080 2089
   18.30   18.41   10.23    4.05    2.16    3.47
   15.26    7.95    0.73    0.88    2.85    4.37
    5.83    0.42   -0.67    0.67    2.57    1.07
   -0.36   -0.94   -0.10    1.06    2.66   -0.86
   -1.70   -0.75   -0.03    1.41    3.11    2.74
2090 2099
   30.02   14.41    8.85    2.98    2.20    1.89
   14.32    7.58    2.94    1.14    4.45    3.79
    8.97    2.61   -0.00    1.13    4.06    1.77
    2.24    0.58   -0.03    1.16    2.90    1.60
    0.41   -0.39   -0.25    0.84    2.60    3.19
