Mean monthly rainfall - Model Simulations
NaN indicates insufficient data is available
Refer to Accompanying Documentation
GRIDBOX LONGITUDES
           7
   33.75   36.25   38.75   41.25   43.75   46.25   48.75
GRIDBOX LATITUDES
           5
   13.75   11.25    8.75    6.25    3.75
MODEL CLIMATOLOGY 1970-1999 (mm)
   61.44   77.69   61.30   23.99   18.18   22.02   13.81
  152.20  173.81  125.59   48.25   15.86   14.82   13.72
  214.71  233.53  170.91   67.97   23.74   23.38   21.70
  171.63  178.10  144.56   64.95   29.84   32.22   33.11
  107.99   78.34   62.96   47.66   43.16   49.11   59.95
Mean Anomalies over 10-year time slices (%)
2000 2009
  -22.86  -16.44  -13.98  -19.57  -27.54  -32.98  -52.41
  -12.65   -7.35   -3.33   -6.17  -21.89  -24.08  -26.79
   -5.42    2.30    6.02    4.47   -8.12   -8.50   -5.92
    4.13   14.67   14.81   13.53   12.73    9.83    7.14
   17.43   26.51   27.37   26.37   23.66   16.28   12.19
2010 2019
   -3.72   -5.11    5.86   19.78  -10.27  -31.88  -48.57
   -3.52    0.09    6.31   14.38    7.00  -19.58  -27.57
   -4.50    1.27    4.27    7.07   12.79    6.48   -3.51
   -7.04   -0.54    1.03    2.61   12.80   10.88    7.20
   -3.24    2.06    2.71    2.66    2.50    7.07   18.75
2020 2029
  -10.51   -6.73  -10.74  -12.41  -11.02  -18.18  -33.69
   -4.61   -1.53   -7.60  -12.34  -10.95  -15.69  -28.48
    2.30    4.95   -3.23   -8.48   -6.35   -7.14  -10.36
   10.52   12.51    2.55   -3.22    5.25   11.24   12.46
   17.50   20.74   10.08   -0.18    2.50    9.93   12.66
2030 2039
    3.71   -0.77    6.70   18.45    8.60    0.31   -2.75
   -6.00   -6.12    0.32    7.03   18.51   20.78   18.74
   -8.81   -5.73   -1.12    3.44   22.60   32.64   30.68
   -7.08   -0.53    2.88    8.59   31.52   32.26   22.06
   -1.49   10.20   17.52   22.35   24.41   16.29    9.83
2040 2049
  -18.24   -8.39   -5.91   13.00   43.06   27.25   15.38
   -7.09   -4.17   -6.98   -1.73   37.71   42.98   37.81
   -2.24   -1.32   -5.55   -5.21   16.64   31.83   39.18
    2.30    4.64    2.94    5.97   27.52   35.99   36.14
    5.34   12.08   20.75   27.19   32.54   30.16   29.31
2050 2059
   -7.91   -6.33  -12.63  -23.03  -33.04  -34.26  -47.80
   -7.17   -6.13  -11.98  -19.88  -26.10  -22.28  -24.24
   -5.77   -1.95   -8.68  -15.41  -10.43   -1.49   -2.87
   -1.25    6.29   -2.08   -8.53   -0.16    6.25    4.83
    9.12   24.51   18.77    5.82   -0.77   -0.46    4.10
2060 2069
  -10.52   -5.24  -14.83  -32.08  -52.52  -42.27  -32.37
   -0.24    0.89  -13.39  -30.31  -56.09  -46.40  -32.54
    4.17    2.48  -10.69  -23.56  -30.38  -15.57   -9.63
    4.70    1.22   -7.32  -13.70  -11.98   -3.48    0.92
    3.07    1.82   -5.97  -13.98  -10.92   -1.67    7.50
2070 2079
   -3.57    5.17   -5.81  -10.89   -3.90  -16.83  -44.17
   -1.83   -0.55  -11.62  -16.33    8.36   10.73   -5.96
    1.30    1.70  -10.14  -12.05   16.29   27.22   30.78
    7.15   13.01    1.54    3.96   39.62   51.68   60.15
   16.79   33.45   32.49   31.93   37.53   44.21   54.39
2080 2089
  -28.78  -27.68  -29.65  -26.22  -15.93  -25.27  -39.68
  -18.77  -21.43  -24.57  -21.15    2.11    1.54   -8.71
  -11.31  -13.01  -14.41   -9.12   13.55   10.69    1.79
   -1.00    1.49    2.32   12.03   34.84   24.20   15.41
   10.35   25.69   39.92   43.51   36.39   26.31   26.09
2090 2099
  -21.56  -16.39  -12.08   -8.89  -23.16  -30.78  -40.78
  -10.81   -7.88  -10.44   -9.20   -0.37  -13.28  -33.00
   -1.65    2.03   -5.19   -6.00   11.04    3.38  -15.83
    9.33   15.37    4.51    5.28   26.29   16.25    3.72
   22.26   33.34   29.17   25.25   28.94   25.32   20.86
