Mean monthly rainfall - Model Simulations
NaN indicates insufficient data is available
Refer to Accompanying Documentation
GRIDBOX LONGITUDES
           7
   33.75   36.25   38.75   41.25   43.75   46.25   48.75
GRIDBOX LATITUDES
           5
   13.75   11.25    8.75    6.25    3.75
MODEL CLIMATOLOGY 1970-1999 (mm)
    0.90    3.01    5.59    3.30    3.37    4.10    2.86
    2.85    6.50   11.82    6.21    4.78    3.76    2.34
    6.33   12.42   19.19   10.66    5.14    2.23    2.54
   10.63   15.35   17.35    8.04    2.40    1.10    4.95
   20.69   17.13   11.32    4.63    2.19    3.62   15.70
Mean Anomalies over 10-year time slices (%)
2000 2009
   19.64  -16.15   23.79  -13.66  -68.49  -56.51  -21.60
   27.57   14.74   33.31   -3.78  -53.32  -48.85  -31.43
   55.68   62.90   32.32   -2.90  -38.78  -64.38  -40.93
   51.22   50.70   30.43    0.51  -23.69  -67.37  -32.97
   13.29   -0.44   -7.52  -23.00  -62.34  -52.50  -23.56
2010 2019
  -41.01  -61.73  -41.40  -51.76  -75.82  -64.12  -49.45
  -17.61  -17.53  -20.62  -52.94  -73.24  -51.44  -27.55
   -6.11   -2.06  -16.44  -34.89  -58.81  -72.60  -39.23
   -4.61   -3.77   -4.66   18.39   42.42  -31.31  -38.33
  -24.48  -14.86    1.73   71.24   18.55  -53.36  -23.93
2020 2029
  -39.95  -53.29  -30.66  -17.70    4.44   -4.55  -31.93
   10.92    0.66    7.18   20.52   28.64   -5.85  -28.65
    3.43   13.17   22.13   12.71   16.04   -0.86  -26.02
   -8.05    2.19   14.14   20.49   54.75   -1.15  -25.49
  -17.36  -14.98   -4.60  -10.34  -44.30  -48.07  -20.73
2030 2039
    4.09  -31.81  -14.42   33.43  -13.00  -38.84  -25.71
  -31.10  -23.44  -13.50    1.02  -27.79  -45.69  -38.32
  -46.51  -29.39  -25.51  -32.06  -28.32  -33.79  -38.83
  -53.01  -30.03  -16.96    1.52   50.27    0.85  -29.92
  -31.81   -6.09   27.50   56.72   15.42  -30.52  -21.29
2040 2049
  -31.93  -80.39  -57.94   -1.72  -30.26  -54.32  -28.69
  -24.20  -67.32  -54.66  -46.75  -65.98  -51.77  -23.46
   -8.11  -28.78  -28.39  -36.43  -47.92  -42.68  -31.30
   -1.13    9.38   13.36    0.39   -4.09  -27.13  -40.86
   15.10   21.46   28.05   11.76  -42.69  -57.60  -32.58
2050 2059
   53.23  -52.60  -37.11   74.05  -14.28  -38.91  -42.33
   -4.59  -34.41  -36.24  -22.98  -59.88  -56.44  -44.81
   -1.23   -4.99  -27.43  -46.56  -68.97  -67.96  -37.22
   26.22   56.16   27.75   -7.32  -26.60  -31.65   -6.36
   60.19   79.46   72.90   29.27  -21.78    3.06   15.34
2060 2069
  -57.98  -79.42  -61.85  -44.30  -58.48  -47.32  -31.49
  -57.58  -55.15  -44.04  -25.14  -35.27  -27.40  -21.27
  -34.35  -15.28  -11.96    0.78   -7.33   19.68   -4.37
   -9.66   14.89   30.83   51.59   60.50   33.52   11.16
   17.38   47.07   97.00  129.99   57.44   17.47   10.42
2070 2079
  -61.79  -88.60  -82.60  -87.46  -86.80  -77.04  -67.49
  -50.95  -71.94  -67.52  -58.30  -68.24  -72.15  -51.04
  -32.67  -45.81  -35.41  -30.28  -49.67  -75.58  -33.23
  -23.59   -4.71    4.00   -2.03  -15.52  -45.99  -22.71
   13.76   45.77   49.17   19.15  -42.47  -40.43  -17.89
2080 2089
  -95.72  -90.85  -74.93  -51.98  -62.94  -63.95  -60.76
  -75.64  -66.87  -57.99  -61.28  -68.67  -66.04  -51.49
  -28.63  -26.54  -29.37  -43.49  -46.47  -50.07  -25.66
   20.42   39.80   32.07   12.25    4.92  -17.66   -7.99
   91.35  118.45  140.79  120.93   34.64   -5.73    6.90
2090 2099
  -14.91  -71.13  -72.98  -64.68  -41.28  -54.26  -62.57
   21.05  -10.16  -35.74  -27.57  -32.30  -41.46  -49.11
   58.23   35.64   -1.85   -2.05  -17.03  -40.29  -34.55
   85.40   85.38   63.12   42.91   13.07  -41.28  -11.93
  145.05  183.63  180.92  124.71   13.77   -3.61   12.19
