Mean monthly rainfall - Model Simulations
NaN indicates insufficient data is available
Refer to Accompanying Documentation
GRIDBOX LONGITUDES
           7
   33.75   36.25   38.75   41.25   43.75   46.25   48.75
GRIDBOX LATITUDES
           5
   13.75   11.25    8.75    6.25    3.75
MODEL CLIMATOLOGY 1970-1999 (mm)
    6.30    6.56    5.21    2.84    2.34    2.50    3.11
   28.80   31.14   24.77   11.84    6.37    5.53    8.36
   64.43   71.87   58.63   29.18   17.34   14.86   19.34
   85.54   74.19   54.85   32.65   25.02   24.28   28.90
   92.49   63.39   39.59   23.80   24.93   31.00   42.90
Mean Anomalies over 10-year time slices (%)
2000 2009
   -6.76   -4.57   -3.23   -4.77  -16.00  -21.21  -17.69
   -3.24   -1.47   -1.28   -5.50  -14.98  -25.71  -23.17
   -2.36   -1.46   -2.40   -8.41  -13.26  -18.77  -19.49
   -2.09   -2.94   -4.19   -6.97  -13.48  -15.45   -9.28
   -1.10   -2.72   -5.03   -6.97   -8.53   -4.29    3.38
2010 2019
  -24.15  -18.98  -15.96  -14.84   -5.80   -2.48   -0.43
  -10.69   -7.75   -6.34   -7.35  -11.97  -12.91   -4.34
   -4.00   -1.66   -1.24   -4.72   -9.32   -9.22   -1.75
   -3.26    0.31    1.64   -3.24   -6.07   -4.20    1.71
   -2.31    0.52    2.39   -2.24   -4.63   -0.52    5.73
2020 2029
   13.17   42.17   59.42   61.44   56.40   36.21   12.67
    7.83   19.16   25.13   24.78   18.45    6.94    3.72
    6.39   10.34   13.79   20.22   17.49    9.98    7.09
    5.97    7.17   10.03   17.03   12.98    7.74    6.95
    4.01    8.33   13.48   14.83    8.56    7.47   10.79
2030 2039
   -2.02   -2.09    4.63   34.36   66.04   60.12   31.35
   -1.00    2.59    8.19   25.40   43.54   40.76   22.42
    0.01    2.00    5.14   14.99   25.24   26.74   19.05
   -0.97    3.95    9.78   17.10   15.08   13.56   16.72
    1.57    6.99   13.93   18.28    9.33    7.89   13.43
2040 2049
    8.57   -0.89   -5.75   -2.29    6.49    7.15    2.33
    3.51    3.83    5.96   14.59    8.96   -2.54   -1.12
    1.45    4.58    7.61   13.94   15.21   10.49    6.21
    0.56    5.60   10.98   16.62   17.44   16.03   15.55
    2.54   11.95   23.84   29.43   20.03   17.63   21.23
2050 2059
  -13.33    2.36   21.44   60.07   54.87   27.54    7.87
   -5.39    5.11   13.37   24.66   19.08    4.66    4.78
   -1.79    6.31   12.02   19.02   17.37    9.88    6.62
   -1.39    8.54   18.05   25.50   20.40   12.87   10.38
    2.22   16.28   30.26   29.29   16.58   11.88   13.34
2060 2069
  -10.81    3.73   18.07   48.48  108.59  121.32   92.02
   -1.73    8.47   17.69   35.44   48.67   51.04   44.19
    4.16   10.79   16.66   28.11   30.98   26.47   22.58
    4.67   12.54   19.91   25.71   21.51   16.94   18.50
    6.78   18.92   31.04   29.31   14.96   14.32   21.81
2070 2079
    1.94   13.91   23.45   41.06   98.41  111.73   83.04
    2.88   15.86   25.55   39.10   53.34   62.08   56.67
    5.75   14.63   21.99   35.41   41.63   40.13   36.09
    7.25   19.31   30.88   40.90   37.45   29.99   26.78
   10.13   28.09   46.96   47.79   25.15   16.28   20.01
2080 2089
  -14.35   -7.10    3.79   30.08   34.54   26.63   20.98
   -4.54    8.02   16.86   25.98   21.53   10.90   11.30
   -1.29   13.09   23.15   35.17   36.39   30.97   26.34
   -0.34   16.17   32.49   46.96   42.71   32.45   27.59
    6.86   28.67   52.33   55.47   24.32   15.59   25.99
2090 2099
  -19.46    0.72   13.57   20.66   43.95   42.58   27.68
   -9.97    3.16   13.66   28.84   27.34   17.55   17.98
   -3.76    7.17   16.44   32.43   32.55   19.68   11.06
    1.08   17.92   34.79   49.45   34.82   15.27    9.66
   10.52   35.38   59.47   53.11   16.38    5.33   14.97
