Mean monthly rainfall - Model Simulations
NaN indicates insufficient data is available
Refer to Accompanying Documentation
GRIDBOX LONGITUDES
           7
   33.75   36.25   38.75   41.25   43.75   46.25   48.75
GRIDBOX LATITUDES
           5
   13.75   11.25    8.75    6.25    3.75
MODEL CLIMATOLOGY 1970-1999 (mm)
   79.74   87.07   44.83   18.42   13.32   11.38    8.67
  157.27  144.96   97.14   31.53   13.44    7.71    5.40
  221.11  197.55  144.58   73.08   36.74   27.27   20.47
  184.11  168.20  118.56   78.63   48.83   37.03   35.77
  108.03   65.10   42.21   37.93   30.23   35.49   52.27
Mean Anomalies over 10-year time slices (%)
2000 2009
  -11.32   -8.89    3.58    5.55   26.47   55.85   57.00
   -2.67   -2.23   -2.99  -11.82    5.72   31.18   14.72
    0.87    1.43   -0.32  -11.41   -8.19   -5.11  -16.80
   -7.80   -0.52    4.32    0.93    0.42   -5.25  -18.23
  -20.24   -6.07   12.31   13.67   11.51   -5.72  -13.34
2010 2019
   -1.38   -7.37  -15.16  -35.98  -40.82  -10.28   -0.36
    2.60    1.06   -4.94  -23.56  -35.60   -6.02   34.31
    7.88    4.52   -2.98  -13.00  -17.05  -11.83   -4.40
    5.15   -0.24   -0.61    2.36   -4.32   -8.29   -8.97
    2.32   -7.83   -7.23   -5.72  -20.73  -20.88  -12.84
2020 2029
  -12.43  -18.06  -26.17  -36.54  -28.70   -5.35    7.74
   -5.53  -11.02  -20.79  -33.34  -29.45  -13.51   -9.73
   -2.07   -3.38   -8.02  -22.50  -30.20  -38.58  -37.02
   -4.04   -5.22  -10.49  -14.07  -17.49  -29.20  -30.63
   -4.25  -14.64  -19.80  -19.00  -25.58  -35.49  -34.22
2030 2039
  -10.21  -10.26  -13.89  -25.28  -24.85  -12.22  -27.18
   -4.71   -2.03   -2.32   -7.37   16.43   60.80   19.32
    0.78    4.48    1.92   -6.23   -7.79   -5.99  -22.50
    1.50    5.75    2.64   -1.11    3.20   -0.58  -22.06
    5.79    9.65   10.67    7.64   -2.85  -17.11  -21.72
2040 2049
  -20.25  -11.73  -20.06  -52.65  -47.49  -46.30  -52.57
  -10.99   -4.48   -2.13  -27.70  -36.29  -51.44  -63.43
   -6.26   -0.04   -1.16  -15.61  -18.67  -33.15  -45.28
   -5.01   -2.73   -2.50   -4.46  -10.98  -32.14  -39.33
   -8.52  -11.66   -3.16   -9.21  -31.62  -41.92  -33.12
2050 2059
  -31.57  -28.64  -35.33  -62.75  -75.00  -64.55  -51.21
  -20.61  -18.28  -20.58  -43.83  -68.77  -68.09  -51.74
  -14.82   -7.45  -10.16  -24.82  -34.67  -33.71  -27.61
  -12.43   -7.22  -12.05  -17.49  -22.84  -15.81  -10.23
  -12.51  -22.79  -33.64  -34.36  -31.59  -18.97  -12.32
2060 2069
  -28.70  -22.17  -20.35  -44.30  -33.48   -7.08   13.66
  -16.24  -13.41  -16.49  -30.27  -16.10   35.18   69.57
   -7.84   -5.45  -14.06  -21.82  -14.09   -0.11    4.38
    0.26   -0.57   -7.07  -18.71  -19.36  -14.64   -5.30
   -8.45  -23.36  -34.38  -38.07  -39.45  -27.09  -16.28
2070 2079
  -37.16  -26.68  -37.98  -59.32  -68.24  -65.26  -65.48
  -20.45  -16.29  -25.41  -50.76  -69.73  -66.90  -67.88
   -7.56   -5.19  -15.21  -37.14  -46.76  -46.39  -52.34
    4.36    1.87   -7.57  -17.83  -29.64  -39.02  -43.28
   23.52   -2.49  -16.18  -15.14  -34.55  -42.18  -33.28
2080 2089
  -36.28  -26.93  -38.73  -72.63  -75.48  -62.49  -63.61
  -14.40  -10.54  -16.28  -45.96  -65.24  -50.90  -44.54
   -4.07   -2.65   -6.61  -29.22  -36.91  -28.15  -34.88
   -1.85   -3.66  -13.42  -27.31  -34.65  -36.92  -35.50
    2.32   -7.61  -29.72  -45.19  -51.43  -43.82  -35.99
2090 2099
  -28.05  -21.07  -32.90  -44.08  -25.55  -11.24    2.94
  -13.34   -8.82   -9.17  -25.97  -34.40   -9.18   61.23
   -2.31    2.71   -5.75  -24.36  -25.37   -8.64   11.41
    2.02    8.65    1.49  -10.42  -16.77  -15.17   -7.25
   20.48   -0.37  -15.15  -22.04  -37.80  -33.41  -21.16
