Mean monthly rainfall - Model Simulations
NaN indicates insufficient data is available
Refer to Accompanying Documentation
GRIDBOX LONGITUDES
           5
  -13.75  -11.25   -8.75   -6.25   -3.75
GRIDBOX LATITUDES
           5
   11.25    8.75    6.25    3.75    1.25
MODEL CLIMATOLOGY 1970-1999 (mm)
  207.74  205.42  218.52  242.93  243.76
  457.93  369.72  293.72  266.85  246.39
  447.45  384.59  261.54  193.11  166.65
  159.33  160.50  133.10  109.53  126.68
   31.15   32.39   38.32   47.59   65.99
Mean Anomalies over 10-year time slices (mm)
2000 2009
   16.68    9.55    8.35    0.68   -3.18
   27.67    2.14   -9.08  -10.64  -12.66
   15.63  -17.14  -33.53  -22.55  -10.08
  -12.20  -30.37  -41.73  -37.51  -31.66
   -9.18  -12.97  -16.65  -21.70  -29.55
2010 2019
   44.42   41.02   31.05   16.21    7.93
   54.23   36.91   23.75   15.57   11.51
    6.82  -10.36  -14.65   -5.85    0.33
  -32.69  -39.97  -37.81  -26.76  -20.73
  -16.19  -17.62  -18.16  -18.38  -19.06
2020 2029
   15.44   16.96   13.14   -5.15  -22.50
   32.20   17.95   14.48    8.31   -2.33
   24.73    4.13    0.94    4.57    4.48
  -10.51  -18.61  -18.43  -15.97  -12.84
  -11.02  -13.06  -14.09  -15.86  -16.40
2030 2039
    0.95    2.60    1.67    0.17  -11.33
   30.04   17.54   10.58   11.64    4.81
   37.60   16.97    2.48    0.42   -0.38
   10.11   -3.68  -15.46  -20.42  -22.07
   -4.43   -8.01  -11.86  -16.88  -22.27
2040 2049
   14.65   14.32    1.55  -19.13  -24.17
   36.44   17.94    5.27   -6.03  -10.78
   33.75    3.27   -3.01    0.78   -2.55
    7.35  -10.81  -19.85  -20.88  -24.71
   -3.97   -8.33  -13.46  -19.60  -26.26
2050 2059
   10.13    8.52    2.14  -13.43  -23.69
   16.16    5.76   -0.60   -1.69   -2.87
    2.30  -18.75  -20.19  -15.21   -8.43
   -9.27  -26.42  -32.95  -32.75  -34.39
   -8.41  -12.55  -16.69  -21.57  -27.59
2060 2069
   -0.24    0.35   -8.65  -29.22  -44.48
   18.53   11.56    3.59   -0.22   -6.76
   22.69    1.56   -3.77   -1.62   -1.70
   -4.23  -19.01  -26.07  -26.65  -28.86
   -9.37  -12.30  -15.68  -21.06  -26.72
2070 2079
   -7.39   -5.59  -11.94  -22.84  -35.81
   -1.56   -5.61   -4.15   -4.13  -10.99
   29.41    1.73   -2.14   -1.49   -3.24
   12.69   -7.51  -16.36  -16.44  -13.57
   -6.09  -10.29  -13.52  -15.08  -15.50
2080 2089
  -10.27   -8.39   -9.40  -24.13  -36.73
   10.79    3.22   -0.87   -4.02   -6.97
   28.05    3.48    4.18    6.36    4.87
   21.88    3.69   -2.52   -4.00   -4.25
    5.06    1.71   -2.75   -5.87   -9.37
2090 2099
   -8.47  -17.45  -31.65  -45.50  -55.01
   14.41  -13.64  -25.97  -31.91  -36.85
    7.86  -26.80  -28.78  -25.80  -26.60
  -24.75  -42.66  -42.49  -39.73  -41.19
  -12.81  -16.61  -19.71  -25.39  -32.88
