Mean monthly rainfall - Model Simulations
NaN indicates insufficient data is available
Refer to Accompanying Documentation
GRIDBOX LONGITUDES
           4
   28.75   31.25   33.75   36.25
GRIDBOX LATITUDES
           5
    6.25    3.75    1.25   -1.25   -3.75
MODEL CLIMATOLOGY 1970-1999 (mm)
  142.80  137.38  150.92  140.13
  223.15  172.29  120.41   83.31
  269.33  180.83  104.02   62.58
  244.03  161.10   89.56   55.53
  195.42  138.91   84.65   58.07
Mean Anomalies over 10-year time slices (mm)
2000 2009
   12.75   16.57   20.03   16.12
   15.93   22.72   20.71   15.59
   18.09   28.00   18.29    5.93
   23.00   29.33   19.54    6.45
   21.40   19.27    7.72    0.78
2010 2019
  -20.85  -21.54   -9.42    4.30
  -18.34  -10.15    0.59    5.80
    2.61   12.30    9.63    1.87
   28.72   31.74   17.43    4.28
   35.14   30.37   17.32    4.80
2020 2029
   -9.00   -8.88    1.94   15.28
  -23.15  -10.54   11.02   25.10
  -34.59  -12.52   10.09   13.70
  -18.33    0.65   14.76    4.63
    9.24   16.21   15.20    1.77
2030 2039
  -15.76  -19.63  -15.73  -10.07
   -1.70   -9.80  -14.20   -9.25
   27.38   12.95  -10.27  -14.74
   27.54   18.84   -3.97  -12.78
   16.15   11.74    0.49   -9.15
2040 2049
   -4.98   -0.68    6.88   16.55
    6.48   18.24   18.86   15.89
   20.26   35.25   20.04    5.45
   18.20   30.25   16.78    3.89
   26.06   29.98   13.97    2.30
2050 2059
  -24.36  -18.58   -6.61    0.33
  -18.31   -7.40   -2.56   -0.40
    1.97    6.48   -2.66   -7.07
   18.28   15.63    2.23   -6.60
   26.95   18.36    1.36   -9.76
2060 2069
    0.56    2.62    6.89   13.01
   11.98   21.17   24.87   28.43
   22.76   40.44   36.02   27.95
   24.42   42.57   36.89   23.51
   20.35   29.26   23.56   14.25
2070 2079
  -20.29  -20.38  -12.55   -2.66
  -28.49  -17.31    2.02   14.43
  -23.25   -8.93    6.15    9.87
    2.02    9.08   10.80    3.10
   25.67   20.09   13.60    2.79
2080 2089
   -0.79    8.73   32.64   47.34
    5.07   27.69   44.32   41.18
   29.22   62.98   55.80   29.44
   55.70   77.70   50.77   20.87
   50.81   54.54   30.79   10.73
2090 2099
  -12.62  -16.96  -10.11    7.37
  -12.98  -11.25   -6.78    3.70
    1.84   11.69    6.60    2.80
    8.93   25.66   19.64    5.70
    4.82   15.51   15.07   -0.75
