Mean monthly rainfall - Model Simulations
NaN indicates insufficient data is available
Refer to Accompanying Documentation
GRIDBOX LONGITUDES
           4
   28.75   31.25   33.75   36.25
GRIDBOX LATITUDES
           5
    6.25    3.75    1.25   -1.25   -3.75
MODEL CLIMATOLOGY 1970-1999 (mm)
  101.58   50.09   65.62  148.17
  134.39   75.83   63.38   97.05
  157.54   93.99   63.97   67.48
  160.04   89.50   73.82  113.01
  130.19   87.05   97.31  160.97
Mean Anomalies over 10-year time slices (mm)
2000 2009
    8.13    2.57    0.72    2.58
    8.11    0.47   -3.05   -2.45
    6.07   -2.19   -6.40   -6.58
    1.63   -3.81   -6.78   -7.30
   -0.30   -3.03   -5.11   -6.51
2010 2019
    4.20    1.33    3.36   10.28
    3.42   -0.40    0.13    5.04
    1.55   -2.57   -3.02    0.22
   -2.42   -5.23   -5.09   -1.99
   -4.38   -6.66   -5.95   -2.25
2020 2029
    1.79    0.84    2.45    6.64
    5.09    2.67    2.06    3.26
    8.38    4.64    2.14    0.90
   10.82    6.06    3.46    3.03
    8.99    5.18    4.14    5.86
2030 2039
    1.42   -2.36   -2.19    1.91
    1.06   -3.65   -4.23   -0.68
    0.64   -4.57   -5.37   -1.77
    0.48   -4.39   -4.00    1.66
   -0.66   -5.77   -4.31    3.71
2040 2049
    5.34    1.08    2.27    8.93
    9.06    4.16    2.90    5.29
   12.24    6.58    3.22    2.16
   11.90    5.43    2.12    1.96
    7.94    4.06    1.85    1.32
2050 2059
   -0.05   -3.18    1.36   13.59
   -0.49   -3.79   -1.14    7.45
   -0.69   -4.07   -3.37    1.41
   -1.71   -3.87   -2.94    1.08
   -1.60   -4.40   -3.73    0.41
2060 2069
    0.66   -2.67   -0.58    6.92
    0.99   -6.14   -6.20    0.82
    1.45   -8.14   -9.83   -3.62
    1.02   -5.92   -7.02   -2.30
   -1.18   -5.69   -5.25    0.12
2070 2079
    4.90   -1.69    1.21   13.61
    6.98   -2.65   -3.08    5.71
    6.60   -3.89   -6.41   -0.96
    0.19   -5.47   -5.33    0.62
   -2.52   -5.40   -3.53    3.09
2080 2089
    1.97   -2.07    2.67   16.19
    6.47   -3.15   -2.49    8.44
    8.59   -3.99   -6.18    2.04
    3.07   -4.26   -3.27    6.05
   -0.80   -7.53   -3.49   11.30
2090 2099
    2.17   -4.10    0.05   14.62
    2.00   -8.32   -7.31    5.01
   -0.29  -12.19  -13.43   -4.03
   -6.43  -13.28  -12.56   -4.28
   -7.07  -13.89  -11.35    0.55
