Mean monthly rainfall - Model Simulations
NaN indicates insufficient data is available
Refer to Accompanying Documentation
GRIDBOX LONGITUDES
           4
   28.75   31.25   33.75   36.25
GRIDBOX LATITUDES
           5
    6.25    3.75    1.25   -1.25   -3.75
MODEL CLIMATOLOGY 1970-1999 (mm)
  162.71  157.91  139.64  164.66
  175.28  160.68  122.96  115.25
  187.71  158.53  105.91   70.12
  226.29  164.36   92.83   61.19
  185.24  133.00   81.92   62.41
Mean Anomalies over 10-year time slices (mm)
2000 2009
   -1.34   -0.33    1.62   -1.64
   -0.70    1.35    4.65    2.11
    1.30    5.65    8.80    5.08
    7.32   15.92   15.20    8.20
   11.15   18.03   15.59   10.07
2010 2019
    4.25    7.14    9.05   12.56
    4.57    9.01   12.20   13.85
    4.50   11.12   12.14    9.59
    7.28   20.15   15.38    9.49
   10.39   20.83   15.50    9.43
2020 2029
   -3.48   -0.71    3.77    7.50
    0.68    5.21   10.14   10.82
    4.84   10.63   14.09   10.33
    2.62    9.91   12.47    8.68
    5.75   11.30   11.27    8.35
2030 2039
   -5.83   -3.24   -0.76   -1.88
   -3.16    0.93    5.17    4.06
    3.25    7.87    9.16    6.01
   14.44   20.08   11.44    6.07
   15.97   20.63   13.95    8.95
2040 2049
    1.62    5.80    9.60   12.15
    3.04    8.11   13.07   15.36
    6.82   10.64   12.37   10.75
   14.55   17.56   13.11    9.16
   12.55   14.25   11.33    7.91
2050 2059
   -1.31    3.78    7.86    6.12
    5.16   11.61   14.91   13.54
   13.46   20.14   18.02   13.11
   19.40   28.93   20.45   12.10
   19.81   26.80   19.55   11.82
2060 2069
   -2.50    3.98   10.51   14.65
    2.64   11.11   17.09   18.69
    9.46   18.05   20.04   15.48
   12.84   22.20   21.38   13.62
   17.13   23.77   22.27   12.92
2070 2079
   -2.79    1.88    8.66   13.55
    2.98    9.95   14.91   16.27
    9.08   17.59   18.53   13.55
   10.60   21.57   21.65   13.65
    8.88   15.35   15.06    8.28
2080 2089
   -3.08    4.74   11.33   14.95
    0.99   10.76   21.00   23.15
    7.96   17.71   27.14   22.83
   18.88   31.93   36.79   24.72
   19.99   28.52   30.32   20.41
2090 2099
    1.50    5.82   12.08   16.28
    9.18   14.66   20.11   22.08
   14.88   21.98   24.46   19.12
   14.59   27.33   27.65   16.89
   16.88   26.69   26.08   15.99
