Mean monthly rainfall - Model Simulations
NaN indicates insufficient data is available
Refer to Accompanying Documentation
GRIDBOX LONGITUDES
           4
   28.75   31.25   33.75   36.25
GRIDBOX LATITUDES
           5
    6.25    3.75    1.25   -1.25   -3.75
MODEL CLIMATOLOGY 1970-1999 (mm)
  128.98  125.05  154.09  193.37
  247.45  233.10  171.19  108.48
  406.57  368.22  205.49   81.40
  217.28  175.66   89.81   31.96
   70.24   52.85   27.06   10.19
Mean Anomalies over 10-year time slices (mm)
2000 2009
    9.51    7.77   -0.45   -2.36
   21.12    8.75   -5.47   -3.89
    4.94  -19.64  -20.07   -4.12
   -3.61   -5.87   -6.34   -1.28
   -0.08    0.33   -1.48   -0.45
2010 2019
   -2.04    2.14    5.98   19.24
   -2.49   -1.14    0.63    2.45
   12.00   12.20   13.44    8.71
   -7.31    3.75   10.81    7.06
   -4.14   -1.62    1.65    1.57
2020 2029
    0.12    0.05   -9.82   -9.68
    2.37   -1.34   -6.27   -2.71
   -9.67  -16.52   -8.22   -1.32
  -17.24  -16.26   -4.64   -1.35
  -14.48  -11.87   -4.64   -1.56
2030 2039
    1.90    6.22   -0.42   -1.05
    2.22   -1.49   -7.18   -6.14
  -10.05  -15.77   -4.02    2.47
   -5.34   -1.07    4.94    4.57
   -0.44    1.97    1.83    1.10
2040 2049
    3.97    1.34   -0.99    2.24
   11.54   -3.99  -13.34   -9.63
    0.16  -23.84  -19.45   -7.15
  -16.40  -14.71   -3.07    1.64
   -7.81   -4.46    1.16    1.21
2050 2059
    6.48    5.80    0.30    1.61
   20.62    5.69   -4.03   -3.15
   -0.99  -29.54  -22.32   -7.23
  -16.30  -25.27  -13.72   -3.71
   -7.78   -8.76   -4.11   -0.79
2060 2069
    1.68    4.49    3.41   13.52
   -4.85   -0.78    2.83    5.43
   -4.68   -3.25    5.81    6.17
   -5.24    3.35    5.28    4.01
   -5.58   -1.64   -0.39    0.19
2070 2079
    9.56   12.09    9.07   10.75
   25.73   13.83    1.70   -3.41
   -7.92  -25.43  -16.66   -4.60
  -16.12  -19.10   -6.88   -1.17
  -11.56  -11.01   -4.20   -0.52
2080 2089
    9.38    8.99   -2.04   -4.12
   24.80    7.27   -9.19   -9.25
   -7.21  -35.83  -31.17  -16.70
  -32.67  -29.05  -18.03   -7.75
  -17.27  -11.88   -5.95   -1.68
2090 2099
    9.64    9.08    3.81    7.75
   19.41    6.57    0.43    0.32
   16.24  -12.12   -9.73   -1.80
  -10.01  -15.58   -3.04    1.77
   -8.69   -7.00   -1.06    0.81
