Mean monthly rainfall - Model Simulations
NaN indicates insufficient data is available
Refer to Accompanying Documentation
GRIDBOX LONGITUDES
           4
   31.25   33.75   36.25   38.75
GRIDBOX LATITUDES
           4
   -8.75  -11.25  -13.75  -16.25
MODEL CLIMATOLOGY 1970-1999 (mm)
    3.53    4.26    5.58   23.41
    3.34    5.76    7.38   26.03
    3.49    5.62   10.28   34.06
    6.47   10.96   17.00   40.03
Mean Anomalies over 10-year time slices (mm)
2000 2009
   -1.63   -1.27   -1.48   -5.77
   -2.02   -1.91    3.28   -2.59
   -2.35   -2.58    1.56   -2.06
   -2.34   -1.20   -2.73   -5.13
2010 2019
    0.52    0.30   -0.94   -5.92
   -0.19   -0.04    2.42   -3.94
   -1.58   -2.01    1.09   -3.98
   -1.83   -0.87   -2.01   -6.66
2020 2029
    1.14   -0.19   -0.05   -2.96
    0.31   -0.88    0.51   -2.22
    0.48   -0.30   -0.25   -1.52
   -0.03   -0.97    0.32    0.01
2030 2039
    0.39   -0.39   -0.88   -3.03
   -0.54   -1.56   -1.17   -3.90
   -1.64   -2.22   -2.59   -8.49
   -2.32   -2.23   -6.40  -14.46
2040 2049
   -0.15   -0.64   -1.17   -4.69
   -1.02   -1.60    0.37   -2.08
   -2.07   -2.25   -0.17   -1.37
   -1.41    0.14   -2.27   -4.12
2050 2059
    0.11   -1.69   -0.91   -5.00
   -1.20   -2.91   -0.64   -3.65
   -2.37   -3.53   -3.25   -4.99
   -3.01   -3.66   -7.55  -11.49
2060 2069
   -1.07   -1.72   -0.42   -6.47
   -2.07   -3.38   -1.04   -6.24
   -2.81   -3.81   -4.00   -7.92
   -3.46   -4.67   -6.28   -9.56
2070 2079
   -1.26   -1.52   -1.92   -7.91
   -1.48   -2.40   -0.63   -6.02
   -2.15   -3.19   -2.67   -5.83
   -2.30   -2.60   -6.75   -9.20
2080 2089
    0.47   -1.75   -1.37  -10.44
   -1.52   -3.54   -2.99  -10.33
   -2.49   -3.93   -5.44  -12.96
   -3.81   -5.88   -9.07  -16.86
2090 2099
   -1.46   -3.63   -4.09  -12.30
   -2.43   -4.59   -5.14  -11.73
   -2.96   -4.16   -5.88  -11.68
   -4.63   -6.35   -9.20  -15.50
