Mean monthly rainfall - Model Simulations
NaN indicates insufficient data is available
Refer to Accompanying Documentation
GRIDBOX LONGITUDES
           4
   31.25   33.75   36.25   38.75
GRIDBOX LATITUDES
           4
   -8.75  -11.25  -13.75  -16.25
MODEL CLIMATOLOGY 1970-1999 (mm)
   57.43   45.37   54.45   60.28
   56.81   49.36   57.97   74.43
   44.46   50.52   56.95   74.96
   33.07   43.11   57.07   91.90
Mean Anomalies over 10-year time slices (mm)
2000 2009
   -4.10   -1.22   -0.62   -4.90
   -6.67   -7.13   -3.77   -5.96
   -6.08   -7.40   -6.29   -5.77
   -5.91   -6.00   -4.47   -5.89
2010 2019
    6.38    5.38    2.69   -2.18
   -1.38    0.05   -1.69   -5.12
   -2.83   -1.57   -0.57   -3.23
   -0.40   -1.83   -0.91   -1.44
2020 2029
   -3.24   -0.82   -1.48   -6.18
   -1.15   -1.37   -5.38  -13.30
   -0.13   -0.57   -2.35   -7.96
   -1.44   -0.07    5.48    4.50
2030 2039
    1.95    0.72   -0.44    2.29
   -1.28   -1.13   -4.34   -9.75
   -1.56   -0.82   -5.02  -13.81
   -1.18   -0.60   -2.71  -10.63
2040 2049
    0.50    1.36    3.89    6.07
   -9.89   -8.20   -9.60  -14.02
  -13.54  -17.52  -18.19  -18.78
  -13.89  -18.80  -20.62  -21.73
2050 2059
    6.22    6.13    6.16    2.29
    1.08    3.80   10.45    8.02
   -0.69    2.21    6.91    6.68
   -0.90    0.42    1.19    1.16
2060 2069
   -3.08   -2.81   -9.15   -7.81
   -9.18   -6.03  -10.87  -17.29
   -9.49   -7.64   -7.90  -17.55
   -8.34  -10.79  -15.48  -26.70
2070 2079
    1.89    1.25   -0.81    0.82
   -7.81   -3.59   -4.76   -9.26
   -6.55   -4.24   -5.53  -10.18
   -6.80   -5.92   -2.38   -8.01
2080 2089
   -8.69   -7.54   -3.84   -1.32
  -20.82  -14.47  -11.44   -9.19
  -18.07  -15.30  -10.61   -9.22
  -11.22  -13.82   -8.69   -4.72
2090 2099
    6.19    6.73    3.69    3.60
   -0.95    6.27    3.85    0.71
   -2.72    1.66    1.36    0.10
   -5.62   -4.07    2.92    5.95
