Mean monthly rainfall - Model Simulations
NaN indicates insufficient data is available
Refer to Accompanying Documentation
GRIDBOX LONGITUDES
           4
   31.25   33.75   36.25   38.75
GRIDBOX LATITUDES
           4
   -8.75  -11.25  -13.75  -16.25
MODEL CLIMATOLOGY 1970-1999 (mm)
    0.19    0.24    0.37    3.43
    0.25    0.25    0.55    3.24
    0.22    0.65    1.55    4.40
    1.26    2.59    9.93   14.30
Mean Anomalies over 10-year time slices (mm)
2000 2009
   -0.16   -0.10   -0.11   -0.47
   -0.21   -0.14   -0.23   -0.49
   -0.12   -0.35   -0.90   -0.18
   -0.47   -1.09   -2.08   -0.82
2010 2019
   -0.15   -0.05   -0.12   -0.47
   -0.18   -0.07   -0.21   -0.70
   -0.07   -0.03   -0.23   -0.64
   -0.23   -0.23   -0.59   -0.52
2020 2029
   -0.17   -0.10   -0.13   -0.53
   -0.21   -0.16   -0.30   -1.08
   -0.12   -0.35   -0.80   -1.06
   -0.42   -1.09   -2.73   -2.69
2030 2039
   -0.13   -0.14   -0.18   -0.22
   -0.17   -0.15   -0.23   -0.63
   -0.09   -0.30   -0.62   -0.83
   -0.34   -0.51   -0.87   -2.36
2040 2049
    0.22    0.02   -0.16   -0.32
   -0.03   -0.10   -0.33   -0.89
   -0.12   -0.33   -0.53   -1.30
   -0.47   -0.72   -1.55   -2.27
2050 2059
   -0.17   -0.11   -0.11   -0.68
   -0.22   -0.11   -0.10   -0.77
   -0.12   -0.35   -0.61   -1.04
   -0.41   -0.51   -2.12   -3.71
2060 2069
   -0.06   -0.10   -0.03    0.00
   -0.20   -0.16   -0.29   -0.52
   -0.11   -0.29   -0.83   -1.56
   -0.29   -0.60   -1.92   -3.09
2070 2079
    0.21   -0.07   -0.16   -0.24
   -0.04   -0.11   -0.23   -0.86
   -0.15   -0.36   -0.73   -1.80
   -0.67   -1.25   -2.41   -3.73
2080 2089
   -0.16   -0.17   -0.12    0.07
   -0.19   -0.07   -0.26   -0.46
   -0.13   -0.20   -0.22   -0.69
   -0.49   -0.99   -1.62   -2.23
2090 2099
   -0.16   -0.18   -0.21   -0.34
   -0.14   -0.16   -0.32   -1.01
   -0.08   -0.18   -0.54   -1.86
   -0.59   -0.74   -2.53   -4.17
