Maximum 5-day rainfall - Model Simulations
NaN indicates insufficient data is available
Refer to Accompanying Documentation
GRIDBOX LONGITUDES
           7
   33.75   36.25   38.75   41.25   43.75   46.25   48.75
GRIDBOX LATITUDES
           5
   13.75   11.25    8.75    6.25    3.75
Timeseries in anomalies relative to 1970-1999 mean (mm)
2060s
   18.74   18.10   14.46   12.11   11.05   11.16   12.43
   23.45   21.71   15.94   12.22   10.56   10.55   12.21
   16.90   15.89   13.80   11.84   10.01   11.07   15.03
   16.61   16.23   13.88   12.09   10.85   11.33   13.53
   17.48   17.86   14.59   12.77   12.39   11.34    9.61
2090s
   20.24   18.67   17.79   16.34   14.32   14.15   15.82
   17.55   16.17   16.99   17.01   16.24   16.33   17.28
   13.27   13.78   15.86   16.73   16.37   18.64   23.55
   15.70   15.78   15.23   14.87   14.69   16.58   20.55
   19.24   18.20   14.39   12.32   12.00   12.10   12.61
