Maximum 5-day rainfall - Model Simulations
NaN indicates insufficient data is available
Refer to Accompanying Documentation
GRIDBOX LONGITUDES
           7
   33.75   36.25   38.75   41.25   43.75   46.25   48.75
GRIDBOX LATITUDES
           5
   13.75   11.25    8.75    6.25    3.75
Timeseries in anomalies relative to 1970-1999 mean (mm)
2060s
   -6.29   -5.80   -4.38   -3.29   -2.29   -0.56    0.07
   -6.13   -4.07   -2.34   -1.26   -1.67   -2.24   -1.12
   -6.19   -2.92   -2.31   -0.75    0.24   -0.82   -1.87
   -1.21   -0.62   -1.86    1.04    1.03   -2.48   -4.65
    5.17    0.90   -0.03   -0.09   -1.05   -4.91   -9.08
2090s
   -7.54   -6.76   -1.88    0.27   -2.44   -2.44    0.71
   -3.73   -5.39   -0.83    1.36   -0.99   -2.69   -3.14
   -0.36   -2.89   -2.56   -2.01   -3.18   -5.56   -6.93
   -2.56   -4.75   -4.15   -1.23   -1.04   -3.87   -7.18
   -3.31   -2.69   -0.33    0.68   -1.44   -6.17  -11.43
