Mean monthly rainfall - Model Simulations
NaN indicates insufficient data is available
Refer to Accompanying Documentation
GRIDBOX LONGITUDES
           6
  -13.75  -11.25   -8.75   -6.25   -3.75   -1.25
GRIDBOX LATITUDES
           4
   36.25   33.75   31.25   28.75
MODEL CLIMATOLOGY 1970-1999 (mm)
   50.37   45.60   48.83   51.45   44.06   33.07
   31.55   32.19   37.06   34.99   28.32   20.90
   18.57   21.48   16.08   10.33    6.24    4.09
    9.02    7.81    3.10    1.46    0.94    0.81
Mean Anomalies over 10-year time slices (mm)
2000 2009
  -13.68  -13.43  -12.54  -13.54  -12.56   -9.00
   -9.90  -10.46  -11.88  -11.06   -6.61   -2.18
   -6.61   -8.08   -6.62   -3.51   -0.45    1.00
   -3.03   -3.30   -1.69   -0.79   -0.22    0.29
2010 2019
   -8.03   -6.27   -5.20   -5.61   -5.02   -2.55
   -5.98   -5.50   -5.88   -5.28   -3.90   -2.49
   -4.16   -4.92   -3.82   -2.67   -1.49   -1.23
   -2.52   -2.36   -1.20   -0.79   -0.58   -0.55
2020 2029
  -15.17  -14.16  -16.10  -18.80  -16.11  -11.41
  -11.78  -12.40  -13.61  -12.12   -7.49   -3.74
   -5.89   -7.46   -5.79   -3.28   -1.21    0.29
   -1.82   -1.75   -0.43    0.06    0.04    0.98
2030 2039
   -8.85   -7.94   -9.96  -11.51  -10.19   -6.04
   -4.63   -5.90   -6.53   -6.40   -5.23   -2.63
   -2.55   -3.22   -0.91   -0.42   -0.35    0.14
   -1.49   -0.39    0.79    0.52    0.31    0.16
2040 2049
   -1.86    0.44    0.34   -1.89   -4.59   -3.59
   -1.69   -1.48   -3.08   -3.39   -2.95   -0.97
   -0.75   -1.68   -1.82   -0.45    1.24    1.42
    0.07   -0.26    0.37    1.88    1.35    0.16
2050 2059
  -15.41  -16.60  -19.39  -19.32  -12.69   -5.20
  -11.41  -13.57  -15.49  -12.76   -5.76   -1.30
   -6.68   -9.11   -7.24   -3.34    0.32    0.70
   -2.72   -3.00   -0.96    0.31    0.35   -0.22
2060 2069
  -10.33   -8.50  -10.24  -11.57   -9.24   -5.31
   -4.62   -4.50   -4.16   -4.01   -3.27   -2.30
   -1.65   -1.58    0.23    0.39    0.02   -0.22
    0.29    0.85    1.29    0.34    0.05    0.15
2070 2079
  -12.04   -9.26  -11.29  -13.52  -13.96  -10.98
   -9.30   -9.27  -10.21   -9.63   -9.21   -6.15
   -6.30   -6.54   -4.92   -2.99   -1.67   -0.64
   -3.16   -2.31   -0.79   -0.23   -0.10    0.12
2080 2089
   -8.73   -8.22  -10.66  -12.66  -11.45   -8.00
   -5.57   -6.34   -8.85   -8.88   -6.77   -3.94
   -3.81   -4.63   -3.49   -1.91   -1.08   -0.55
   -2.03   -1.13    0.52    1.17    0.96    0.39
2090 2099
  -12.04  -11.29  -15.30  -18.44  -15.01  -10.13
   -6.69   -8.95  -13.33  -13.80   -9.19   -5.38
   -5.46   -7.87   -6.39   -3.40   -1.43   -1.33
   -2.79   -3.17   -1.05   -0.02    0.08   -0.08
