Mean monthly rainfall - Model Simulations
NaN indicates insufficient data is available
Refer to Accompanying Documentation
GRIDBOX LONGITUDES
           6
  -13.75  -11.25   -8.75   -6.25   -3.75   -1.25
GRIDBOX LATITUDES
           4
   36.25   33.75   31.25   28.75
MODEL CLIMATOLOGY 1970-1999 (mm)
   38.79   34.38   30.65   27.60   23.48   18.27
   31.38   23.01   17.49   14.82   12.52   10.60
   22.58   13.25    7.86    6.43    5.72    5.72
    8.66    4.81    2.92    2.98    3.08    3.21
Mean Anomalies over 10-year time slices (mm)
2000 2009
   -7.75   -7.78   -6.82   -4.87   -3.02   -1.28
   -5.76   -4.87   -3.53   -1.74   -0.38    0.54
   -3.57   -2.54   -1.51   -0.47    0.30    0.80
   -1.26   -0.77   -0.49   -0.41   -0.10    0.47
2010 2019
   -5.40   -5.81   -5.24   -3.69   -2.38   -1.32
   -3.59   -4.20   -3.60   -1.80   -0.58    0.04
   -1.61   -2.09   -1.78   -0.66    0.05    0.37
   -0.97   -0.76   -0.59   -0.47   -0.28   -0.04
2020 2029
   -9.39  -10.09   -9.47   -7.54   -5.31   -2.80
   -6.58   -5.98   -4.70   -2.74   -1.43   -0.78
   -3.40   -2.22   -0.96    0.38    0.76    0.18
   -0.91   -0.41    0.11    0.64    0.66    0.16
2030 2039
   -5.91   -7.77   -7.60   -5.40   -3.67   -2.42
   -4.20   -4.78   -4.02   -1.92   -0.52    0.18
   -2.26   -2.05   -1.36   -0.17    0.69    1.23
   -0.75   -0.63   -0.51   -0.38   -0.13    0.25
2040 2049
   -8.02   -7.20   -5.34   -2.43   -0.35    0.88
   -2.45   -2.58   -1.66    0.30    1.43    1.74
    1.15    0.32    0.30    1.09    1.49    1.50
    0.24    0.05    0.02    0.16    0.32    0.51
2050 2059
   -8.74   -9.63   -9.10   -7.17   -5.02   -2.63
   -6.27   -6.16   -5.28   -3.64   -2.44   -1.68
   -3.34   -2.79   -2.03   -1.05   -0.73   -1.07
   -0.78   -0.52   -0.34   -0.25   -0.42   -0.85
2060 2069
   -7.53   -6.95   -5.65   -3.64   -2.55   -2.39
   -7.06   -5.74   -4.06   -2.04   -1.15   -1.38
   -5.33   -3.81   -2.43   -1.20   -0.68   -0.88
   -2.11   -1.25   -0.83   -0.86   -0.92   -0.99
2070 2079
  -10.06  -10.05   -8.94   -6.72   -4.41   -2.01
   -7.45   -6.80   -5.42   -3.30   -1.80   -0.91
   -4.43   -3.52   -2.50   -1.35   -0.77   -0.77
   -1.27   -0.65   -0.47   -0.73   -0.93   -1.09
2080 2089
  -10.84  -12.56  -12.89  -11.84   -9.78   -6.72
   -7.93   -8.19   -7.50   -5.87   -4.38   -3.03
   -4.91   -4.24   -3.25   -1.94   -1.12   -0.80
   -1.88   -1.36   -0.96   -0.68   -0.56   -0.62
2090 2099
   -8.30   -7.79   -6.65   -4.87   -3.52   -2.57
   -4.15   -3.93   -3.24   -2.07   -1.40   -1.23
   -0.65   -0.88   -0.91   -0.73   -0.70   -0.82
   -0.23   -0.22   -0.39   -0.74   -0.90   -0.87
