Mean monthly rainfall - Model Simulations
NaN indicates insufficient data is available
Refer to Accompanying Documentation
GRIDBOX LONGITUDES
           6
  -13.75  -11.25   -8.75   -6.25   -3.75   -1.25
GRIDBOX LATITUDES
           4
   36.25   33.75   31.25   28.75
MODEL CLIMATOLOGY 1970-1999 (mm)
   28.42   31.13   37.89   47.58   58.36   62.12
   19.78   21.64   25.67   30.23   34.56   36.38
   13.09   13.16   13.01   11.16    7.99    6.86
    7.93    7.24    6.18    5.01    3.85    3.17
Mean Anomalies over 10-year time slices (mm)
2000 2009
   -1.31   -0.07   -1.26   -2.21   -2.31   -1.28
   -2.01   -1.85   -2.86   -2.64   -1.02    0.47
   -1.90   -2.85   -3.12   -2.15   -0.22    0.61
   -0.89   -0.84   -0.77   -0.76   -0.74   -0.46
2010 2019
   -2.72   -2.70   -3.09   -2.59   -0.89    2.19
   -3.78   -3.89   -2.45   -1.05    0.14    1.99
   -2.92   -3.30   -0.25    1.57    1.51    0.99
   -1.88   -1.02    0.03    0.56    0.50    0.10
2020 2029
   -3.40   -4.35   -6.42   -8.17   -9.22   -9.03
   -4.57   -5.34   -6.45   -6.86   -6.58   -6.59
   -4.99   -6.15   -5.17   -3.98   -2.99   -2.25
   -3.20   -2.51   -2.07   -1.93   -2.00   -1.69
2030 2039
   -0.68   -3.10   -4.38   -4.49   -3.55   -2.24
   -0.62   -2.88   -3.68   -3.49   -2.63   -2.24
    0.10   -2.02   -2.23   -2.08   -1.72   -0.27
    0.11   -0.64   -1.24   -1.35   -0.96   -0.34
2040 2049
   -5.28   -5.78   -6.50   -5.26   -2.19   -0.12
   -4.72   -5.28   -7.02   -6.03   -2.36   -0.12
   -2.78   -3.41   -4.96   -4.27   -1.47   -0.48
   -1.69   -0.89   -1.63   -1.89   -1.46   -1.25
2050 2059
   -8.24  -11.00  -13.29  -14.16  -13.29  -10.07
   -8.28  -10.64  -11.70  -11.32   -9.73   -8.33
   -6.42   -8.14   -7.61   -6.07   -4.10   -3.23
   -4.21   -4.39   -3.84   -3.28   -2.85   -2.44
2060 2069
   -6.80   -6.65   -7.48   -6.26   -2.85    0.44
   -5.66   -6.21   -6.54   -5.16   -2.24   -0.24
   -4.05   -5.14   -3.87   -2.78   -2.29   -2.02
   -2.99   -3.26   -1.96   -1.55   -2.17   -2.21
2070 2079
   -1.20   -0.05    0.12   -0.12   -0.37    0.78
   -0.98   -0.41   -0.62   -1.34   -2.23   -1.79
   -0.76   -2.27   -1.65   -1.33   -1.59   -1.40
   -2.06   -2.62   -1.64   -1.35   -1.93   -1.89
2080 2089
   -1.54   -2.05   -1.58   -1.56   -2.48   -5.38
   -2.52   -3.06   -2.47   -2.06   -2.42   -5.11
   -2.33   -2.35   -1.89   -1.22   -0.68   -1.54
   -1.10    1.17    1.23    0.47   -0.67   -1.44
2090 2099
   -3.87   -3.81   -4.57   -5.00   -5.01   -5.17
   -4.96   -5.76   -5.91   -5.48   -4.79   -5.25
   -3.58   -5.23   -4.27   -3.28   -2.77   -2.74
   -2.65   -2.43   -2.00   -1.84   -1.94   -1.84
