Mean monthly rainfall - Model Simulations
NaN indicates insufficient data is available
Refer to Accompanying Documentation
GRIDBOX LONGITUDES
           6
  -13.75  -11.25   -8.75   -6.25   -3.75   -1.25
GRIDBOX LATITUDES
           4
   36.25   33.75   31.25   28.75
MODEL CLIMATOLOGY 1970-1999 (mm)
    7.35    5.87    2.02    0.89    1.43    2.69
    6.11    8.36    3.92    1.18    1.10    1.56
   11.37    9.97    3.36    1.51    1.04    0.47
   17.63    6.80    1.46    1.09    0.45    0.15
Mean Anomalies over 10-year time slices (mm)
2000 2009
    1.67    1.40    0.92    0.61   -0.18   -1.09
    0.04    0.98    0.42   -0.27   -0.63   -0.94
   -0.08    0.64   -0.36   -1.24   -0.95   -0.42
   -0.07   -0.02   -0.99   -1.05   -0.44   -0.14
2010 2019
    0.39    0.49    0.46    0.54    0.19   -1.03
   -0.16    0.29    0.03    0.40    0.25   -0.46
   -0.71   -0.22    0.40    0.76    0.40    0.14
   -0.77    0.16    0.30   -0.41   -0.09   -0.09
2020 2029
    0.13    0.51    0.22   -0.17   -0.53   -1.47
    0.01   -0.10   -0.10   -0.18   -0.59   -1.07
   -0.87   -0.79   -0.66   -0.97   -0.70   -0.27
   -0.91   -0.45   -0.61   -0.69   -0.11   -0.02
2030 2039
   -0.73   -0.24    0.05    0.30   -0.42   -1.59
   -0.41    0.09   -0.03   -0.14   -0.56   -1.09
   -0.27   -0.20   -0.24   -0.34   -0.55   -0.39
   -0.34   -0.08   -0.91   -0.80   -0.26   -0.10
2040 2049
    0.10    0.05    0.18   -0.06   -0.49   -1.19
   -0.19    0.19   -0.22   -0.42   -0.60   -0.82
   -0.28   -0.33   -0.97   -1.11   -0.68   -0.26
   -0.82   -0.50   -0.50   -0.62   -0.37   -0.11
2050 2059
   -0.60   -0.04   -0.02   -0.26   -0.90   -1.82
   -0.56    0.37   -0.07   -0.53   -0.87   -1.19
   -0.49   -0.09   -0.51   -0.70   -0.36   -0.28
   -0.24   -0.26   -0.67   -0.82   -0.12    0.08
2060 2069
   -0.02    0.85    0.07   -0.48   -1.16   -1.92
    0.17    1.36    0.14   -0.62   -0.86   -1.32
    0.31    0.91   -0.52   -1.11   -0.89   -0.41
    0.83    0.46   -0.46   -0.77   -0.44   -0.15
2070 2079
   -0.28   -0.05    0.05   -0.33   -0.58   -1.25
    0.01    1.09   -0.06   -0.23    0.10   -0.60
    1.25    0.96   -0.71   -0.28    0.20    0.11
    1.09    0.16   -0.50   -0.53   -0.16   -0.06
2080 2089
    0.74    0.52   -0.05   -0.38   -0.94   -1.52
    0.77    1.55    0.16   -0.46   -0.73   -1.05
    0.63    2.03   -0.46   -1.03   -0.58   -0.22
    0.88    0.72   -0.97   -1.02   -0.33    0.01
2090 2099
    0.92    1.63    0.07   -0.43   -1.11   -1.88
    0.81    2.39    0.15   -0.70   -1.04   -1.48
    1.49    1.23   -0.90   -1.09   -0.81   -0.45
    0.70   -0.13   -0.82   -0.68   -0.27   -0.05
