Mean monthly rainfall - Model Simulations
NaN indicates insufficient data is available
Refer to Accompanying Documentation
GRIDBOX LONGITUDES
           6
  -13.75  -11.25   -8.75   -6.25   -3.75   -1.25
GRIDBOX LATITUDES
           4
   36.25   33.75   31.25   28.75
MODEL CLIMATOLOGY 1970-1999 (mm)
   26.43   21.29   19.09   16.71   15.21   17.98
   19.20   10.89    7.87    7.14    7.74    8.86
   13.65    5.67    3.13    2.87    3.26    3.16
    6.57    3.00    1.77    1.19    0.90    0.73
Mean Anomalies over 10-year time slices (mm)
2000 2009
    1.79    5.31    1.45   -0.38    2.56    4.27
    3.48    4.01    1.04    0.76    3.33    3.81
    2.42    0.97   -0.07    0.73    2.06    2.69
    0.11   -0.67   -0.90   -0.36    0.48    1.03
2010 2019
    0.79    1.09    0.93   -0.67    0.06    0.36
   -0.51    1.30    1.18   -0.70   -0.63   -0.83
   -1.27   -0.37   -0.13   -0.77   -0.89   -0.22
   -1.59   -1.29   -0.49   -0.09   -0.15   -0.19
2020 2029
   -3.28   -1.35    1.39   -0.14   -1.12   -2.12
   -2.53   -1.03   -0.03   -0.98   -1.68   -2.59
   -1.41   -0.56   -0.58   -0.78   -0.71   -0.61
   -0.99   -1.00   -0.88   -0.47   -0.12   -0.05
2030 2039
   -0.62   -0.36    0.26    0.57    1.45    0.90
    0.95    1.70    1.63    2.30    3.14    1.80
    0.83    0.72    1.01    2.35    3.26    2.82
   -0.22   -0.21    0.36    1.45    2.17    1.79
2040 2049
   -5.78   -7.54   -8.82   -7.48   -4.88   -3.48
   -3.72   -3.34   -3.10   -2.82   -1.90   -2.15
   -2.05   -1.04   -1.08   -0.89   -0.45   -0.54
   -1.27   -0.70   -0.60   -0.10    0.11    0.09
2050 2059
   -3.80   -3.11   -2.37   -3.49   -3.59   -3.71
   -3.03   -1.36    0.05   -0.96   -1.69   -1.95
   -2.53   -0.71    0.28    0.06   -0.12   -0.46
   -0.69   -0.49   -0.24    0.25    0.65    0.49
2060 2069
    0.80    1.80    3.32    1.97    0.27   -0.01
    2.43    2.75    2.65    1.47   -0.22   -0.95
    1.58    1.29    0.96    0.80    1.13    1.03
    1.33    0.09    0.21    0.83    1.37    1.11
2070 2079
   -2.64   -2.97   -2.89   -4.06   -4.31   -5.39
   -4.15   -3.14   -2.43   -2.34   -2.87   -3.46
   -4.14   -2.37   -0.74   -0.04   -0.42   -0.80
   -2.19   -1.29   -0.39   -0.10    0.01    0.16
2080 2089
   -2.14   -1.64   -1.80   -2.31   -1.01   -0.77
   -2.25   -1.02   -0.59   -0.02    0.94    0.46
   -2.48   -1.31   -0.25   -0.05    0.26    0.27
   -1.78   -1.43   -0.86   -0.50   -0.06    0.14
2090 2099
   -2.06   -1.57   -0.41   -0.80   -0.07   -1.83
   -2.14   -0.57    0.97    0.29   -0.15   -1.66
   -1.39   -0.56   -0.17   -0.07    0.19    0.10
   -1.34   -0.82   -0.20   -0.11   -0.01   -0.03
