Mean monthly rainfall - Model Simulations
NaN indicates insufficient data is available
Refer to Accompanying Documentation
GRIDBOX LONGITUDES
           6
  -13.75  -11.25   -8.75   -6.25   -3.75   -1.25
GRIDBOX LATITUDES
           4
   36.25   33.75   31.25   28.75
MODEL CLIMATOLOGY 1970-1999 (mm)
   75.19   78.45   67.54   57.83   50.58   36.54
   58.90   66.71   51.12   39.11   34.28   27.77
   37.84   41.91   30.91   21.71   16.45    8.98
   18.27   15.50   12.21    7.80    3.03    2.22
Mean Anomalies over 10-year time slices (mm)
2000 2009
   -2.37   -0.99    1.58    2.17    0.70   -0.01
   -6.78   -7.26   -6.56   -5.26   -3.53   -1.73
   -6.93   -7.58   -6.56   -4.97   -3.14   -1.70
   -3.66   -3.21   -2.78   -1.97   -0.91   -0.76
2010 2019
  -17.93  -21.29  -16.97  -13.37  -11.49   -8.08
  -18.37  -23.07  -16.61  -10.66   -7.26   -5.15
  -12.15  -15.92   -9.80   -4.91   -2.91   -0.90
   -5.26   -5.32   -3.14   -1.32   -0.36   -0.07
2020 2029
   -7.52   -8.17   -5.18   -4.04   -5.38   -6.91
   -9.00  -10.18   -8.37   -7.10   -6.81   -6.27
   -6.01   -6.52   -5.73   -4.71   -3.67   -2.59
   -2.39   -2.50   -2.69   -2.28   -1.42   -1.46
2030 2039
    5.43    3.02    4.60    6.05    6.82    8.22
    4.99    3.79    4.35    5.26    6.24    7.29
    4.25    2.46    2.44    3.04    3.74    3.11
    2.26    1.14    1.08    1.03    0.85    0.87
2040 2049
   -1.12   -2.12    1.63    3.46    2.72    2.80
   -2.30   -2.92    0.91    2.65    1.67    1.37
   -3.43   -2.19   -0.19    0.80    0.79    1.47
   -2.18   -0.45   -0.13    0.18    0.66    0.94
2050 2059
  -12.30  -15.91  -13.04   -9.76   -7.14   -4.60
  -14.66  -20.66  -15.84  -11.27   -8.68   -5.73
  -11.77  -17.14  -13.29   -9.25   -6.58   -4.07
   -6.14   -7.02   -6.21   -4.37   -2.07   -1.59
2060 2069
  -25.10  -35.58  -29.17  -24.08  -21.91  -12.32
  -23.74  -33.03  -23.65  -16.35  -13.92   -9.47
  -16.67  -20.34  -14.64   -9.63   -6.81   -3.67
   -8.46   -6.38   -5.14   -3.49   -1.55   -1.16
2070 2079
  -21.00  -28.31  -25.28  -21.90  -19.20  -12.51
  -23.94  -29.73  -22.34  -16.42  -13.91   -9.87
  -17.32  -20.56  -15.20   -9.81   -6.01   -3.27
   -8.06   -6.77   -5.16   -2.91   -0.45   -0.11
2080 2089
  -19.78  -24.26  -14.39   -8.26   -7.96   -6.09
  -14.69  -18.13   -9.49   -4.77   -5.66   -4.70
   -8.33   -9.38   -6.62   -4.64   -3.95   -2.42
   -3.21   -3.56   -3.70   -2.98   -1.61   -1.25
2090 2099
   11.14    8.88    9.44    8.77    5.93    0.22
   -2.23   -7.94   -6.77   -5.35   -4.85   -4.41
   -8.76  -12.81   -9.98   -7.00   -5.02   -3.02
   -5.97   -5.53   -4.95   -3.54   -1.60   -1.25
