Mean monthly rainfall - Model Simulations
NaN indicates insufficient data is available
Refer to Accompanying Documentation
GRIDBOX LONGITUDES
           6
   11.25   13.75   16.25   18.75   21.25   23.75
GRIDBOX LATITUDES
           7
   -3.75   -6.25   -8.75  -11.25  -13.75  -16.25  -18.75
MODEL CLIMATOLOGY 1970-1999 (mm)
   98.06  170.62  242.57  253.10  229.56  229.47
   25.01   69.25  160.38  219.00  212.63  191.31
   14.38   34.44   96.45  156.55  171.39  155.25
   12.95   23.92   69.14  107.85  120.64  112.18
    6.64   14.59   48.69   69.76   71.78   69.88
    1.46    6.29   24.50   36.79   39.63   42.64
    0.57    2.13   10.45   21.91   28.41   31.38
Mean Anomalies over 10-year time slices (%)
2000 2009
    2.93    0.99    3.21    3.24    2.59    2.66
   13.07    2.24    0.75   -0.10   -1.83   -0.57
  -10.64  -12.73   -3.22   -6.61   -5.59   -2.81
  -10.68  -25.68  -13.03   -8.27   -6.16   -2.33
   -9.79  -38.54  -28.12   -7.89    5.42    7.48
  -24.76  -52.28  -36.82    1.70   22.38   22.96
  -20.12  -57.62  -44.68    4.62   19.05   21.29
2010 2019
   11.75    9.86    7.52    2.53   -0.91   -0.58
   15.04    9.44    7.10    1.43   -0.76   -0.91
   -3.96   -7.38   -2.50   -1.42    0.18   -0.96
   -7.41  -25.28  -26.52  -14.87   -5.16    3.15
   -7.85  -35.27  -35.17  -23.89   -2.97   13.53
   -7.42  -23.32  -18.43  -14.56   -0.86   24.95
  -21.78   -9.80    7.41   -5.34  -19.06    3.12
2020 2029
  -19.02  -11.73   -3.35   -1.08   -2.16   -0.89
  -41.49  -32.14  -16.39   -7.28   -1.62    1.39
  -37.20  -50.64  -31.39  -18.20   -4.41    2.55
  -21.50  -53.54  -41.80  -23.48   -8.91   -1.79
   16.76  -29.60  -37.04  -16.94    1.07   -2.48
  175.32   20.32  -17.52    6.51   29.73   14.55
   88.40   48.35    3.81   15.77   38.41   34.02
2030 2039
    6.42    5.31    2.90   -0.80    1.50    7.64
    0.83    5.95    4.59   -1.69   -3.00    2.13
  -21.01  -21.51   -8.48   -7.89   -9.06   -6.01
  -16.10  -42.80  -30.56  -21.73  -15.65  -10.02
  -11.74  -48.46  -34.47  -25.16  -15.94   -7.71
  -17.55  -50.31  -30.87   -9.63    0.88    0.23
  -23.35  -52.83  -25.66    7.21   14.00    9.24
2040 2049
   16.32    7.37    0.17   -5.92   -7.99   -1.23
   13.63    3.36   -3.18  -11.42  -13.90   -7.62
  -15.89  -27.77  -20.48  -22.43  -18.58   -9.87
  -17.78  -53.71  -46.17  -36.36  -24.05  -10.43
  -13.36  -62.83  -54.09  -40.76  -24.24  -11.67
  -21.40  -66.01  -47.93  -28.45  -11.74   -5.86
  -26.95  -55.06  -27.72   -9.34   -3.87   -4.88
2050 2059
   10.29    3.38   -2.33   -9.56  -13.68   -6.76
    0.70   -2.52   -6.69   -7.08   -7.91   -5.20
  -18.64  -20.05  -20.88  -17.03  -10.44   -8.39
  -19.47  -39.17  -37.32  -35.24  -25.44  -13.91
  -13.89  -46.80  -32.58  -34.18  -24.41  -12.04
  -16.24  -37.75   -3.66    9.23   10.27    2.37
  -18.57  -27.94   23.28   54.64   35.35   18.80
2060 2069
   -4.43   -5.10   -6.78   -8.59  -10.26   -5.39
  -17.08  -16.36  -13.35  -10.20   -7.66   -3.09
  -32.60  -46.57  -33.00  -20.91  -10.75   -3.71
  -16.21  -56.67  -51.95  -36.37  -24.25  -11.73
    4.98  -45.35  -54.07  -42.47  -26.46  -16.69
   22.38  -19.03  -41.80  -35.18  -24.26  -19.02
    1.12    2.14  -39.39  -38.80  -30.18  -20.47
2070 2079
   -4.15  -10.69  -11.56   -9.15   -8.76   -5.33
  -13.30  -15.52  -15.82  -13.72   -9.63   -4.14
  -27.15  -36.73  -25.28  -17.74  -10.21   -4.03
  -17.49  -52.11  -41.00  -27.82  -16.93   -8.73
   -7.93  -56.30  -44.86  -28.11  -12.90  -10.54
  -17.47  -49.19  -27.49   -8.03   -2.13  -14.91
  -11.17  -31.76   -8.72   17.56    7.41   -5.86
2080 2089
    7.59   -2.07   -5.12   -8.78  -10.99   -8.15
   14.76  -10.61  -15.54  -13.20  -12.60  -10.28
  -11.45  -36.04  -36.86  -28.79  -20.64  -11.33
  -15.24  -55.00  -57.07  -46.99  -34.34  -15.25
   -3.64  -58.32  -63.77  -53.84  -39.66  -27.07
   -5.61  -55.10  -48.26  -40.11  -35.88  -36.57
  -29.52  -52.39  -36.69  -34.00  -37.30  -41.13
2090 2099
   31.22   12.54   -1.75  -12.56  -18.72  -15.34
   59.59   23.65    1.50   -7.52  -15.67  -20.30
   10.64    2.21  -10.73  -14.82  -17.60  -21.38
    1.51  -17.05  -34.76  -35.36  -31.84  -24.97
   17.84   -8.41  -34.22  -41.92  -40.59  -36.07
   20.00    7.49  -13.78  -27.68  -28.78  -33.23
   -8.21   22.25    5.10  -18.28  -20.62  -30.57
