Mean monthly rainfall - Model Simulations
NaN indicates insufficient data is available
Refer to Accompanying Documentation
GRIDBOX LONGITUDES
           6
   11.25   13.75   16.25   18.75   21.25   23.75
GRIDBOX LATITUDES
           7
   -3.75   -6.25   -8.75  -11.25  -13.75  -16.25  -18.75
MODEL CLIMATOLOGY 1970-1999 (mm)
   27.61   46.67   68.59   89.48   84.78   54.89
   20.89   25.27   35.02   41.62   34.51   19.86
   13.20    7.98    7.61    8.48    8.09    4.92
    4.96    1.41    0.75    1.01    1.10    0.93
    1.20    0.28    0.20    0.27    0.26    0.33
    0.55    0.09    0.10    0.21    0.22    0.30
    1.02    0.20    0.16    0.42    0.61    0.61
Mean Anomalies over 10-year time slices (%)
2000 2009
  -29.63  -16.54    1.59    7.21    3.67    2.21
  -26.36  -26.71  -18.70  -11.03   -1.94    8.79
  -16.91  -19.10  -26.77  -24.75  -19.10   15.65
  -17.30  -24.02  -43.96  -46.81  -42.78   19.68
  -17.68  -29.28  -32.60  -57.97  -65.31  -65.24
  -28.29    3.83   77.58  -54.69  -32.02   38.93
  -21.17   -5.66   90.32    6.17   58.85  171.85
2010 2019
   -0.68   -0.17   -3.82   -1.67   -4.88   -7.52
    5.81    5.81    0.13    2.85    0.59   -3.03
   21.50   32.75   34.63   32.35   11.33   -8.22
   31.00   53.30  164.56  108.78    4.76  -37.21
   36.56   44.86  208.82  170.07   98.39   -9.81
   16.88  143.50  416.76  198.20  236.92  214.78
    1.65   90.09  422.20  239.62  156.69  299.17
2020 2029
   -8.29   -2.37   -6.51   -7.20   -2.00   -2.50
  -17.44  -14.81  -14.44  -13.15   -8.01   -1.81
  -14.03  -19.03  -18.73  -19.93  -18.03   -5.92
   -4.86  -16.01  -21.89  -15.40   -4.76   -0.63
   -1.61  -14.31  -49.75   -5.69  113.77   70.65
  -29.50  -20.08  -11.24   20.16  196.49  118.76
  -27.53  -21.15   34.25   44.44   53.15  121.00
2030 2039
  -15.95   -4.13    3.86   -2.71   -7.14   -4.19
  -32.94  -31.70  -20.39   -9.75    0.76    8.60
  -27.60  -44.14  -34.93  -24.13  -13.51   16.17
  -11.85  -32.91  -47.73  -33.86  -41.20  -27.09
   -8.18  -22.22  -63.64  -34.41  -45.96  -72.78
  -29.47  -37.94  -73.69  -81.99  -64.59  -55.87
  -24.56  -31.31  -79.15  -90.29  -75.11  -32.05
2040 2049
    3.15    8.95   11.90    4.18   -1.32   -4.54
   -3.76   -4.93   -3.22   -6.19   -7.84  -12.41
    6.54    5.77   -3.72  -21.34  -35.73  -37.77
   12.95   52.08   77.80    0.79  -53.71  -65.15
   -0.05   27.08  125.94   72.27  -48.58  -70.12
  -25.95  -10.39  124.99  188.91  -26.04  -75.30
  -15.39    5.93   10.07   50.20  -23.07  -52.45
2050 2059
  -16.34   -8.54   -2.66   -5.61   -6.24   -1.51
  -28.47  -26.04  -20.60  -12.79   -6.80    9.24
  -17.36  -23.05  -13.09  -10.56  -11.18   17.55
   -0.74    0.27   24.01    0.28    7.93   42.31
   -1.71   -6.58  -22.33  -45.31  -17.55   12.04
  -36.71  -37.41  -46.25  -70.51  -64.28  -46.70
  -36.14  -44.10  -48.32  -66.15  -58.69  -28.43
2060 2069
   -9.90  -11.83   -8.73   -2.54    3.98    7.95
  -25.24  -30.71  -23.61   -8.57    3.57    8.51
  -12.99  -23.33  -26.15  -22.98  -13.55   -1.18
    3.13   -8.78  -52.60  -59.58  -41.49  -11.14
   -2.17  -13.47  -75.70  -85.34  -78.67  -56.94
  -48.41  -48.92  -78.53  -92.36  -89.58  -87.00
  -47.22  -56.55  -83.43  -86.17  -85.78  -68.45
2070 2079
  -21.54  -16.14   -6.88   -3.15    0.72    5.04
  -31.89  -39.90  -29.78  -12.95    1.06   -0.16
  -17.32  -40.24  -39.86  -21.56  -20.94  -25.29
    6.97  -17.36  -58.18  -46.56  -59.07  -63.32
    7.15   -6.40  -78.50  -80.66  -80.88  -88.19
  -27.81  -31.95  -81.91  -89.39  -82.97  -86.98
  -25.38  -31.80  -69.07  -83.93  -83.07  -76.51
2080 2089
  -21.63  -22.23  -13.83  -11.18   -6.43   10.92
  -25.11  -27.78  -26.22  -18.48   -8.20   14.04
   -9.79  -20.38  -19.71   -7.99   -8.42   11.98
   10.45   -2.21   -5.37   29.46   17.41   41.88
   20.65    9.28  -10.13   46.70   53.95   35.01
  -10.59    8.91  -22.99  -23.35  -19.70  -28.63
  -27.76   16.33    1.33  -51.51  -44.89   -2.29
2090 2099
  -28.05  -23.94  -14.45   -8.53   -4.06    1.32
  -39.65  -41.06  -34.33  -22.12   -9.36    2.60
  -19.05  -37.49  -42.14  -42.03  -40.18  -23.64
    3.37  -18.59  -66.32  -74.63  -78.59  -76.29
   -6.11  -16.06  -81.26  -89.57  -90.31  -92.22
  -37.76  -41.72  -81.22  -91.36  -91.56  -92.79
  -23.21  -34.32  -85.57  -94.90  -95.37  -91.90
