Mean monthly rainfall - Model Simulations
NaN indicates insufficient data is available
Refer to Accompanying Documentation
GRIDBOX LONGITUDES
           6
   11.25   13.75   16.25   18.75   21.25   23.75
GRIDBOX LATITUDES
           7
   -3.75   -6.25   -8.75  -11.25  -13.75  -16.25  -18.75
MODEL CLIMATOLOGY 1970-1999 (mm)
    6.98   22.23   32.81   33.14   39.43   52.66
    4.33    4.13    8.21    9.03    9.94   11.43
    3.90    0.54    1.57    1.99    2.10    2.13
    2.42    0.06    0.27    0.47    0.71    1.09
    1.45    0.02    0.16    0.44    0.76    1.31
    1.28    0.05    0.22    0.55    0.85    1.23
    1.37    0.12    0.37    0.84    1.12    1.23
Mean Anomalies over 10-year time slices (%)
2000 2009
    8.77    7.44    2.70   18.29   23.93   12.18
   -3.19   10.66   -0.75   27.58   42.72   25.06
  -12.91   12.47    6.61   44.00   72.01   49.68
  -13.06  110.17   70.22   77.26   80.29   44.81
   -6.04  231.43  110.89   49.82   40.09   20.07
   -4.61   38.58   82.14   40.14   47.37   39.53
   -8.66  -20.80   12.90   -5.52   27.71   86.60
2010 2019
   -4.65  -12.21  -18.88  -22.09  -16.82   -8.83
   -3.82  -22.77  -27.08  -28.13  -22.65  -16.26
    0.72  -17.14  -30.63  -29.78  -23.65  -24.25
    7.52   37.76  -11.03  -24.57   -4.28   19.71
   11.01  140.37    4.85  -23.71   -1.00   28.37
   -0.66    4.52  -17.26  -38.28  -43.74   -9.35
   -8.19  -45.85    8.83    4.14  -27.84  -29.40
2020 2029
    1.64    3.71   -7.35  -13.88  -16.86  -10.06
   -7.15   -2.85  -26.88  -25.90  -27.38  -20.64
   -7.43  -36.00  -64.69  -47.15  -38.56  -28.58
   -3.58  -32.18  -67.69  -47.97  -26.61    3.50
   -2.73  -40.82  -24.25  -19.66   -2.53   22.32
   -7.81  -75.49  -38.13  -39.87  -26.78    3.99
  -11.23  -73.92  -60.89  -64.97  -61.68  -35.12
2030 2039
   -0.97   -8.59  -18.40  -20.71  -24.24  -22.29
   -8.85  -29.93  -37.90  -37.43  -44.53  -40.18
   -2.82  -27.97  -55.26  -49.90  -55.52  -52.15
    3.66   35.51  -35.37  -11.21  -10.72   18.01
    4.18    1.44  -32.75    1.89   16.78   43.72
   -6.80  -81.47  -66.53  -20.99    3.41   23.51
   -8.76  -74.59  -72.14  -32.62   -9.13    9.17
2040 2049
   -7.96  -16.33  -26.95  -21.82  -18.44  -18.35
  -12.78  -21.11  -26.03  -23.81  -28.84  -31.70
  -11.18    4.64  -16.67  -26.35  -47.28  -53.77
   -6.67   -2.43  -24.55  -35.29  -50.98  -43.68
   -2.74  -18.15   -5.42  -17.58  -31.81  -29.60
   -9.33  -46.06   28.97   33.52   -5.70  -28.67
   -6.58  -27.64   60.91   83.45   46.23    4.99
2050 2059
    9.36  -19.67  -33.62  -28.10  -19.53  -18.73
   -2.55   -5.99  -33.75  -34.91  -25.39  -21.55
  -15.02   -3.54  -37.72  -38.86  -27.89  -27.34
  -13.43    0.21  -24.13   12.81  -13.74  -44.92
   -6.29  234.97  102.46   67.95    3.04  -32.23
    0.49  445.20  274.33  124.77   30.77   -1.44
    2.34  474.10  318.95  177.27   83.56   49.96
2060 2069
    2.45  -16.77  -14.90   -7.94   -0.53   -3.96
  -12.97   -9.08  -20.64  -18.84   -8.16   -9.04
  -16.23   24.08  -33.24  -30.94  -15.77   -6.05
  -10.80   63.15  -42.85  -47.80  -41.43  -16.33
   -4.24   -0.46  -30.61  -51.90  -55.25  -33.50
  -10.32  -41.83  -22.79  -30.85  -37.45  -28.13
  -12.80  -43.29   -8.09  -13.33   -9.94   -8.07
2070 2079
   -9.50   -1.37   10.88   10.18    1.74   -4.12
  -11.27    2.87    6.12    5.92   -3.87   -8.29
   -8.52    5.55  -23.42   -5.37  -16.70  -31.74
   -5.27   62.82  -20.75   -0.02  -34.37  -50.90
   -6.64  -44.19  -30.39  -32.41  -51.96  -51.40
  -15.04  -77.92  -54.71  -53.22  -59.07  -48.91
  -18.57  -53.55  -33.34  -39.80  -47.95  -38.58
2080 2089
    3.51    6.27    3.70   -0.50  -10.29  -20.99
  -23.94    0.88   -2.99   -5.80  -12.93  -27.06
  -14.82    1.53  -23.53  -15.72   -6.97  -22.70
   -5.16   24.64  -50.41  -42.03  -32.70  -39.24
   -7.50  -45.89  -46.47  -49.49  -48.87  -48.44
  -15.89  -55.32   -9.50  -33.81  -39.92  -40.84
  -15.66  -21.51   37.77   -9.94  -28.32  -21.87
2090 2099
    4.28   -4.97  -23.61  -30.81  -32.46  -33.22
  -18.89  -17.16  -43.40  -55.46  -60.94  -59.81
  -15.40  -22.79  -73.96  -83.50  -84.63  -79.86
   -7.04  -24.33  -91.87  -92.44  -82.30  -61.22
   -4.91  -82.59  -85.05  -84.14  -74.34  -55.71
  -17.14  -92.20  -85.73  -81.73  -76.16  -60.98
  -21.76  -69.41  -83.01  -82.43  -73.67  -65.71
