Mean monthly rainfall - Model Simulations
NaN indicates insufficient data is available
Refer to Accompanying Documentation
GRIDBOX LONGITUDES
           6
   11.25   13.75   16.25   18.75   21.25   23.75
GRIDBOX LATITUDES
           7
   -3.75   -6.25   -8.75  -11.25  -13.75  -16.25  -18.75
MODEL CLIMATOLOGY 1970-1999 (mm)
  121.87  122.22  125.87  133.70  136.55  135.43
   62.30   89.46  118.54  145.33  158.20  165.32
   28.94   58.47  103.69  155.25  174.19  188.00
   25.23   63.23  118.76  179.29  199.75  209.52
   30.28   76.25  138.24  202.05  224.26  226.36
   31.77   78.90  142.53  208.65  236.17  231.83
   27.95   67.12  118.09  170.62  201.56  202.61
Mean Anomalies over 10-year time slices (%)
2000 2009
    0.99    3.24    5.01    5.99    4.25    1.85
    2.44    2.03    1.42    1.09    1.16    0.56
    1.98    2.27   -1.66   -4.65   -2.83   -2.33
   -6.58  -12.48   -8.39   -4.01   -2.79   -3.59
  -10.62  -18.84  -10.89   -2.51   -1.16   -2.82
   -7.88  -11.48   -7.23   -2.41    1.27    0.59
   -7.20  -11.04   -6.61   -1.27    2.83    1.92
2010 2019
  -10.33   -3.91    0.23    1.34    1.94    2.90
   -8.55   -5.05   -3.14   -2.03   -1.91   -1.23
   -1.20   -7.26   -9.81  -10.06   -6.22   -4.37
    2.96   -7.55   -9.29   -8.57   -4.87   -4.37
   -0.30   -7.01   -6.67   -4.93   -2.39   -3.22
   -6.13   -6.92   -4.47   -1.99   -0.56   -1.58
   -6.83   -8.61   -5.66   -2.43   -0.74   -0.89
2020 2029
    0.56   -0.43   -1.59   -2.81   -2.77   -1.67
   -0.33   -0.91   -1.92   -2.98   -2.55   -2.26
   -6.89   -4.76   -3.19   -1.73    1.33    1.04
   -5.23    2.06    2.74    2.47    3.01    0.31
    3.08    8.36    7.00    4.72    1.94   -2.01
   13.63   11.44    7.24    3.18   -2.39   -5.13
   16.05   18.21   10.63    2.29   -4.95   -6.61
2030 2039
   -0.16   -3.71   -6.22   -6.45   -3.49   -1.07
    1.86   -6.54   -9.58   -9.09   -4.64   -1.73
   -7.37  -11.24  -10.32   -8.15   -4.01   -2.80
   -6.02  -11.27   -9.55   -6.78   -3.50   -3.50
   -0.28  -11.75  -11.11   -8.02   -3.65   -3.37
    0.17  -16.70  -17.29  -13.74   -4.89   -2.17
    1.80  -19.62  -22.07  -18.97   -8.18   -3.96
2040 2049
   -9.47   -7.04   -4.65   -2.86   -1.93   -2.91
  -13.73   -8.72   -5.48   -3.19   -0.85   -2.36
   -7.10  -13.07  -12.27   -9.30   -1.95   -0.18
    0.57  -10.53  -11.95  -10.40   -3.62   -0.65
    3.25   -5.85   -8.60   -8.61   -3.00    0.36
    6.91   -0.75   -4.04   -4.62    1.41    5.25
    6.38    1.41   -2.06   -3.28    2.63    6.13
2050 2059
   -0.46   -2.78   -2.81   -1.16   -1.34   -4.80
    5.84   -0.08   -1.15   -0.39   -1.32   -4.49
  -12.65  -16.04  -10.61   -5.14   -3.10   -3.57
  -20.44  -23.73  -14.15   -5.17   -1.27   -1.18
  -11.43  -17.97  -10.57   -2.34    1.82    1.60
   -0.26   -2.75   -0.32    2.76    5.42    4.46
   -0.55   -2.66   -2.39   -0.95    3.47    3.80
2060 2069
   -8.01   -7.95   -3.91    2.37    6.05    6.50
  -13.04  -13.05   -8.21   -1.84    1.59    2.37
  -22.21  -25.71  -16.98   -8.21   -2.98   -1.19
  -11.54  -26.48  -19.80  -11.03   -4.04   -1.34
   -1.63  -23.31  -19.15  -10.75   -2.11    1.05
   -4.90  -23.37  -17.52   -7.77    2.79    6.10
   -5.34  -23.12  -19.33  -10.92    0.90    5.84
2070 2079
    0.83   -1.94   -2.40   -0.20    3.30    3.06
    0.81   -3.57   -4.58   -3.57   -0.92   -0.55
  -11.31  -16.13  -13.67   -9.99   -6.10   -3.66
  -11.17  -20.55  -15.06   -8.50   -4.96   -3.23
   -5.19  -19.85  -14.16   -6.15   -2.27   -1.22
   -5.82  -20.76  -14.79   -6.13    0.11    1.96
   -4.28  -24.07  -19.75  -10.69   -0.21    4.93
2080 2089
   -0.55   -3.02   -2.55    0.89    4.05    4.97
    6.56   -4.81   -6.51   -3.46   -0.17    1.44
    5.00   -4.71   -7.49   -7.02   -1.59    1.79
    4.45   -5.55   -4.72   -1.75    2.17    3.38
    4.59   -6.25   -3.57    1.20    4.57    4.39
    3.00   -6.95   -6.38   -3.22    2.79    3.93
    1.69  -13.26  -14.46  -11.13   -0.03    3.28
2090 2099
   -4.32   -5.54   -5.28   -2.68    3.75    4.08
  -14.86  -15.23  -12.67   -8.28   -0.76    1.46
  -24.67  -28.96  -22.64  -15.03   -5.52   -1.08
  -16.38  -27.43  -20.81  -12.42   -4.02   -0.27
   -5.63  -21.57  -16.88   -8.85    0.00    3.06
   -2.90  -18.69  -15.43   -7.93    5.21    9.01
    0.24  -16.43  -18.19  -14.24    2.01    7.70
