Mean monthly rainfall - Model Simulations
NaN indicates insufficient data is available
Refer to Accompanying Documentation
GRIDBOX LONGITUDES
           6
   11.25   13.75   16.25   18.75   21.25   23.75
GRIDBOX LATITUDES
           7
   -3.75   -6.25   -8.75  -11.25  -13.75  -16.25  -18.75
MODEL CLIMATOLOGY 1970-1999 (mm)
  107.83  117.97  151.74  148.10  137.77  101.66
   24.27   36.29   91.51  116.44  120.68  113.92
    9.13   14.13   29.55   60.25  111.07  152.62
   10.12   23.23   79.44  130.20  161.73  209.64
   11.71   34.51  105.91  150.55  161.60  208.71
    7.84   17.69   77.04  133.01  155.77  196.72
    7.29    9.70   58.23  124.79  123.56  150.68
Mean Anomalies over 10-year time slices (%)
2000 2009
   -1.01    0.92    0.53    0.09   -0.42    1.09
   -3.33    0.31   -2.45   -2.29    1.10    3.06
    6.51   25.06   15.83   -2.14    0.39    4.51
   -4.19   12.56   11.31    2.74   -7.04   -2.35
   -0.65   -5.65    2.85   -5.00   -5.89   -2.59
   -1.60   -5.93    1.49  -11.86   -5.84    4.12
   -7.55  -12.67    2.42   -6.37   -2.49    9.83
2010 2019
   -8.04   -6.39   -2.55   -1.78   -3.41   -8.70
  -20.65  -20.72  -15.41   -8.32  -12.19  -12.27
  -16.23  -35.67  -38.39  -24.00  -15.39   -9.15
   -4.02  -26.29  -21.71  -14.37  -13.81  -11.71
    2.43  -21.08  -11.84   -8.09   -6.58   -2.03
    4.50  -16.66   -5.31   -4.85    0.10   10.37
   -5.61  -13.92   -3.16   -1.55    2.33   11.34
2020 2029
    4.51    2.71   -3.20   -7.00   -6.43   -7.71
   18.50   16.92    5.24    1.81   -3.05    3.05
   -5.70   -6.25   -2.47    3.64    7.00    9.30
   -6.48  -31.46  -11.73    4.87   -0.02    2.79
    0.01  -27.68   -8.46    2.29   -1.19    2.70
   -3.70  -23.46   -2.66   -2.86   -4.07    0.53
   -2.06  -31.17   -2.27   -3.56  -15.40   -7.59
2030 2039
   10.24   19.86   18.06   10.31    4.39   10.27
   18.69   36.90   30.71   20.87    6.92    8.68
   -2.34   24.15   36.84   25.26   19.76   13.39
    1.78   15.72   21.89   15.25    6.41    5.17
   15.53    5.21   14.09    2.63   -0.76    4.19
    1.75   10.84    6.23   -6.53    0.88    9.13
   -2.71   10.87   -0.86  -11.45  -10.71   -4.38
2040 2049
    5.87   -4.22   -5.25   -5.71   -3.84   -4.70
   28.97   20.00    5.76    1.88    4.63    8.45
    8.40   21.84   24.95   24.37   19.43   14.77
   -7.76    7.31   11.67   10.59    8.17    7.93
   -5.11   -6.70    2.74   -0.79   -2.65    0.62
   -2.25   -7.65    1.84   -4.58   -6.78   -5.66
    1.36   -7.58   -5.12   -5.74   -9.44  -10.15
2050 2059
   -3.77   -6.50   -9.05   -9.41   -4.74   -9.38
   -6.72   -6.35   -8.13   -8.64   -8.80  -11.13
  -28.88  -32.03  -26.06   -9.48   -7.65   -1.69
  -18.95  -28.84  -15.37   -9.21  -18.27  -11.13
  -12.25  -22.24   -7.94  -15.91  -23.77  -13.35
  -11.17  -28.89  -17.85  -22.56  -21.90   -5.39
   -5.79  -34.75  -18.30  -14.94  -17.73   -3.59
2060 2069
    3.35    1.14    3.58    1.75   -6.40   -8.63
    5.91    5.45    5.47    6.48   -3.11   -0.73
  -23.81  -26.48   -7.56   -1.33    1.95    3.31
  -17.71  -31.25   -8.83   -2.53  -12.55   -7.10
   -4.57  -29.89  -16.09  -15.08  -19.46  -12.28
   -0.74  -28.30  -18.41  -18.83  -16.32  -11.78
    0.48  -32.09  -26.36  -15.67  -19.44  -23.70
2070 2079
  -19.42  -14.47   -9.72  -11.29  -10.90  -13.21
   -3.16    4.01   -5.73  -12.39   -8.06   -8.49
  -16.18   -4.97   -6.49  -18.74  -21.31  -17.57
  -19.08  -31.80  -22.40  -21.05  -25.91  -24.16
   -8.51  -46.04  -31.93  -27.15  -20.11  -14.22
   -5.40  -47.38  -38.69  -30.41  -21.10  -11.79
  -12.28  -47.52  -43.63  -24.76  -28.39   -9.34
2080 2089
   -2.70   -2.35   -4.03   -3.40   -4.27   -3.16
   15.35   21.82    6.55    1.28   -1.70    3.09
  -11.28    0.56    2.97    2.25    6.74    5.83
  -19.05  -21.44   -8.00   -7.32  -10.25   -7.43
  -11.54  -23.00   -9.52  -13.43  -11.95   -9.65
  -14.05  -12.01   -9.57  -10.98   -5.96   -2.43
   -9.77    2.22   -4.65   -4.07   -9.81   -2.38
2090 2099
   -1.23   -6.84  -11.59  -12.00   -4.91  -11.68
    0.51    4.88   -7.05   -8.02   -6.32   -9.05
  -25.53  -20.14  -31.16  -29.23  -15.09   -9.92
  -15.44  -21.74  -22.59  -24.42  -31.43  -26.00
   -9.62  -42.65  -35.63  -30.05  -30.70  -26.65
  -15.85  -61.90  -42.79  -25.92  -24.20  -20.99
   -9.06  -55.57  -29.22  -15.96  -26.49  -29.00
