Mean monthly rainfall - Model Simulations
NaN indicates insufficient data is available
Refer to Accompanying Documentation
GRIDBOX LONGITUDES
           6
   11.25   13.75   16.25   18.75   21.25   23.75
GRIDBOX LATITUDES
           7
   -3.75   -6.25   -8.75  -11.25  -13.75  -16.25  -18.75
MODEL CLIMATOLOGY 1970-1999 (mm)
   89.15  116.83  150.32  185.07  193.90  194.08
   30.70   61.67  106.93  158.19  183.97  187.28
   26.02   45.89   82.19  128.98  160.00  168.75
   24.08   44.03   75.63  113.57  143.36  152.15
   20.75   41.60   69.58   99.39  124.69  132.24
   14.36   29.08   51.67   77.27   96.04  103.89
   11.58   18.91   33.09   51.10   65.85   76.01
Mean Anomalies over 10-year time slices (%)
2000 2009
   -4.60   -6.53   -3.13    1.84    1.15    0.74
   -7.11  -15.56   -7.70    0.63   -0.42    0.23
   -7.66  -31.56  -20.83   -6.30    0.64    3.70
   -6.25  -29.21  -20.22   -6.19    1.42    4.88
   -4.95  -23.10  -15.08   -2.57    3.63    6.22
   -5.74  -27.02  -14.86    1.02   10.59   11.18
   -2.71  -28.82  -17.18    0.15   12.92   14.45
2010 2019
  -14.24  -15.57  -11.04   -4.25   -0.46   -0.81
  -26.28  -36.27  -23.14   -8.68   -2.43   -1.23
  -15.56  -41.49  -28.67  -11.77   -2.70    1.25
   -9.64  -34.34  -25.24  -10.71   -2.50    1.73
   -7.43  -28.17  -19.84   -6.63   -0.51    2.50
   -7.07  -32.95  -17.88    0.55    6.19    6.67
   -2.02  -37.50  -23.70   -3.00    7.55    7.85
2020 2029
   -2.28    0.09    0.34   -0.71   -1.63   -2.45
   -1.58   -0.77    0.84    1.76   -0.16   -1.76
   -3.92   -9.48    0.74    9.68    8.25    5.22
   -3.62   -5.37    3.28   11.51   13.24   10.07
   -1.59    2.18    6.71   11.00   14.80   11.08
    2.99    7.92   11.19   12.95   11.62    4.04
    6.62   12.82   15.32   15.07    8.83   -0.10
2030 2039
   -3.45   -6.82   -3.81    1.59    2.36    1.97
   -1.16  -15.91  -10.54   -2.66   -1.96   -1.52
   -0.35  -14.10  -10.45   -4.30   -2.22   -1.63
    0.22   -7.19   -8.26   -6.79   -2.96   -0.44
   -0.11   -5.85   -9.27  -10.35   -5.37   -0.67
   -3.21  -21.77  -21.16  -16.56  -12.14   -6.56
    1.31  -22.92  -28.84  -27.13  -19.91  -11.74
2040 2049
    0.27   -0.42    1.22    3.36    3.03    2.23
   -2.26  -12.98   -7.45   -0.17    1.04    1.50
   -7.35  -28.94  -19.44   -6.33   -0.67    0.07
   -9.75  -29.40  -20.87   -7.95   -1.49   -0.58
  -11.20  -27.27  -19.80   -8.62   -4.84   -4.13
  -13.13  -38.04  -27.03  -13.94  -17.19  -16.97
   -5.28  -46.31  -41.98  -29.70  -27.86  -22.66
2050 2059
    4.34    2.93    3.30    4.38    4.74    5.32
   -8.99   -8.76   -4.49   -0.74   -0.89    0.51
  -10.51  -20.54  -11.53   -2.43   -2.88   -3.00
   -4.66  -17.04  -12.24   -5.13   -3.88   -3.37
    2.89   -9.26  -10.84   -9.19   -6.13   -3.99
   10.47   -3.92  -12.18  -16.26  -13.26   -9.14
   14.01   -9.07  -17.94  -19.61  -16.28  -11.45
2060 2069
    0.29    0.34    3.54    7.41    7.06    6.47
   -6.15  -17.48  -10.69   -2.15   -0.62    1.87
  -12.31  -35.80  -22.72   -6.41    0.18    3.31
  -13.42  -40.94  -25.06   -4.33    1.66    3.12
  -13.48  -43.39  -26.47   -3.33    1.40    1.55
  -15.75  -59.74  -39.96  -13.71   -4.33   -1.63
   -4.93  -65.14  -52.17  -25.81   -8.52   -1.15
2070 2079
   -5.93   -3.30    2.99    9.55   11.31    8.77
  -24.77  -32.16  -18.30   -3.95    0.66    1.68
  -14.93  -46.96  -31.34  -10.81   -1.60    1.53
   -9.11  -49.00  -35.56  -13.02   -0.41    3.44
   -7.03  -46.54  -33.46  -10.56    1.49    4.66
   -6.93  -46.16  -26.15   -1.47    1.28    1.60
   -1.69  -38.64  -25.41   -6.40   -4.16   -2.46
2080 2089
   -0.24   -4.18   -0.64    5.52    7.08    5.96
  -16.17  -33.05  -21.94   -7.84   -1.78   -0.19
  -12.83  -43.59  -29.56  -10.94   -3.87   -1.48
  -10.69  -46.97  -34.64  -14.15   -2.96    1.57
  -10.41  -47.77  -35.72  -14.22   -1.42    4.09
  -11.09  -50.89  -30.63   -5.51   -1.54    0.12
   -1.05  -49.64  -34.71  -10.82   -3.11    0.28
2090 2099
   -3.61   -3.84    1.20    7.56    9.52    8.74
  -24.18  -30.70  -17.34   -3.74    0.29    2.38
  -17.41  -40.80  -22.62   -2.77    1.63    3.83
   -8.76  -33.62  -20.67   -2.99    2.85    5.68
   -1.96  -23.53  -16.90   -4.83    1.63    4.77
    2.60  -17.35  -15.24   -9.27   -5.92   -3.96
   10.56  -16.03  -20.71  -17.09   -8.29   -4.22
