Mean monthly rainfall - Model Simulations
NaN indicates insufficient data is available
Refer to Accompanying Documentation
GRIDBOX LONGITUDES
           5
   31.25   33.75   36.25   38.75   41.25
GRIDBOX LATITUDES
           7
  -11.25  -13.75  -16.25  -18.75  -21.25  -23.75  -26.25
MODEL CLIMATOLOGY 1970-1999 (mm)
   61.19   68.44   73.26   99.50  144.85
   58.42   65.81   72.65   94.33  127.79
   59.63   67.95   78.37   91.97  106.47
   52.64   58.91   66.67   76.19   86.70
   50.28   50.94   52.78   57.58   66.25
   62.71   54.50   47.63   43.75   45.41
   91.25   91.93   70.28   52.80   46.38
Mean Anomalies over 10-year time slices (%)
2000 2009
   -8.85  -10.42  -11.95  -10.48   -8.50
   -0.49   -3.27   -9.70  -11.84  -10.67
   11.59    5.61   -6.57  -11.21   -9.95
   16.36    8.25   -4.33   -9.00   -7.64
   16.84   11.87    0.96   -3.87   -3.01
   12.68   18.07   11.02    5.60    5.81
    4.40    7.45    5.23    0.65   -3.39
2010 2019
  -20.17  -16.36  -14.32   -3.52    6.28
  -18.59  -17.48  -16.30   -7.66    1.46
  -17.16  -18.77  -17.92  -11.12   -2.49
  -18.03  -24.20  -22.88  -16.75   -9.24
  -21.42  -31.00  -29.87  -24.74  -17.93
  -25.11  -32.20  -33.81  -33.19  -27.97
  -21.26  -24.86  -32.07  -38.46  -35.68
2020 2029
    9.85   12.35   12.07   16.08   20.11
   12.21   13.31   12.86   15.25   18.40
   13.73   11.08   10.28   10.30   11.02
   13.57   12.77   11.44    9.55    7.72
    9.57   13.47   13.60   10.93    7.10
    1.42    6.16   11.32   12.15    8.58
   -9.49  -11.45   -8.02   -3.89   -1.14
2030 2039
  -14.51   -9.56   -6.88   -0.39    4.69
  -11.80   -9.00   -8.34   -1.28    6.61
  -11.42  -15.04  -13.60   -6.64    2.71
  -15.02  -20.49  -19.10  -12.10   -2.20
  -15.65  -21.03  -22.60  -17.79   -7.95
   -8.79  -10.73  -16.51  -19.94  -14.53
   -9.10  -11.53  -13.74  -17.22  -17.65
2040 2049
   -6.83   -8.65   -9.27   -4.99   -0.34
  -12.13  -13.67  -14.84  -11.39   -6.76
   -9.79  -11.67  -14.74  -14.82  -11.75
   -5.23   -6.39   -8.97   -9.18   -6.06
   -0.52   -1.38   -2.32    0.01    5.78
   -0.22   -2.90   -3.55    4.20   19.97
   -3.40   -4.64   -3.57    1.92   13.17
2050 2059
    0.96   -1.09    0.53    1.59    0.66
   10.21    8.90    6.31    1.93   -2.33
   17.83   16.94    8.53    3.03    0.84
   14.96   15.76    9.61    7.49    8.62
    7.49   11.63    9.95   12.74   17.68
    2.43    9.04    8.11   12.72   22.51
   -1.61    1.06    3.70   10.10   19.65
2060 2069
   -8.08   -6.78   -9.60   -7.18   -3.42
   -4.71  -10.37  -14.72  -12.67   -8.34
    1.42   -9.69  -20.33  -19.47  -11.24
    4.20   -9.05  -23.57  -23.75  -12.84
    7.27   -5.19  -22.75  -25.63  -13.38
    9.80    2.07  -12.82  -20.84  -12.54
    3.55   -7.40  -16.09  -22.76  -19.26
2070 2079
   19.50   12.02    2.75   -1.57   -0.69
   15.11    6.86   -2.80   -8.11   -8.59
   12.17    3.92   -6.49   -8.59   -4.74
    9.86    4.81   -4.84   -5.84   -0.09
    8.70    6.08   -2.29   -2.22    5.48
    9.97    4.41   -3.55   -1.73   12.12
   10.23    2.48   -1.27   -1.33    5.99
2080 2089
    1.75   -5.04  -10.48  -16.25  -17.68
   -0.93  -10.43  -20.81  -29.30  -31.35
   -1.73  -16.67  -31.51  -36.90  -32.77
   -1.99  -17.48  -32.15  -34.68  -25.72
   -0.46  -14.45  -27.32  -28.09  -16.52
    2.81   -8.73  -18.58  -22.24  -14.39
    2.90   -9.49  -16.44  -21.77  -20.71
2090 2099
    8.83    5.77    7.04    2.84   -2.32
    5.00    5.58    6.04    1.93   -3.01
    1.27    2.83   -0.18   -2.36   -2.53
   -4.27    0.09   -2.56   -4.56   -3.98
   -5.56   -1.59   -2.29   -3.27   -2.28
    2.06   -0.43    2.07    7.19   13.27
    0.96   -5.47    0.18    9.75   16.76
