Mean monthly rainfall - Model Simulations
NaN indicates insufficient data is available
Refer to Accompanying Documentation
GRIDBOX LONGITUDES
           5
   31.25   33.75   36.25   38.75   41.25
GRIDBOX LATITUDES
           7
  -11.25  -13.75  -16.25  -18.75  -21.25  -23.75  -26.25
MODEL CLIMATOLOGY 1970-1999 (mm)
   94.19   92.33   86.55   91.08  106.00
   96.50   98.60   91.65   93.18  104.45
   99.32  106.13   99.31   94.58   95.52
   88.26   93.03   81.92   75.84   79.87
   79.89   76.73   60.69   53.58   60.95
   85.86   69.00   49.26   38.43   41.30
  105.92   87.01   60.45   42.54   38.04
Mean Anomalies over 10-year time slices (%)
2000 2009
    1.48    3.50    2.44    0.40   -1.22
   -0.13    2.30    2.31    1.39    0.36
    2.58    2.83    1.96    0.98    0.47
    4.58    4.33    2.67    1.54    1.58
    5.62    6.26    4.04    2.38    2.66
    4.34    6.67    4.41    1.44    1.28
    1.64    0.11   -2.95   -6.28   -5.95
2010 2019
   -0.50   -0.26   -0.87   -0.26    1.47
   -0.73    1.54    1.74    1.55    1.55
   -0.26    3.03    2.77    3.06    4.15
   -1.43    1.30    1.52    2.65    4.62
   -3.52   -2.12   -1.36    0.62    3.40
   -5.14   -5.72   -5.24   -4.04   -1.07
   -5.02   -9.29  -11.50  -12.59   -9.81
2020 2029
    3.03    6.22    7.69   11.16   14.83
    1.80    5.12    8.28   12.46   15.77
    2.45    4.29    6.14    8.80   11.52
    0.73    2.31    5.62    8.94   10.40
   -0.96    0.71    5.79   10.28   10.26
   -0.28    1.56    5.48    8.72    8.51
   -2.80   -4.45   -4.64   -4.35   -2.44
2030 2039
   -1.05    0.63    0.59    2.41    5.15
   -2.15   -0.05   -0.19    1.93    5.80
   -3.39   -1.83   -1.70   -0.66    1.71
   -5.39   -4.60   -3.63   -1.78    0.64
   -6.43   -7.28   -6.29   -3.46    0.07
   -4.33   -7.50   -8.73   -8.25   -3.48
   -3.39  -10.48  -13.54  -15.19  -11.85
2040 2049
    1.79    4.91    6.25    6.28    5.11
    0.07    3.62    6.97    9.60   10.01
    0.86    4.25    7.66   12.07   15.91
    1.82    5.86    9.29   13.72   17.08
    1.83    5.87    9.54   14.08   16.57
   -0.19    0.25    2.95    8.96   16.06
   -1.07   -4.36   -3.25    1.07    8.19
2050 2059
    2.23    4.79    8.11    9.76    8.50
    2.22    6.21   11.16   12.94   10.52
    3.30    7.43   12.83   15.43   13.79
   -0.62    2.58    8.29   11.98   10.99
   -4.83   -3.66    0.98    5.50    5.79
   -3.50   -4.52   -1.84    1.53    2.06
    0.74   -2.44   -1.48    0.65    1.71
2060 2069
    9.91   10.95    8.82    4.49    0.23
    8.50   10.16    9.77    6.47    2.12
    8.67   10.69    7.92    4.30    2.11
    8.22    9.70    4.78    0.02   -0.46
    6.29    6.43    0.03   -5.86   -4.36
    2.81   -0.35   -4.59   -9.52   -8.59
    1.33   -6.47  -10.89  -14.50  -13.25
2070 2079
   13.89   15.08   13.02   10.50    8.54
   12.75   14.75   14.48   11.70    7.87
   10.84   13.02   11.98   10.71   10.24
    7.94    8.48    6.31    6.48    9.75
    5.11    2.31   -1.97   -0.59    7.43
    4.74   -2.17   -7.50   -7.43    2.82
    4.91   -4.37   -8.19   -9.02   -3.40
2080 2089
   11.67   14.65   14.98   10.36    3.52
    9.57   13.66   15.61   11.07    2.89
    8.74   11.12   12.22   11.18    8.54
    4.96    7.07    7.61    9.37   12.18
    0.57    0.63    0.58    5.58   13.78
   -0.26   -7.03   -6.70   -0.46    9.58
    2.34   -8.17  -11.09   -9.43   -1.88
2090 2099
   21.84   23.41   23.45   19.33   12.61
   16.46   20.81   24.30   22.28   15.53
   10.84   16.24   20.18   20.89   17.77
    3.45    8.35   12.18   14.47   13.86
   -2.58   -1.28    0.68    4.71    8.46
   -0.78   -6.84   -7.23   -1.73    7.60
    2.50   -8.92  -10.59   -6.35    3.05
