Mean monthly rainfall - Model Simulations
NaN indicates insufficient data is available
Refer to Accompanying Documentation
GRIDBOX LONGITUDES
           5
   31.25   33.75   36.25   38.75   41.25
GRIDBOX LATITUDES
           7
  -11.25  -13.75  -16.25  -18.75  -21.25  -23.75  -26.25
MODEL CLIMATOLOGY 1970-1999 (mm)
   93.31   83.64   75.06   74.81   82.47
   70.85   67.16   64.07   70.87   83.26
   50.66   53.28   59.89   72.99   87.02
   40.43   46.66   61.32   64.11   55.80
   32.67   36.78   47.34   46.54   37.77
   35.55   34.95   34.49   31.14   28.65
   55.53   49.70   38.25   30.94   30.47
Mean Anomalies over 10-year time slices (%)
2000 2009
   -4.05   -5.16   -5.56   -5.97   -5.60
   -4.43   -8.00   -5.32   -4.37   -5.25
   -4.27   -5.86   -4.93   -4.34   -4.19
   -4.75   -4.57   -5.85   -5.81   -4.25
   -4.41   -1.83   -2.26   -3.69   -5.92
   -6.36   -8.18   -3.80   -1.98   -4.20
   -1.21   -5.46   -3.57   -1.87   -3.07
2010 2019
    4.18    9.76   16.82   16.92   10.75
   -0.54    6.97   16.99   19.44   15.72
  -13.07   -8.17    4.58   15.19   21.02
  -23.22  -17.78   -2.67   10.17   25.07
  -18.51  -18.05   -3.94    6.90   19.62
  -14.27  -18.66   -7.68    1.07    6.79
   -4.50  -10.98   -7.01   -2.03    0.09
2020 2029
   -6.47   -5.24   -0.76    3.95    6.96
  -11.30   -9.36   -7.69   -2.85    2.84
   -6.70   -7.13   -7.54   -2.00    5.23
   -5.01   -3.82   -5.63   -3.12    4.06
   -1.31   -0.34   -2.93   -4.86   -5.29
   -0.46   -0.43   -1.05   -3.48   -5.92
   -3.09   -3.34    0.38    1.91   -1.74
2030 2039
    2.21    8.04    5.41    1.28   -0.96
    1.34    7.29    9.19    5.21   -0.22
    6.30   10.99   11.28    7.16    2.38
    8.47    4.15    5.05    5.32    4.46
    4.59    1.71    5.45    6.91    6.25
   -6.68   -7.24   -1.14    2.32    1.93
   -6.78  -14.29  -12.87  -10.47   -9.00
2040 2049
   -0.98   -1.72   -5.06   -6.23   -4.33
   -5.47   -4.66   -3.90   -2.92   -2.13
   -6.81   -5.92   -1.27    1.44    1.90
   -9.51   -7.22   -0.72    2.74    4.98
   -7.16   -3.38    2.47    3.87    2.77
   -8.79   -4.55   -0.68   -0.24   -2.18
   -8.90  -10.73   -7.89   -5.57   -5.62
2050 2059
   -3.45   -2.79   -4.88   -6.08   -5.40
   -5.62   -2.94   -5.34   -3.62    0.41
  -10.28   -7.74   -3.55    2.10    5.93
  -14.64  -11.26   -1.58    3.91    6.72
  -16.03  -14.72   -5.80   -0.96    2.12
  -12.19  -12.19   -9.36   -6.26   -2.69
   -9.34  -12.62  -10.98   -7.67   -4.72
2060 2069
   -5.29   -2.98    0.34    2.90    4.09
   -5.91   -6.30   -2.70    2.88    7.02
   -5.48  -14.23   -6.45    4.69   12.17
  -12.54  -13.44   -2.10    5.10    9.79
  -19.31  -16.07   -3.15    3.59    6.87
  -18.83  -19.88  -11.93   -4.79    1.08
  -11.21  -15.56  -12.92   -8.79   -5.94
2070 2079
    5.71    8.10   14.13   14.98   10.58
   -0.01    6.67   17.56   19.64   14.76
   -2.41    6.56   10.80   14.71   17.26
  -11.29   -7.13   -0.92    5.40   13.25
  -19.33  -17.43   -7.68   -2.47    1.54
  -16.04  -17.63  -11.13   -8.66  -10.33
   -7.41  -16.00  -14.33  -13.19  -15.18
2080 2089
    7.17   10.44   11.07    7.79    3.26
   10.02    9.49   10.58    9.17    6.74
   -0.97   -5.69   -0.18    8.50   15.21
  -19.23  -17.31   -4.41    6.86   19.13
  -22.80  -19.96   -2.81    8.76   19.45
  -20.23  -21.55   -5.35    6.75   12.28
  -12.25  -20.60  -16.75   -9.00   -1.44
2090 2099
   -2.68    1.19    3.45    2.45    0.39
   -8.63   -2.09    1.22    2.49    2.99
  -17.77  -13.38   -4.90    5.53   13.36
  -18.22  -19.82   -3.64    9.31   21.65
  -13.54  -12.81   -1.51    7.54   17.94
   -8.19   -4.72    1.70    6.12    9.69
   -4.53  -10.38   -3.81   -0.12   -4.19
