Mean monthly rainfall - Model Simulations
NaN indicates insufficient data is available
Refer to Accompanying Documentation
GRIDBOX LONGITUDES
           5
   31.25   33.75   36.25   38.75   41.25
GRIDBOX LATITUDES
           7
  -11.25  -13.75  -16.25  -18.75  -21.25  -23.75  -26.25
MODEL CLIMATOLOGY 1970-1999 (mm)
    0.25    0.25    0.55    3.24   43.68
    0.22    0.65    1.55    4.40   43.64
    1.26    2.59    9.93   14.30   20.80
    2.90    8.17   36.74   33.83   10.64
    6.52   14.20   42.73   28.21   11.48
   11.66   24.95   49.35   39.44   22.79
   23.29   50.22   76.42   59.93   39.33
Mean Anomalies over 10-year time slices (%)
2000 2009
  -88.11  -64.78  -46.25  -19.43  -10.33
  -62.29  -56.91  -45.17  -25.04  -12.60
  -30.64  -36.68  -18.59  -11.43  -13.02
  -24.46  -10.70   -7.60   -7.96   -9.55
  -44.43  -20.11  -11.59  -16.43  -13.01
  -41.00  -23.15  -17.81  -23.93  -21.14
  -29.71  -17.16  -20.00  -23.97  -20.24
2010 2019
   59.02  -31.55   -2.73  -10.68   -8.99
   -4.00  -39.54  -37.43  -15.23  -11.91
   -6.89  -17.70  -17.81  -19.89  -13.62
  -17.02  -13.95  -11.60  -14.15   -8.45
  -21.32  -15.20  -12.35  -11.67   -1.71
  -20.79  -11.01  -12.58  -13.56    1.46
   -3.04   -1.52   -8.22  -15.32  -11.02
2020 2029
  -59.30  -20.54  -22.84   -8.75   -4.62
  -28.50    5.09   22.58    2.23   -1.18
  -19.63    4.22   10.04    3.65    6.67
  -21.67  -11.62  -14.02   -8.18    2.61
  -23.48  -18.24  -22.93  -22.85  -14.85
  -16.11  -18.07  -18.31  -18.93  -15.11
  -14.52  -16.47  -15.83  -13.05   -8.16
2030 2039
  -72.59  -47.26  -27.14  -12.13  -11.74
  -18.64  -16.75  -10.27  -12.49  -13.69
    1.05   -5.73  -12.02  -13.54  -15.84
  -13.76  -14.04  -13.39  -13.98  -13.48
  -30.02  -15.47  -10.91   -4.08   12.37
  -24.30  -11.21  -10.08   -4.12   13.20
   -6.18   -6.18   -8.92   -3.55   11.37
2040 2049
  -66.18  -34.03  -40.42  -23.97  -13.34
  -46.91  -36.78  -43.55  -33.08  -17.02
  -42.34  -37.51  -23.63  -20.89  -19.66
  -40.90  -30.62  -20.08  -19.47  -14.45
  -43.37  -27.69  -21.93  -25.48  -19.30
  -25.75  -16.74  -16.34  -19.14  -13.67
   -8.46   -1.36   -5.56   -9.21   -6.21
2050 2059
  -61.69  -61.14  -24.51  -12.12  -14.31
  -58.37  -31.32  -16.49  -32.04  -20.31
  -37.81  -33.00  -25.22  -32.72  -22.68
  -36.27  -25.24  -26.42  -31.40  -27.41
  -54.92  -31.54  -31.66  -42.28  -41.16
  -44.57  -32.09  -29.70  -36.88  -42.46
  -15.91  -12.01   -9.16  -13.74  -21.75
2060 2069
  -89.94  -72.13  -51.95  -20.54  -10.52
  -65.78  -62.41  -53.25  -18.77  -18.04
  -46.62  -40.59  -36.09  -32.20  -24.89
  -44.44  -38.20  -35.04  -38.13  -39.01
  -37.41  -36.46  -34.23  -41.56  -49.59
  -35.46  -31.16  -32.72  -37.87  -41.47
  -26.66  -22.80  -25.06  -30.52  -33.30
2070 2079
  -87.98  -72.59  -62.16  -31.23  -15.13
  -65.13  -67.37  -61.30  -35.41  -18.04
  -51.03  -56.56  -44.22  -40.56  -26.60
  -42.95  -37.24  -31.15  -35.38  -34.85
  -34.69  -27.07  -24.47  -30.13  -37.99
  -29.36  -18.10  -17.53  -19.03  -19.81
  -17.06   -5.24   -8.82   -8.80   -7.87
2080 2089
  -37.42  -46.38  -27.58  -25.86  -15.95
  -45.54  -57.79  -47.73  -41.56  -25.38
  -27.74  -43.68  -40.81  -37.06  -35.16
  -16.55  -28.78  -30.23  -31.12  -32.81
  -18.08  -20.51  -25.43  -27.96  -33.34
  -14.57  -13.62  -19.18  -23.07  -21.76
  -17.36  -10.11  -17.30  -23.77  -19.59
2090 2099
  -81.91  -58.93  -60.08  -33.69  -20.39
  -47.44  -55.37  -52.33  -41.74  -23.26
  -38.91  -48.23  -30.55  -33.24  -30.25
  -53.80  -44.26  -32.17  -28.28  -27.59
  -48.73  -37.76  -26.30  -25.50  -35.92
  -38.32  -25.02  -25.28  -30.17  -39.64
  -18.86  -10.48  -20.39  -30.78  -35.71
