Mean monthly rainfall - Model Simulations
NaN indicates insufficient data is available
Refer to Accompanying Documentation
GRIDBOX LONGITUDES
           5
   31.25   33.75   36.25   38.75   41.25
GRIDBOX LATITUDES
           7
  -11.25  -13.75  -16.25  -18.75  -21.25  -23.75  -26.25
MODEL CLIMATOLOGY 1970-1999 (mm)
   47.22   34.12   23.88   13.26   23.63
   39.11   32.22   25.09   15.27   23.97
   36.77   34.40   30.98   21.70   23.26
   39.96   38.49   41.01   31.97   28.47
   44.10   42.99   52.23   41.87   35.61
   69.53   67.59   67.68   49.20   36.64
  116.31  119.93   92.28   59.14   41.87
Mean Anomalies over 10-year time slices (%)
2000 2009
  -17.67  -24.44  -53.73  -56.89   -7.90
   -5.50  -11.98  -44.58  -64.98  -31.51
   -5.38   -6.00  -22.91  -51.74  -38.63
    0.03    0.72   -8.87  -29.44  -29.08
   11.79   24.43   13.27   -9.15  -25.72
   18.09   21.61   11.02   -4.15  -14.19
   11.00    4.95   -1.36   -8.60  -13.46
2010 2019
   14.02   23.17    1.95   -4.82    6.00
   20.59   29.38   -0.99   -5.41    5.40
   11.27    9.72  -15.30  -12.56   19.63
   -0.37   -4.17  -12.59   -7.66   26.96
  -19.39  -15.54   -5.77    0.05   -1.11
  -15.51  -10.73    0.71   -0.65  -11.49
  -10.43   -9.20   -2.93   -7.19  -14.85
2020 2029
  -36.82  -45.89  -45.20  -17.30    6.65
  -58.48  -62.54  -51.23   -7.97    6.76
  -54.51  -55.28  -38.79    7.05   31.83
  -22.90  -22.03  -15.96   -3.53    5.08
   -1.59    0.13   -2.30   -7.35  -11.66
  -15.97  -13.14   -7.05  -11.39  -11.11
  -14.36  -18.96  -17.27  -17.93  -18.24
2030 2039
   -4.95    6.78    0.77   29.24   35.77
   -7.71   -1.64   -9.23  -18.84    2.60
  -16.62  -32.19  -46.25  -55.93  -29.28
    0.65  -15.97  -31.37  -42.17  -33.86
   11.38   15.36   -0.07  -17.61  -32.17
   -4.53    3.98    0.79   -3.18  -11.90
   -9.59   -6.40   -5.02   -4.76  -10.33
2040 2049
    3.35   -2.47  -32.09  -40.23  -12.23
   -8.49  -21.59  -42.17  -43.97  -25.52
  -21.18  -39.15  -53.77  -54.09  -39.84
  -10.37  -34.39  -45.87  -50.51  -42.27
  -17.68  -32.14  -35.41  -46.20  -48.29
  -20.26  -23.59  -24.43  -32.93  -38.10
  -13.18  -12.41  -13.67  -18.92  -25.86
2050 2059
    0.31    1.04  -18.93  -21.27   -4.07
   -6.57   -6.50  -33.32  -34.85  -11.77
  -27.66  -37.65  -51.36  -45.31  -23.17
  -34.67  -38.91  -42.01  -46.85  -47.07
  -28.81  -26.18  -28.40  -45.61  -62.83
  -26.98  -27.56  -29.44  -38.62  -48.84
  -22.59  -25.48  -30.60  -36.88  -40.07
2060 2069
    7.93   13.16  -16.96  -19.60   -4.17
   13.46    0.26  -17.72  -14.69  -17.86
   -7.86  -27.65  -28.39   -9.28   -9.47
  -30.55  -35.43  -28.90  -28.76  -22.13
  -29.88  -24.70  -24.55  -36.64  -42.40
  -29.17  -27.57  -27.70  -37.45  -46.07
  -21.27  -18.79  -21.07  -28.24  -36.44
2070 2079
  -42.64  -54.82  -73.64  -67.97  -18.86
  -62.40  -62.89  -72.35  -72.39  -38.99
  -77.14  -79.04  -75.39  -72.27  -60.12
  -70.10  -66.24  -55.69  -61.53  -60.18
  -45.70  -36.01  -31.65  -47.29  -57.60
  -27.81  -27.70  -28.76  -40.97  -50.91
   -6.07   -9.95  -20.64  -31.65  -39.66
2080 2089
  -18.32  -29.83  -60.32  -64.78  -21.00
  -31.38  -35.97  -61.34  -71.87  -38.23
  -54.56  -49.25  -65.58  -74.95  -48.27
  -59.36  -53.40  -61.29  -66.17  -49.08
  -57.07  -54.04  -46.92  -51.97  -54.57
  -36.67  -32.86  -25.57  -32.87  -44.53
   -9.57   -7.39   -5.69  -13.26  -27.13
2090 2099
  -51.14  -58.26  -63.80  -44.85  -17.30
  -65.15  -67.42  -66.03  -57.27  -40.24
  -77.53  -80.84  -76.95  -69.12  -54.99
  -70.87  -72.70  -71.10  -71.22  -62.22
  -53.95  -55.29  -49.45  -58.49  -66.93
  -24.97  -24.30  -27.69  -43.20  -58.30
    2.00   -4.56  -17.22  -30.45  -44.62
