Mean monthly rainfall - Model Simulations
NaN indicates insufficient data is available
Refer to Accompanying Documentation
GRIDBOX LONGITUDES
           5
   31.25   33.75   36.25   38.75   41.25
GRIDBOX LATITUDES
           7
  -11.25  -13.75  -16.25  -18.75  -21.25  -23.75  -26.25
MODEL CLIMATOLOGY 1970-1999 (mm)
   85.03   89.83   92.41   92.79   99.04
   65.06   67.06   71.43   78.18   86.85
   45.72   45.36   49.57   58.34   66.97
   36.18   37.69   41.08   46.36   51.43
   35.18   37.62   39.05   39.47   40.97
   42.06   43.88   42.28   37.27   35.56
   52.43   52.18   47.64   38.83   33.97
Mean Anomalies over 10-year time slices (%)
2000 2009
    3.37    5.05    7.43   10.62   12.85
    0.29    3.71    7.91   12.38   14.56
   -3.79    1.31    7.80   13.85   16.90
   -6.92   -1.98    2.96    7.28   11.03
   -7.51   -3.32   -1.68   -2.20    0.73
   -4.83   -1.99   -3.58  -10.59  -11.02
    1.59    0.78   -2.32   -9.50  -12.79
2010 2019
   -0.43    1.16    2.15    2.66    3.07
   -0.47    2.22    4.32    5.72    5.87
   -1.74    3.32    7.94   11.12   10.67
  -11.32   -7.75   -1.42    6.30    7.90
  -14.68  -11.71   -6.64    0.69    2.52
   -8.72   -5.75   -3.67   -2.02   -3.19
   -3.77   -2.65   -2.17   -2.40   -3.13
2020 2029
    3.33    6.64    9.75   12.90   14.21
   -3.84    1.20    5.80    9.61   10.81
  -12.73   -4.43    2.90    7.74    8.41
  -15.38   -4.53    4.72   11.59   11.03
  -15.15   -4.36    4.22   11.47   10.43
  -12.97   -5.06    0.30    4.23    3.28
   -9.66   -6.70   -4.51   -2.65   -1.76
2030 2039
    2.18    4.89    6.03    5.83    6.93
   -1.25    2.85    6.00    8.07    9.85
   -7.97   -2.31    4.65   11.01   12.82
  -16.06   -6.36    1.56    7.11    8.75
  -21.37  -10.19   -3.01    1.15    2.42
  -20.85  -12.68   -7.56   -4.47   -3.59
  -17.96  -14.45  -11.34   -7.75   -4.75
2040 2049
    2.71    7.54   10.26   11.23    9.44
   -0.87    4.13    7.94   10.41    8.79
   -8.41   -4.63    0.58    5.69    3.46
  -17.31  -14.44  -11.34   -8.42   -9.49
  -23.44  -19.23  -18.02  -19.42  -21.24
  -23.07  -17.25  -16.25  -20.41  -24.65
  -18.03  -14.14  -13.66  -17.63  -21.76
2050 2059
   -2.53    6.00   10.83   12.60   11.88
  -10.47   -1.18    5.70    9.95   10.03
  -20.81  -13.21   -3.06    6.70    8.00
  -26.90  -18.88   -8.96    1.23    3.91
  -27.31  -19.05  -11.75   -4.76   -1.47
  -22.25  -15.04  -10.95   -9.24   -6.86
  -16.46  -11.91  -10.24  -11.88  -11.75
2060 2069
    4.82   12.93   16.43   15.93   13.68
   -0.36    9.47   15.14   16.84   15.66
   -9.75    0.09   10.13   17.95   19.69
  -15.45   -2.12    8.93   16.85   17.47
  -18.75   -3.62    6.99   14.37   13.83
  -18.53   -5.37    3.65   10.48   10.28
  -16.94   -8.54   -2.63    1.88    4.85
2070 2079
   11.06   18.19   22.16   23.51   23.66
    8.13   21.33   29.89   33.83   33.28
    2.96   25.60   42.34   50.52   48.91
   -5.51   21.60   41.88   54.36   53.43
  -14.14   12.49   32.64   48.59   51.43
  -18.32    2.39   17.99   32.12   40.34
  -20.93  -10.75   -2.19    7.02   17.44
2080 2089
    1.53    8.24   12.48   14.76   13.87
   -2.55    4.65   10.48   14.64   14.90
  -10.27   -3.12    5.40   12.99   14.89
  -15.05   -5.36    3.19    9.81   10.93
  -16.62   -5.27    1.50    4.71    4.74
  -14.72   -4.42   -0.10   -1.36   -2.13
  -13.20   -7.45   -4.88   -5.75   -5.73
2090 2099
    6.70   13.67   18.20   20.81   19.02
    2.41   11.79   19.74   25.76   25.83
   -6.49    6.21   20.83   33.51   36.58
  -13.09    5.53   24.67   41.89   44.95
  -18.00    0.77   18.84   37.69   44.75
  -19.04   -6.92    3.92   16.30   29.71
  -17.55  -11.92   -7.05   -1.59    9.86
