Mean monthly rainfall - Model Simulations
NaN indicates insufficient data is available
Refer to Accompanying Documentation
GRIDBOX LONGITUDES
           5
   31.25   33.75   36.25   38.75   41.25
GRIDBOX LATITUDES
           7
  -11.25  -13.75  -16.25  -18.75  -21.25  -23.75  -26.25
MODEL CLIMATOLOGY 1970-1999 (mm)
   94.65  108.42  123.01  150.46  153.62
   90.98  105.61  128.94  159.50  158.64
   73.74  100.32  133.21  148.40  145.48
   57.84   89.20  105.62  117.51  119.68
   53.17   69.08   83.59   89.87   94.66
   62.18   61.83   76.32   75.60   78.37
   95.90   85.90   83.34   75.54   79.34
Mean Anomalies over 10-year time slices (%)
2000 2009
   -5.00    1.04    6.79   13.58   15.61
   -7.46   -9.57   -5.05    0.27    9.22
   -8.94  -12.42   -7.82   -3.18    4.20
   -6.60   -3.60   -1.43    0.55    6.99
   -2.94    4.20    9.54   12.41   13.73
   -0.95    5.07   14.91   22.54   18.55
    3.13    8.07   10.83   18.81   17.76
2010 2019
   -2.97    6.45    7.93    6.71   13.52
   -8.97    0.53    5.79    7.20   22.86
  -18.92  -12.52   -0.41    8.91   23.87
  -18.14  -13.62   -4.45    6.34   23.37
   -4.27    0.50    4.91   11.14   24.15
    0.75    7.40   10.65   18.28   26.53
   -8.30   -6.09   -2.07    9.99   18.76
2020 2029
  -25.81  -15.52   -5.12   -0.10   -0.93
  -33.91  -31.56  -20.37   -8.69   -2.69
  -43.44  -45.05  -31.37  -16.41    1.93
  -53.55  -51.37  -36.19  -19.21   -2.58
  -47.36  -45.35  -25.36  -11.14   -8.79
  -23.73  -25.34  -14.22   -6.66   -8.93
   -0.87   -0.78   -4.79   -7.21   -7.22
2030 2039
   -3.95    3.25    5.52    4.06   -0.13
   -6.55   -8.14   -4.82   -3.60   -9.00
   -8.80  -11.46   -9.97   -7.85   -9.15
   -1.02   -0.72   -6.35   -6.30    0.16
   -2.67   -1.29    0.62    2.73   11.74
    4.78    7.25    4.83    8.48   17.70
    5.45   14.75   16.43   15.71   19.94
2040 2049
    0.11    5.21    7.73   10.69   22.83
   -6.40   -8.62   -5.98   -4.26    4.35
  -11.32  -20.96  -19.99  -17.09   -5.41
  -11.59  -19.87  -17.37  -14.20    2.12
  -17.97  -15.80   -8.35   -5.86    3.97
  -20.65  -11.44   -2.57    3.86   16.40
  -14.73   -4.73    5.95   13.52   21.42
2050 2059
   -8.41    1.73    4.99    1.67   -1.19
  -16.18  -14.70   -8.72   -5.33   -4.46
  -25.19  -26.55  -20.36  -15.24  -10.86
  -21.04  -24.77  -24.73  -20.13  -13.07
  -22.51  -24.92  -23.19  -21.86  -11.24
  -15.44  -20.79  -18.26  -14.87   -6.84
    0.87   -6.16   -9.55   -7.46   -1.67
2060 2069
   -2.68    1.08    1.54   -0.59    0.17
   -6.86   -9.29   -9.50   -8.34   -3.39
  -17.39  -19.49  -17.79  -12.51   -4.37
  -13.69  -18.58  -15.08   -8.86   -5.09
   -6.20  -15.21   -9.53  -11.77  -20.72
    3.42   -9.75  -14.01  -18.29  -24.64
   -1.40   -6.22  -14.61  -18.12  -17.27
2070 2079
   -0.12    5.78    9.49   15.12   19.61
   -1.16   -6.84   -2.37    6.97   14.03
   -8.19  -11.23   -5.38    2.66    9.92
  -11.23   -4.69    1.45    3.78    6.02
  -13.23   -2.22    3.72    6.76    8.71
  -11.74   -3.44    3.80   13.93   18.95
    1.80    0.74   -0.48    5.30    5.77
2080 2089
    9.45   11.40    7.50    2.94    3.45
    1.34    3.54    2.53   -0.61    3.38
  -13.81   -3.68    8.20   15.12   11.60
  -10.02    1.90   19.46   31.45   29.88
   -4.03    1.52   18.65   27.69   23.49
    0.67   -1.53    6.74   15.04    7.58
   -2.10   -2.73    1.07    8.77    5.13
2090 2099
    0.47    3.05    3.78    2.42   -2.32
   -2.09    0.29    0.31   -1.70   -8.47
  -20.46   -9.35   -3.48   -4.07  -10.41
  -26.21  -17.67   -4.94   -2.72   -7.12
  -33.09  -25.32  -11.12   -2.23   -1.51
  -42.23  -32.46  -17.31  -10.30   -0.93
  -26.84  -21.54  -15.68  -15.90  -11.19
