Maximum 5-day rainfall - Model Simulations
NaN indicates insufficient data is available
Refer to Accompanying Documentation
GRIDBOX LONGITUDES
           5
   31.25   33.75   36.25   38.75   41.25
GRIDBOX LATITUDES
           7
  -11.25  -13.75  -16.25  -18.75  -21.25  -23.75  -26.25
Timeseries in anomalies relative to 1970-1999 mean (mm)
2060s
   12.82   15.71   18.92   21.87   23.82
   10.58   15.78   23.53   27.43   25.89
    6.35   15.90   29.38   35.85   33.01
    4.49   13.37   22.95   28.21   27.44
    3.28    9.34   14.46   17.61   18.07
    1.83    4.33    9.52   11.27    9.62
    1.18    1.70    5.00    5.83    4.18
2090s
    8.48   13.40   22.98   36.37   48.14
    7.22   12.64   25.31   39.15   48.91
   15.29   23.35   36.86   43.35   41.07
   17.11   29.86   38.82   39.10   31.91
   17.26   31.46   36.50   32.25   21.83
   17.64   26.00   31.35   25.44   11.48
   10.73   11.58   16.04   15.71   10.57
