Maximum 5-day rainfall - Model Simulations
NaN indicates insufficient data is available
Refer to Accompanying Documentation
GRIDBOX LONGITUDES
           5
   31.25   33.75   36.25   38.75   41.25
GRIDBOX LATITUDES
           7
  -11.25  -13.75  -16.25  -18.75  -21.25  -23.75  -26.25
Timeseries in anomalies relative to 1970-1999 mean (mm)
2060s
    0.44   -1.90   -6.38   -7.76   -4.60
    2.86    0.57   -3.65   -7.49  -10.79
    4.25   10.27    8.70    0.13  -11.54
    4.28   18.35   17.05    5.73   -1.19
    2.17    7.52    8.33    9.99    5.30
   -0.11   -1.92   -2.01    4.91    3.22
   -0.04    0.48   -0.30    1.26    2.33
2090s
    5.00    1.61   -5.18   -6.68   -4.54
    1.07   -3.80   -9.99  -11.38  -14.70
   -1.59   -7.60  -11.86  -16.87  -21.53
   -5.46   -6.05   -9.02  -23.28  -23.64
  -12.57  -11.38  -15.31  -20.83  -19.42
  -12.16   -9.77  -17.82  -21.29  -17.14
   -6.23    0.26   -5.78   -9.05  -12.83
