Maximum 5-day rainfall - Model Simulations
NaN indicates insufficient data is available
Refer to Accompanying Documentation
GRIDBOX LONGITUDES
           5
   31.25   33.75   36.25   38.75   41.25
GRIDBOX LATITUDES
           7
  -11.25  -13.75  -16.25  -18.75  -21.25  -23.75  -26.25
Timeseries in anomalies relative to 1970-1999 mean (mm)
2060s
    3.68    4.43   -4.08    1.27   19.40
   -0.59   -3.02   -9.76    0.02   13.90
   -1.11   -7.25  -10.05    2.04    7.66
    6.63    1.41   -3.84    6.14    5.91
    8.67    1.83   -5.34    1.45    4.21
   14.71    2.31   -9.07  -14.35  -10.18
   10.03   -3.35  -12.60  -14.52   -7.42
2090s
    3.39   10.02   10.84   12.74   40.93
    2.96   11.61    9.89   15.35   32.40
   -4.45   -1.22    3.81    9.44   17.03
  -12.20   -9.94    4.45    5.65   11.65
   -8.36   -3.16   13.41    6.52    3.35
    4.46    6.49    8.90   -3.25  -10.55
    5.68    1.71   -1.57   -6.27   -4.63
