Maximum 5-day rainfall - Model Simulations
NaN indicates insufficient data is available
Refer to Accompanying Documentation
GRIDBOX LONGITUDES
           5
   31.25   33.75   36.25   38.75   41.25
GRIDBOX LATITUDES
           7
  -11.25  -13.75  -16.25  -18.75  -21.25  -23.75  -26.25
Timeseries in anomalies relative to 1970-1999 mean (mm)
2060s
    1.69    0.10   -0.74   -0.72   -0.22
    0.67    0.11   -0.33   -0.58   -1.60
    0.75    1.24    0.13   -1.71   -3.70
    2.21    2.70   -0.24   -2.65   -4.94
    4.95    4.91   -0.18   -3.56   -3.93
    5.65    5.77    0.73   -2.75   -3.36
    3.29    1.86   -0.08   -0.25   -0.46
2090s
    0.40    0.44   -0.48   -1.58   -1.15
   -0.66   -0.37   -0.19   -0.67    0.38
   -1.61   -0.62   -0.02   -0.84    0.74
   -1.23   -0.28   -0.68   -2.17    1.06
   -2.36   -2.20   -3.45   -3.31    1.04
   -5.95   -7.00   -5.51   -2.63    0.82
  -12.74  -12.17   -5.44   -0.34    2.03
