Mean monthly rainfall - Model Simulations
NaN indicates insufficient data is available
Refer to Accompanying Documentation
GRIDBOX LONGITUDES
           4
  -16.25  -13.75  -11.25   -8.75
GRIDBOX LATITUDES
           5
   13.75   11.25    8.75    6.25    3.75
MODEL CLIMATOLOGY 1970-1999 (mm)
  226.07  273.30  278.48  262.43
  364.38  393.29  380.31  352.14
  424.27  485.80  439.90  374.06
  334.19  375.76  359.92  300.55
  168.64  177.68  192.14  180.74
Mean Anomalies over 10-year time slices (mm)
2000 2009
  -23.68  -20.44  -13.10   -5.31
  -45.96  -40.51  -27.56  -12.90
  -22.98  -19.13   -0.47   13.59
   13.78   16.17   20.33   32.57
    6.80    9.81   12.20   19.90
2010 2019
   11.57   -0.64  -18.96  -30.14
   25.08   25.64   11.87   -6.51
   35.93   36.76   40.09   27.51
   26.94   17.06   13.86   14.39
   25.04   16.43   10.56    6.84
2020 2029
  -17.75  -28.75  -23.45   -8.18
  -17.12  -12.17   -6.92   -4.31
   12.41   15.07   20.09   14.98
   18.79   17.00   15.56    9.00
   10.14   13.20   13.12   13.29
2030 2039
   10.04   -1.01  -12.44  -18.13
   14.01   11.04    6.44   -2.73
   31.64   33.27   35.43   32.69
   41.60   48.84   40.84   40.75
   15.82   19.09   16.90   14.47
2040 2049
   27.54    2.41  -34.74  -64.65
   34.31   22.89   -4.55  -41.49
   17.06    5.85    5.02   -1.58
   14.00   17.25   16.00   14.47
   -9.54    3.75   11.82   12.78
2050 2059
   -2.87  -20.16  -41.73  -59.67
   30.50   31.84   -5.65  -36.99
   63.36   76.51   51.11   24.74
   42.30   50.46   39.04   26.21
   -2.47    2.68    2.51    0.94
2060 2069
    8.41  -16.43  -47.40  -71.57
   42.96   45.13    3.08  -45.37
   52.20   80.01   61.94   11.79
   38.03   57.45   60.32   40.15
    5.90    4.67    3.79    7.56
2070 2079
    5.72   -3.40  -36.00  -61.87
   47.82   79.09   19.01  -44.02
   56.80  100.39   68.35   -3.60
   -8.47    6.45   -0.22  -24.96
  -26.02  -29.32  -34.64  -37.50
2080 2089
   18.58   -7.12  -48.23  -71.16
   42.38   59.56   13.73  -42.97
   42.15   95.43   86.33   14.71
   21.01   33.97   40.38   17.65
   26.84   14.32   -2.09   -9.11
2090 2099
  -38.65  -68.51  -97.20 -112.75
    6.77    9.26  -44.48  -92.83
   47.44   87.87   41.81  -27.35
   20.30   43.06   38.29   -0.29
   24.01   14.34   -5.77  -20.21
