Mean monthly rainfall - Model Simulations
NaN indicates insufficient data is available
Refer to Accompanying Documentation
GRIDBOX LONGITUDES
           4
   36.25   38.75   41.25   43.75
GRIDBOX LATITUDES
           4
   18.75   16.25   13.75   11.25
MODEL CLIMATOLOGY 1970-1999 (mm)
   10.49   10.54    5.46    3.68
   10.01   15.71    7.31    4.78
   20.08   23.52   10.22    4.08
   61.45   39.46   14.21    6.88
Mean Anomalies over 10-year time slices (mm)
2000 2009
   -2.06   -2.27   -0.32    0.51
   -2.36   -1.85   -0.19    1.39
   -5.80   -3.69   -1.70    0.03
   -9.38   -2.29    0.41    1.20
2010 2019
   -5.66   -5.33   -2.90   -2.43
   -6.50   -8.34   -3.75   -2.02
   -9.50  -11.93   -5.30   -1.18
  -15.45  -13.41   -5.34   -0.71
2020 2029
    0.01    1.44    1.00    0.96
    1.16    2.40    1.02    1.92
    2.59    1.92    0.04    0.61
    4.76    3.68    1.79    1.45
2030 2039
   -3.38   -4.89   -2.36   -0.99
   -2.29   -6.67   -2.81    1.58
   -1.69   -6.19   -2.81    1.96
   -1.80   -3.03   -0.14    3.16
2040 2049
   -2.61   -3.87   -1.27    1.74
   -1.78   -2.48   -0.98    3.68
   -0.57   -0.76   -0.83    2.54
    2.95    2.11    1.44    4.30
2050 2059
   -4.76   -3.18   -0.64    0.97
   -3.64   -1.02    1.22    3.11
   -3.24    1.71    3.43    4.90
    0.85    5.07    6.15    7.68
2060 2069
   -3.77   -2.90   -0.00    1.65
    0.19   -0.48    1.32    3.39
    3.14    2.24    1.17    2.12
    4.93    5.66    3.70    2.94
2070 2079
   -4.77   -4.67   -2.53   -1.77
   -5.82   -7.17   -2.87   -0.95
   -8.42   -9.22   -3.62    0.18
  -11.87  -10.30   -3.99    0.16
2080 2089
   -3.44   -0.12    0.62    0.85
   -3.18    2.84    2.23    1.66
   -2.33    3.65    2.34    1.60
    4.59    6.93    3.42    2.12
2090 2099
   -4.47   -5.87   -3.53   -2.54
   -2.71   -6.08   -2.94   -1.67
   -3.32   -6.24   -3.04   -1.23
    1.04   -3.07   -2.67   -0.76
