Mean monthly rainfall - Model Simulations
NaN indicates insufficient data is available
Refer to Accompanying Documentation
GRIDBOX LONGITUDES
           4
   36.25   38.75   41.25   43.75
GRIDBOX LATITUDES
           4
   18.75   16.25   13.75   11.25
MODEL CLIMATOLOGY 1970-1999 (mm)
   40.09   33.96    8.20    6.95
   56.24   41.06   19.19   21.13
  113.77   80.78   52.66   52.00
  252.54  204.26   89.31   56.29
Mean Anomalies over 10-year time slices (mm)
2000 2009
    3.29    1.32    1.37   -0.38
    0.65   -1.26    0.53   -1.46
   -5.79   -9.18   -6.85   -3.97
  -21.34  -25.25  -11.48   -5.29
2010 2019
   18.04   12.51    1.55   -1.03
   17.59   12.11    4.86    1.83
    2.20   10.74   17.68   17.69
  -11.54    2.19   15.83   13.64
2020 2029
   -9.60   -8.86   -1.98   -2.03
  -15.17  -13.00   -6.17   -6.41
  -18.23  -19.02  -18.96  -17.26
  -17.08  -19.15  -19.94  -15.94
2030 2039
    8.13    4.30    0.16   -1.52
    8.05    4.21   -0.16   -2.83
   -3.14   -2.39   -2.64   -2.83
  -20.47  -16.14   -5.29   -2.60
2040 2049
   11.17    8.02    1.76    0.04
    7.39    5.36    4.17    3.21
   -7.23    0.03   10.49   14.73
  -28.70  -18.86    3.08    8.91
2050 2059
    7.03    3.38   -0.76   -2.74
    4.47    1.05   -0.91   -3.63
  -14.88   -8.37    1.27    2.83
  -42.68  -30.22   -0.54    2.03
2060 2069
    1.04    0.20   -0.20   -1.37
   -0.90   -1.40   -0.41   -2.44
  -13.47   -7.69    1.83   -0.11
  -34.55  -25.84   -2.38   -1.47
2070 2079
   -0.94   -1.42    0.96    1.26
   -5.07   -5.02   -0.94    0.37
  -13.58  -10.75   -3.38   -1.81
  -32.94  -24.22   -2.52   -2.60
2080 2089
   -3.63   -3.79   -1.99   -2.18
   -1.97   -4.41   -4.85   -5.89
   -6.87  -10.56   -9.35   -9.43
  -25.78  -21.68   -6.86   -5.15
2090 2099
   -5.49   -4.55   -1.19   -1.43
  -11.65  -10.21   -3.94   -3.60
  -22.59  -21.57  -11.01   -5.64
  -40.94  -38.00  -15.25   -7.30
