Mean monthly rainfall - Model Simulations
NaN indicates insufficient data is available
Refer to Accompanying Documentation
GRIDBOX LONGITUDES
           4
   36.25   38.75   41.25   43.75
GRIDBOX LATITUDES
           4
   18.75   16.25   13.75   11.25
MODEL CLIMATOLOGY 1970-1999 (mm)
    3.51    6.02    5.02    5.86
    5.39    9.38    8.74    5.28
    9.59   13.32    8.44    3.69
   25.53   25.12    9.53    4.96
Mean Anomalies over 10-year time slices (mm)
2000 2009
   -0.31   -0.19   -0.18   -2.50
   -1.09   -1.32    0.95   -1.71
   -3.35   -2.80    0.75    0.02
  -10.54   -7.48   -3.68   -2.05
2010 2019
    0.63   -0.73   -1.28   -2.06
    0.92   -1.16   -1.41   -2.04
    0.14   -1.98   -0.92   -0.80
   -4.43   -6.15   -2.90   -1.62
2020 2029
   -1.07   -0.86   -0.85   -2.18
   -0.84   -0.61   -1.00   -2.21
   -0.02   -0.54   -0.70   -0.82
   -3.80   -4.61   -2.53   -1.86
2030 2039
   -1.12   -1.90   -1.77   -3.64
   -1.68   -2.91   -1.58   -2.90
   -4.27   -3.38   -0.47   -0.67
   -9.11   -5.55   -2.87   -1.67
2040 2049
    0.03    0.24    0.79    0.55
    0.25    0.78    0.65   -0.26
    2.30    1.68    0.86   -0.49
    1.79    2.33    1.50   -1.21
2050 2059
    0.16    1.33    0.67    0.09
    0.35    0.79    0.69   -0.99
   -1.38    0.27    0.95   -0.13
   -3.58   -0.33    1.67    0.72
2060 2069
   -0.17    0.85   -0.57   -1.31
   -1.19   -0.14    0.83   -1.33
   -3.33   -1.80    0.44   -0.65
   -8.46   -4.52   -2.86   -2.25
2070 2079
   -0.48   -1.42   -1.73   -2.48
   -1.82   -3.58   -2.04   -2.18
   -5.29   -6.07   -2.73   -0.89
  -11.41  -11.11   -4.23   -1.90
2080 2089
   -0.55   -0.52    0.49    0.32
    0.15    0.59    0.61   -1.83
    0.27    2.68    0.89   -0.78
   -5.93   -0.03    0.67   -1.34
2090 2099
   -1.41   -2.15   -1.94   -1.72
   -1.54   -2.22   -1.65   -1.93
   -2.38    1.03    0.90   -0.98
   -9.37   -1.25    2.10   -0.74
