Mean monthly rainfall - Model Simulations
NaN indicates insufficient data is available
Refer to Accompanying Documentation
GRIDBOX LONGITUDES
           4
  -16.25  -13.75  -11.25   -8.75
GRIDBOX LATITUDES
           4
   13.75   11.25    8.75    6.25
MODEL CLIMATOLOGY 1970-1999 (mm)
   55.28   59.97   55.79   47.35
   85.23   94.43   91.13   79.00
  121.28  137.28  141.27  125.44
  138.03  151.87  162.31  151.67
Mean Anomalies over 10-year time slices (%)
2000 2009
    7.10   -3.59  -10.00   -6.59
   20.78   13.39    8.55    8.44
   19.42   16.12   11.23   12.38
    7.17    5.71    4.82    8.94
2010 2019
   42.05   37.39   35.71   32.05
   30.73   30.87   31.29   30.18
   28.14   26.82   19.72   25.33
   16.01   15.01   10.16   15.27
2020 2029
    3.40   17.85   28.87   43.77
   15.91   16.42   15.91   17.02
   23.67   17.37   10.80    9.22
   14.98   13.55    7.04    8.01
2030 2039
  -12.77  -16.83  -26.53  -36.35
  -17.31  -17.09  -20.43  -24.91
  -15.62  -13.94  -12.66  -16.71
   -8.56   -8.95   -9.65  -10.77
2040 2049
   15.17   15.10   10.90    5.88
    8.96    5.63    8.95   12.39
    6.78    2.95    2.55    7.65
    2.88   -0.65   -3.26    0.83
2050 2059
   -6.02  -17.42  -21.48  -17.72
   13.73    5.57   -2.42   -4.93
    7.27    7.31    7.05   11.71
    9.17    7.59    7.16   10.49
2060 2069
   26.98   20.20   18.18   18.90
   19.22   17.80   18.58   22.12
   16.22   12.41   11.87   15.32
   16.17   12.01    7.86    9.31
2070 2079
   33.96   29.65   20.00   19.22
   27.76   26.02   26.29   30.96
   14.82   14.21   17.29   23.40
    3.16    4.59    5.38   11.66
2080 2089
   16.56   15.09   23.31   33.98
   21.93   18.91   20.22   25.89
   10.92    9.29   12.20   18.91
   11.12    8.43    7.50   11.57
2090 2099
   15.91   11.12   12.23   29.69
   23.33   17.52   17.39   29.76
   16.14   15.12   15.14   18.94
    8.03    7.67    6.57   10.63
