Mean monthly rainfall - Model Simulations
NaN indicates insufficient data is available
Refer to Accompanying Documentation
GRIDBOX LONGITUDES
           4
  -16.25  -13.75  -11.25   -8.75
GRIDBOX LATITUDES
           4
   13.75   11.25    8.75    6.25
MODEL CLIMATOLOGY 1970-1999 (mm)
   58.12   64.95   85.59  109.27
  207.13  207.74  205.42  218.52
  413.07  457.93  369.72  293.72
  371.90  447.45  384.59  261.54
Mean Anomalies over 10-year time slices (%)
2000 2009
   22.90   14.57   10.08   11.69
   19.90   16.78   12.68   11.28
   11.71    8.69    5.79    5.83
    2.96   -1.07   -4.36   -5.48
2010 2019
    5.91    1.90   -0.41   -3.20
    1.57    0.80    1.02   -0.35
    1.89    1.55    1.15   -1.59
    8.98    6.05    1.68   -2.74
2020 2029
   -1.45   -6.59   -4.66   -7.12
   -0.78    1.36    4.03    3.67
    4.77    6.51    8.08   10.37
    7.66    6.74    6.65    8.27
2030 2039
  -13.26  -14.89  -11.24  -16.05
   -5.04   -2.15   -0.84   -4.54
    3.23    4.87    5.47    3.36
    5.62    6.81    6.31    5.11
2040 2049
  -29.88  -36.10  -28.33  -28.34
  -13.99  -14.30  -14.54  -17.18
    1.37   -0.41   -2.06   -3.34
    7.24    4.48    0.39   -1.22
2050 2059
  -13.95  -14.82   -8.45   -8.33
   -7.14   -6.68   -6.03   -6.93
   -0.95   -2.35   -2.38   -4.04
    3.83    0.52   -1.01   -0.65
2060 2069
  -12.54  -16.65   -6.56  -10.97
   -4.61   -4.57   -0.44   -3.67
    8.40    5.06    3.15    1.12
   16.40   11.39    8.20    8.37
2070 2079
   -4.89  -11.87  -14.00  -13.74
    3.11   -1.49   -3.40   -7.52
    8.17    6.38    2.47   -1.68
   12.14    9.56    2.56    0.44
2080 2089
  -34.53  -28.99  -22.85  -30.51
  -12.52  -11.26   -9.78  -14.30
    6.59    3.89   -0.58   -2.87
   13.83    9.40    1.39    2.78
2090 2099
  -45.14  -43.74  -36.81  -32.68
  -21.78  -24.69  -26.07  -24.78
   -0.83   -5.96  -12.37  -17.12
   12.11    5.27   -5.12  -10.78
