Mean monthly rainfall - Model Simulations
NaN indicates insufficient data is available
Refer to Accompanying Documentation
GRIDBOX LONGITUDES
           4
  -16.25  -13.75  -11.25   -8.75
GRIDBOX LATITUDES
           4
   13.75   11.25    8.75    6.25
MODEL CLIMATOLOGY 1970-1999 (mm)
    2.00    1.78    3.52    9.57
    5.58    4.79    8.14   23.05
   10.45   11.68   17.78   38.90
   18.75   24.41   31.17   49.73
Mean Anomalies over 10-year time slices (%)
2000 2009
   38.87   79.63   66.79    9.92
   14.33   29.48   22.20   -4.57
    4.72    9.42    8.61   -2.79
    0.85    4.77   10.91    7.92
2010 2019
  -12.61  -27.02  -45.76  -29.67
  -14.93  -28.80  -44.57  -30.70
  -19.70  -31.29  -42.67  -32.69
  -30.02  -32.68  -38.48  -31.06
2020 2029
  -17.26  -24.06  -26.25  -12.20
   -3.78  -21.68  -25.35  -12.40
   -6.08  -19.25  -23.61  -11.78
  -10.36  -17.32  -20.25   -9.10
2030 2039
   -0.80    2.94   25.89   -3.52
    3.16   -5.56   -0.76  -11.88
    1.44   -3.82   -8.03  -11.38
   -8.65   -4.37   -5.85   -3.65
2040 2049
   -0.93   12.64   21.08    7.40
   -0.40   -6.56   -4.44    2.53
    5.47   -6.62   -6.93    2.09
    5.58    3.05    8.23   13.40
2050 2059
  -36.92  -26.29  -30.06  -15.34
  -20.39  -29.50  -27.41  -12.59
  -11.66  -11.08   -7.58   -4.54
   -0.67    5.92    9.07    6.07
2060 2069
  -23.41  -27.19  -16.58  -19.33
   -3.65  -19.76  -24.10  -18.36
    3.77   -6.51  -14.74   -9.46
    5.38    6.56    0.26    0.66
2070 2079
  -25.34  -16.31  -33.07  -21.43
  -17.67  -28.81  -33.80  -21.45
  -13.22  -24.29  -25.66  -17.29
  -11.65  -12.02  -12.02   -6.80
2080 2089
  -38.34  -36.65  -42.22  -36.49
  -27.60  -30.20  -38.52  -29.64
  -22.12  -26.35  -34.41  -20.81
  -14.40  -12.17  -20.04  -10.38
2090 2099
  -43.48  -37.98  -38.61  -24.16
  -24.44  -42.10  -39.53  -23.77
   -3.67  -20.05  -19.14  -17.04
   19.72    8.38    2.19   -4.51
