Mean monthly rainfall - Model Simulations
NaN indicates insufficient data is available
Refer to Accompanying Documentation
GRIDBOX LONGITUDES
           4
    8.75   11.25   13.75   16.25
GRIDBOX LATITUDES
           6
   13.75   11.25    8.75    6.25    3.75    1.25
MODEL CLIMATOLOGY 1970-1999 (mm)
   34.26   32.96   39.94   46.97
   61.52   62.22   68.49   74.26
  104.15   99.98   98.92   98.10
  174.44  149.45  133.74  121.65
  191.96  178.46  161.39  143.72
  172.70  183.07  173.14  156.51
Mean Anomalies over 10-year time slices (%)
2000 2009
   10.09    8.44    3.32    1.68
    3.82    3.94    1.66    0.87
    1.17    2.27    1.14    0.63
    1.45    3.31    2.43    1.68
    2.61    3.51    3.66    3.12
    3.40    3.00    3.96    3.77
2010 2019
   19.38   18.06   10.60    8.05
   10.81    9.32    5.69    3.80
    5.45    4.41    2.42    1.06
    0.64    1.47    0.48    0.41
   -1.64    0.12    0.52    1.34
   -3.65   -1.24    0.37    1.73
2020 2029
   10.50   11.25    6.71    4.76
    7.38    6.89    4.31    2.20
    4.23    3.21    1.68   -0.41
    2.02    1.36   -0.12   -1.47
    0.22   -0.08   -0.54   -0.30
   -2.40   -1.80   -1.00    0.50
2030 2039
    1.56   -2.73   -5.39   -5.88
    0.26   -1.64   -3.02   -3.16
    0.18   -0.85   -0.90   -0.25
    0.64   -0.12    0.59    2.07
    1.31    0.46    1.02    1.96
    1.87    0.81    1.01    1.24
2040 2049
   23.02   22.21   15.19   12.42
   15.25   12.33    9.70    8.74
    8.71    6.49    6.01    6.02
    3.17    4.38    4.63    5.40
   -0.24    2.92    3.90    4.46
   -2.97    1.10    2.46    2.73
2050 2059
   11.12    7.90    4.91    5.02
    7.93    6.16    4.28    3.89
    6.74    5.60    4.74    4.20
    6.03    6.21    5.74    5.42
    2.75    3.99    5.01    5.92
   -1.19    1.09    3.39    5.46
2060 2069
   33.07   30.55   23.17   17.83
   25.57   23.07   17.95   13.55
   17.48   17.13   13.75   10.60
    9.56   12.07    9.36    7.88
    4.88    7.74    7.06    7.81
    0.30    3.21    4.56    6.99
2070 2079
   38.27   30.49   21.19   16.79
   24.28   19.46   14.86   12.67
   14.30   13.12   11.16   10.35
    8.39   12.15   11.43   11.51
    4.82    9.11    9.43   10.07
    1.32    5.26    6.30    7.43
2080 2089
   36.40   28.91   17.97   16.27
   25.71   19.81   14.99   12.42
   17.52   15.44   14.39   12.14
    9.69   12.61   13.01   13.69
    3.55    8.09   10.03   12.73
   -1.86    3.18    6.26   10.07
2090 2099
   40.44   32.67   22.51   19.49
   27.21   26.45   22.09   19.09
   16.64   20.61   20.54   19.16
    6.59   13.99   16.00   17.39
    2.32    9.26   12.01   14.98
   -0.92    4.73    7.77   11.67
