Mean monthly rainfall - Model Simulations
NaN indicates insufficient data is available
Refer to Accompanying Documentation
GRIDBOX LONGITUDES
           4
    8.75   11.25   13.75   16.25
GRIDBOX LATITUDES
           6
   13.75   11.25    8.75    6.25    3.75    1.25
MODEL CLIMATOLOGY 1970-1999 (mm)
  104.27   85.44   93.59  103.37
  145.97  126.16  164.05  154.57
  196.63  170.44  204.81  202.97
  265.65  216.96  206.67  201.18
  364.98  233.21  136.46  142.99
  368.77  228.91  133.32  113.77
Mean Anomalies over 10-year time slices (%)
2000 2009
    9.94   12.70    7.40    4.40
    2.90    5.51    6.60    3.41
    3.04    2.69    5.65    5.03
    4.25    4.31    6.07    3.63
    0.66    0.57    3.88    3.16
    3.06    1.89    4.20    1.30
2010 2019
   -0.20    4.10    3.16    0.42
    1.93    3.29    3.59    3.40
    7.25    6.37    5.82    4.44
    2.61    2.96    3.89    5.12
    1.88    2.19    0.62    2.38
    0.40    1.35   -1.76   -3.73
2020 2029
    8.60    6.61    2.51   -0.13
    5.56   10.35    8.70    4.73
    4.15   12.03    7.80    2.25
    1.08    3.92    3.13    3.31
    0.64   -1.14   -0.78    2.71
   -6.11   -4.29    2.73    0.73
2030 2039
   -0.47   -2.93   -9.57   -8.04
   -0.17   -2.84   -5.30   -5.48
    4.31    3.08   -0.16   -3.98
    1.79    1.75    1.51   -1.82
    3.28    1.40    4.12    1.77
   -0.84   -1.85    3.31    0.75
2040 2049
   10.79    9.86    0.23    1.03
    5.39    3.78    1.24   -3.33
    2.60    6.02    0.25   -4.77
    1.85    3.66   -1.82   -3.29
   -0.12    0.13    2.69    1.34
  -10.23   -6.89    5.10    5.40
2050 2059
    3.68    6.32   -4.73   -6.67
    1.32   -1.02   -5.07   -7.57
   -0.98    0.37   -3.60   -6.46
    2.89    5.77    0.29   -3.16
    5.66    5.64    3.41    0.31
   -8.95   -4.61    2.21   -3.25
2060 2069
   13.98    9.85   -0.84    1.61
    8.34    6.69    3.09    3.15
    4.16   10.08    6.39    1.70
    0.86    6.90    7.19    1.60
    2.25    1.09    7.29    5.56
   -7.71   -3.41    9.49    3.60
2070 2079
   -4.21   -0.60  -10.31   -9.67
   -1.62   -3.55   -3.30   -2.05
   -4.22   -0.17   -1.68   -4.59
   -3.61    0.03   -1.45   -3.48
    0.31   -2.22   -1.84    1.22
  -10.53  -10.69    1.25    3.49
2080 2089
    3.82    5.32   -2.34    3.60
   -0.15   -0.82   -1.14   -5.57
   -2.36    0.08   -3.33   -6.83
   -3.00   -3.09   -4.30   -5.29
   -1.84   -4.16   -3.59    0.83
   -4.23   -5.30    2.35    4.71
2090 2099
    3.13    7.45    4.48    1.87
   -2.83   -0.32    0.78    4.10
   -6.06    1.35    0.25   -4.07
   -5.34   -3.38   -1.46   -3.41
   -0.71   -4.13   -2.14    4.68
  -10.75  -11.09   -2.59    3.44
