Mean monthly rainfall - Model Simulations
NaN indicates insufficient data is available
Refer to Accompanying Documentation
GRIDBOX LONGITUDES
           6
  -13.75  -11.25   -8.75   -6.25   -3.75   -1.25
GRIDBOX LATITUDES
           4
   36.25   33.75   31.25   28.75
MODEL CLIMATOLOGY 1970-1999 (mm)
   17.02   16.32   18.34   17.00   14.07   15.99
   10.82   10.77   11.32    9.87   16.83   19.81
    6.55    4.93    4.09    8.05   14.18    9.18
    4.62    2.39    2.13    4.09    3.80    2.79
Mean Anomalies over 10-year time slices (mm)
2000 2009
    0.38   -0.50   -1.60   -1.98    0.20    1.57
   -0.53   -0.42   -0.41    0.62    1.94    1.26
   -0.77   -0.12   -0.14   -0.81   -0.91    0.73
   -0.46   -0.42   -1.04   -2.44   -1.85   -0.88
2010 2019
   -1.93   -1.64   -2.67   -1.18   -0.13   -0.80
   -1.76   -1.27   -0.82    0.34   -0.06   -0.10
   -0.17    0.26    0.11    0.70   -0.72   -0.28
    0.16    0.19   -0.21   -0.41   -0.30   -0.62
2020 2029
   -2.78   -2.59   -4.12   -4.10   -0.18    0.13
   -2.25   -1.79   -1.70    0.26    1.54   -1.38
   -0.73   -0.94   -0.24    0.58   -0.06   -1.28
    0.39   -0.24   -0.02   -0.68   -0.57   -0.25
2030 2039
   -3.34   -3.74   -6.15   -6.31   -5.05   -5.70
   -1.61   -1.63   -3.46   -0.48    1.51    0.01
   -0.32   -0.32   -0.75    0.86    3.17    2.18
    0.69    0.14   -0.48   -0.66    0.39    0.72
2040 2049
   -4.12   -4.07   -5.80   -5.20   -4.02   -2.84
   -2.76   -3.04   -3.96   -0.90    1.09    0.75
   -0.48   -0.81    0.64    4.15    3.67    1.43
    0.72    0.64    2.10    1.60    0.63   -0.19
2050 2059
   -3.22   -3.42   -6.18   -5.02   -2.32   -2.78
   -1.40   -0.93   -3.00   -1.14   -0.54   -0.99
   -0.00   -0.17   -1.13   -1.75   -1.86   -0.94
    0.31   -0.12   -0.63   -1.62   -0.99   -0.36
2060 2069
   -2.50   -3.79   -5.76   -6.59   -5.03   -3.52
   -0.21   -0.93   -3.00   -3.21   -2.96    0.04
    0.76    0.36   -0.73   -1.33   -2.53   -0.23
    1.06    0.28   -0.34   -0.89   -0.82   -0.23
2070 2079
   -6.07   -5.97   -7.65   -6.88   -3.51   -0.73
   -3.62   -3.19   -4.92   -2.87   -1.59   -0.14
   -0.61   -1.04   -1.55   -1.61   -2.56   -0.58
    0.85   -0.07   -0.81   -1.74   -1.44   -0.76
2080 2089
   -7.94   -8.47  -10.10   -8.86   -6.32   -6.29
   -4.70   -4.57   -5.27   -1.68   -1.72   -2.17
   -1.06   -1.22   -0.54    0.88    0.05   -0.49
    0.71    0.50    0.54   -0.10   -0.22   -0.20
2090 2099
   -7.85   -7.44   -9.18   -8.28   -6.74   -6.95
   -4.02   -3.46   -4.57   -2.56   -4.97   -5.92
   -0.86   -1.37   -1.21   -0.80   -3.00   -2.69
    0.86    0.12   -0.29   -0.60   -0.76   -0.73
