Mean monthly rainfall - Model Simulations
NaN indicates insufficient data is available
Refer to Accompanying Documentation
GRIDBOX LONGITUDES
           6
  -13.75  -11.25   -8.75   -6.25   -3.75   -1.25
GRIDBOX LATITUDES
           4
   36.25   33.75   31.25   28.75
MODEL CLIMATOLOGY 1970-1999 (mm)
   37.56   38.64   35.42   34.06   34.68   31.85
   27.17   30.93   27.89   26.66   28.04   27.48
   17.64   20.77   19.35   18.82   19.07   14.12
   11.62   15.34   12.45    9.25    7.16    6.91
Mean Anomalies over 10-year time slices (mm)
2000 2009
   -3.33   -2.70   -1.63   -1.31   -1.54   -0.33
   -3.35   -3.17   -2.31   -1.79   -1.59   -0.55
   -2.15   -1.97   -1.30   -1.02   -1.10   -0.50
   -1.22   -0.95   -0.51   -0.09    0.24    0.34
2010 2019
   -7.69   -7.42   -4.22   -2.76   -3.21   -1.72
   -6.31   -7.05   -4.56   -3.18   -3.22   -2.03
   -4.02   -4.93   -3.20   -2.05   -1.73   -0.31
   -2.08   -2.43   -1.52   -0.52    0.23    0.38
2020 2029
   -6.47   -6.90   -5.50   -5.08   -5.59   -3.98
   -5.61   -6.29   -4.91   -4.25   -4.48   -3.46
   -3.18   -3.74   -3.01   -2.53   -2.31   -0.85
   -0.82   -0.87   -0.94   -1.02   -0.99   -0.33
2030 2039
   -1.83   -2.86   -2.20   -2.33   -3.01   -0.47
    0.03   -0.64   -0.90   -1.81   -3.04   -1.82
    1.23    0.72   -1.02   -2.42   -2.94   -1.64
    1.18    1.65   -0.56   -1.80   -1.59   -1.08
2040 2049
   -3.52   -3.87   -3.06   -3.03   -3.55   -1.50
   -1.86   -2.59   -1.67   -2.51   -4.87   -4.29
   -1.14   -1.27   -2.59   -4.21   -5.43   -3.66
   -0.36    0.22   -2.09   -3.29   -2.87   -2.16
2050 2059
   -5.82   -6.09   -5.17   -4.54   -4.21   -2.59
   -5.97   -6.84   -5.48   -4.81   -5.02   -4.01
   -4.32   -4.99   -4.25   -4.05   -4.28   -2.38
   -1.88   -0.89   -1.79   -2.04   -1.28   -0.37
2060 2069
   -8.03  -11.63   -8.73   -7.41   -8.14   -5.29
   -8.81  -12.04   -8.42   -7.31   -9.28   -7.75
   -6.22   -7.38   -6.29   -6.37   -7.48   -5.30
   -2.69   -1.36   -2.89   -3.72   -3.38   -3.02
2070 2079
  -10.47  -11.86  -11.02  -10.94  -11.31   -7.64
   -9.61  -10.84   -8.43   -7.54   -8.47   -7.58
   -6.06   -6.54   -5.57   -5.16   -5.29   -3.79
   -2.79   -2.34   -2.47   -2.45   -2.22   -2.12
2080 2089
  -10.79  -11.64   -8.79   -8.07   -9.30   -5.76
   -7.63   -8.61   -5.67   -4.83   -6.45   -6.19
   -3.87   -3.85   -3.23   -3.43   -4.27   -3.45
   -1.28   -1.19   -1.00   -1.08   -1.42   -1.60
2090 2099
   -0.17   -1.06   -0.84   -1.43   -2.88   -3.55
   -2.64   -4.93   -4.99   -5.68   -7.08   -6.85
   -3.50   -5.14   -5.59   -5.98   -6.20   -4.56
   -2.06   -1.78   -2.99   -3.21   -2.31   -2.22
