Mean monthly rainfall - Model Simulations
NaN indicates insufficient data is available
Refer to Accompanying Documentation
GRIDBOX LONGITUDES
           6
  -13.75  -11.25   -8.75   -6.25   -3.75   -1.25
GRIDBOX LATITUDES
           4
   36.25   33.75   31.25   28.75
MODEL CLIMATOLOGY 1970-1999 (mm)
   63.58   61.81   59.28   56.90   54.68   46.87
   52.50   49.90   45.86   43.63   43.18   39.14
   38.13   34.33   33.42   28.89   20.73   15.49
   24.14   19.97   19.53   15.04    6.47    2.37
Mean Anomalies over 10-year time slices (mm)
2000 2009
    0.74    1.99    3.89    3.48    0.74   -0.88
   -3.01   -2.20   -0.33   -0.87   -3.83   -4.52
   -3.78   -3.22   -3.60   -3.53   -3.02   -2.52
   -3.08   -2.75   -3.72   -3.31   -1.51   -0.67
2010 2019
   -3.51   -3.47   -2.69   -0.77    2.29    4.88
   -4.46   -4.51   -2.88   -1.16    0.66    3.43
   -3.68   -3.10   -1.72   -0.56    0.38    1.75
   -2.03   -1.48   -0.69    0.01    0.62    1.12
2020 2029
   -8.69   -7.75   -5.72   -5.22   -6.24   -5.16
  -10.42   -9.64   -7.52   -7.17   -8.59   -7.49
   -8.09   -7.83   -7.52   -6.57   -4.97   -3.34
   -5.30   -5.22   -5.32   -4.24   -1.98   -0.67
2030 2039
  -12.12  -10.95  -10.46  -11.54  -14.18  -13.42
  -13.92  -13.72  -13.15  -13.54  -14.89  -13.97
  -10.38  -11.17  -12.52  -11.44   -7.94   -5.68
   -6.65   -7.46   -8.67   -7.18   -3.01   -1.02
2040 2049
   -4.77   -2.81    1.01    3.08    3.39    3.30
   -2.08    0.55    5.24    6.56    4.53    3.09
   -1.17    0.17    2.70    3.21    1.71    0.82
   -0.51   -0.10    0.74    0.78    0.02   -0.35
2050 2059
   -3.52   -3.17   -3.56   -4.82   -6.95   -6.28
   -5.89   -6.35   -5.61   -5.74   -6.75   -5.97
   -3.77   -4.66   -5.68   -5.43   -3.89   -2.51
   -1.69   -2.52   -3.86   -3.60   -1.72   -0.62
2060 2069
    1.76    3.95    3.73    1.83   -1.76   -3.95
   -4.54   -2.96    0.93    0.20   -5.17   -7.37
   -4.51   -4.00   -1.99   -1.70   -3.11   -3.48
   -3.43   -3.37   -2.49   -1.77   -1.23   -0.85
2070 2079
   -7.68   -4.98   -2.57   -3.57   -7.96   -8.10
  -13.17  -11.71   -8.63   -7.77   -9.15   -7.60
   -9.83   -9.43   -9.81   -8.58   -5.74   -3.54
   -6.22   -6.28   -7.43   -6.30   -2.91   -1.28
2080 2089
   -5.31   -4.24   -2.51   -2.63   -4.60   -5.90
   -6.10   -4.72   -0.92   -1.87   -7.57   -9.53
   -4.06   -3.97   -3.32   -3.35   -4.07   -4.20
   -2.44   -2.94   -3.56   -3.12   -1.62   -1.04
2090 2099
   -5.79   -3.36   -2.28   -2.84   -5.03   -4.50
  -12.10  -10.34   -6.25   -5.26   -7.36   -6.02
   -8.90   -8.40   -8.14   -6.84   -4.51   -2.49
   -5.26   -5.42   -6.38   -5.21   -1.90   -0.35
