Mean monthly rainfall - Model Simulations
NaN indicates insufficient data is available
Refer to Accompanying Documentation
GRIDBOX LONGITUDES
           6
  -13.75  -11.25   -8.75   -6.25   -3.75   -1.25
GRIDBOX LATITUDES
           4
   36.25   33.75   31.25   28.75
MODEL CLIMATOLOGY 1970-1999 (mm)
   47.24   45.73   48.82   44.76   33.59   27.15
   36.32   33.37   35.05   32.59   25.36   18.95
   22.06   17.75   16.92   16.66   15.76   11.02
   11.53    8.87    8.14    7.80    7.25    5.11
Mean Anomalies over 10-year time slices (mm)
2000 2009
   -6.03   -7.90  -11.06  -10.64   -6.45   -2.47
   -5.10   -6.28   -7.11   -6.09   -3.42   -1.60
   -2.66   -3.63   -3.14   -2.39   -1.62   -0.69
   -1.24   -1.29   -1.21   -0.83   -0.20    0.43
2010 2019
   -9.06  -11.64  -13.33  -11.86   -7.86   -6.82
   -9.15  -10.94  -11.67  -10.26   -7.15   -5.58
   -6.05   -6.47   -6.20   -5.66   -4.85   -3.33
   -2.86   -2.50   -2.23   -2.18   -2.22   -1.58
2020 2029
   -4.05   -3.79   -5.49   -6.33   -5.91   -5.01
   -4.10   -4.32   -5.42   -6.33   -6.59   -4.92
   -2.28   -3.14   -4.02   -5.21   -6.18   -4.18
   -1.56   -1.83   -2.09   -2.39   -2.57   -1.84
2030 2039
   -4.07   -7.38  -12.69  -13.19   -8.97   -7.21
   -4.94   -8.44  -10.81  -10.30   -7.34   -5.89
   -3.74   -6.42   -5.44   -4.63   -4.50   -3.66
   -1.81   -2.07   -0.88   -0.23   -0.36   -0.50
2040 2049
  -11.42  -13.44  -18.19  -18.41  -13.69   -9.06
   -9.08  -10.30  -14.06  -14.88  -12.01   -7.34
   -4.59   -5.79   -7.33   -8.26   -7.97   -4.47
   -3.09   -3.17   -3.48   -3.58   -3.28   -1.91
2050 2059
   -9.03  -12.39  -18.32  -18.93  -13.94   -9.82
   -7.54  -10.46  -14.00  -14.26  -11.07   -7.44
   -4.42   -6.96   -6.64   -6.38   -6.33   -4.36
   -0.89   -1.69   -1.54   -1.72   -2.16   -1.25
2060 2069
  -12.44  -14.93  -17.86  -17.00  -12.60  -10.26
  -11.36  -12.71  -14.21  -13.45  -10.46   -7.80
   -7.10   -7.25   -7.37   -7.16   -6.34   -3.89
   -2.94   -2.70   -2.78   -2.83   -2.62   -1.31
2070 2079
   -4.20   -5.17   -7.54   -6.84   -3.25   -1.95
   -5.13   -5.50   -6.27   -5.71   -3.84   -2.55
   -3.58   -3.88   -2.91   -2.82   -3.44   -1.87
   -1.45   -1.56   -1.21   -1.20   -1.43   -0.62
2080 2089
  -13.45  -15.99  -20.98  -20.76  -15.05  -10.11
  -10.96  -12.90  -15.52  -14.74  -10.55   -6.92
   -7.23   -7.98   -7.37   -6.41   -5.16   -3.08
   -3.39   -2.94   -2.42   -2.17   -2.11   -1.46
2090 2099
  -10.86  -12.79  -15.38  -14.26   -9.52   -5.90
  -10.85  -12.21  -13.54  -12.53   -9.21   -6.07
   -8.16   -8.09   -7.83   -7.30   -6.31   -4.02
   -3.45   -2.68   -2.45   -2.28   -2.03   -1.42
