Mean monthly rainfall - Model Simulations
NaN indicates insufficient data is available
Refer to Accompanying Documentation
GRIDBOX LONGITUDES
           6
  -13.75  -11.25   -8.75   -6.25   -3.75   -1.25
GRIDBOX LATITUDES
           4
   36.25   33.75   31.25   28.75
MODEL CLIMATOLOGY 1970-1999 (mm)
   36.12   33.46   34.19   32.38   30.34   25.73
   22.81   23.13   30.02   24.57   22.11   20.44
   12.25   11.38   13.06   11.90   10.80    9.56
    5.75    5.45    6.77    5.96    4.44    3.69
Mean Anomalies over 10-year time slices (mm)
2000 2009
    2.30    1.48   -0.09   -1.42   -1.48   -0.11
    0.37   -0.29   -1.87   -1.60   -1.37   -0.63
   -0.39   -0.40   -1.60   -0.90   -0.02    0.56
    0.21    0.12   -0.23    1.18    1.81    1.73
2010 2019
    2.58    2.66    2.58    2.15    1.21    0.23
    1.50    1.15    0.55    0.52   -0.65   -1.94
    0.66    0.47    0.20   -0.08    0.21    0.00
    0.08   -0.01    0.37    1.32    2.64    2.47
2020 2029
   -3.80   -4.40   -5.63   -6.08   -6.15   -5.42
   -2.83   -4.23   -5.61   -4.67   -4.99   -5.74
   -2.68   -3.03   -3.39   -3.67   -4.68   -4.22
   -1.42   -2.04   -2.87   -2.99   -2.35   -1.53
2030 2039
   -2.90   -3.46   -4.71   -5.27   -4.85   -4.43
   -2.22   -3.24   -5.12   -4.34   -3.66   -3.33
   -1.19   -1.12   -1.19   -0.11    0.29    0.36
   -0.20    0.24    1.08    2.10    2.55    1.29
2040 2049
   -5.54   -5.46   -6.22   -6.70   -6.75   -6.06
   -3.16   -3.81   -5.78   -4.82   -4.70   -5.19
   -1.82   -1.94   -2.80   -1.66   -1.38   -1.55
   -0.61   -0.61   -1.66   -1.31    0.41    0.86
2050 2059
   -2.05   -1.15   -0.12    0.02   -0.40   -0.16
   -0.37    0.75   -0.69   -1.03   -0.88    0.17
    0.65    1.26    0.93    1.31    1.22    2.54
    1.51    2.21    2.22    1.42    2.05    2.44
2060 2069
   -8.06   -8.46   -9.25   -8.80   -6.74   -3.95
   -5.47   -6.30   -7.34   -3.83   -1.36   -0.25
   -2.84   -2.78   -1.86    1.11    2.42    2.07
   -0.55    0.01    1.07    2.39    2.42    1.31
2070 2079
   -4.47   -4.81   -6.86   -8.41   -7.52   -4.92
   -2.00   -3.35   -6.71   -5.60   -3.66   -2.62
   -0.42   -1.00   -1.44    0.57    1.28    1.28
    0.98    1.18    1.45    1.45    1.50    1.24
2080 2089
   -5.44   -4.25   -3.96   -3.75   -3.74   -3.78
   -3.19   -2.65   -4.39   -3.10   -2.72   -3.78
   -0.89   -0.97   -2.86   -2.50   -1.50   -0.55
   -0.08   -0.82   -2.26   -1.50   -0.05    0.59
2090 2099
   -3.16   -3.49   -4.97   -4.82   -3.09   -1.31
   -2.67   -3.87   -5.58   -3.05    0.27    0.76
   -1.68   -2.37   -2.87   -0.55    2.76    4.23
    0.42   -0.59   -1.17    0.58    2.57    2.08
