Mean monthly rainfall - Model Simulations
NaN indicates insufficient data is available
Refer to Accompanying Documentation
GRIDBOX LONGITUDES
           6
  -13.75  -11.25   -8.75   -6.25   -3.75   -1.25
GRIDBOX LATITUDES
           4
   36.25   33.75   31.25   28.75
MODEL CLIMATOLOGY 1970-1999 (mm)
   39.89   35.26   30.59   25.87   21.90   18.67
   26.49   21.35   17.10   13.75   11.56   10.54
   15.26   10.84    7.66    5.74    4.80    4.85
    6.19    4.17    2.91    2.40    2.23    2.40
Mean Anomalies over 10-year time slices (mm)
2000 2009
   -0.29    0.65    1.19    1.34    1.04    0.30
   -0.48    0.97    1.65    1.57    0.92   -0.29
   -0.24    1.14    1.68    1.39    0.66   -0.49
    0.99    1.26    1.19    0.77    0.37   -0.02
2010 2019
   -1.51   -0.96   -0.44    0.03    0.00   -0.51
   -0.65   -0.59   -0.39   -0.07   -0.14   -0.61
    0.31   -0.06   -0.14    0.07    0.00   -0.32
    0.47    0.33    0.29    0.33    0.23   -0.03
2020 2029
   -0.98   -0.69   -0.70   -1.03   -1.12   -0.97
   -0.20    0.15    0.04   -0.52   -0.77   -0.70
    0.72    0.84    0.62    0.05   -0.16   -0.02
    0.79    0.80    0.66    0.36    0.25    0.34
2030 2039
    1.43   -0.29   -1.45   -2.05   -2.71   -3.42
    5.17    2.69    0.93   -0.09   -1.11   -2.10
    6.44    3.78    1.88    0.74   -0.21   -0.98
    2.33    1.20    0.51    0.25   -0.06   -0.41
2040 2049
   -1.92   -0.48    0.36    0.62    1.13    1.88
   -1.14    0.19    0.65    0.25    0.32    0.88
   -0.09    0.60    0.59   -0.10   -0.20    0.29
    0.37    0.35    0.19   -0.10   -0.32   -0.48
2050 2059
    1.82    0.12   -1.00   -1.54   -1.88   -2.04
    0.68   -0.50   -1.19   -1.41   -1.56   -1.63
    0.31   -0.42   -0.92   -1.19   -1.24   -1.09
    0.02   -0.15   -0.26   -0.32   -0.28   -0.15
2060 2069
    2.47    0.44   -1.34   -2.84   -3.92   -4.55
    0.55   -0.18   -0.84   -1.43   -2.03   -2.62
   -0.87   -0.57   -0.38   -0.29   -0.41   -0.73
   -0.68   -0.43   -0.14    0.20    0.34    0.29
2070 2079
   -4.06   -4.52   -5.10   -5.79   -5.93   -5.53
   -4.88   -4.16   -3.64   -3.32   -3.08   -2.93
   -4.25   -3.03   -1.95   -0.99   -0.49   -0.43
   -1.30   -0.32    0.40    0.86    0.95    0.67
2080 2089
   -3.46   -5.18   -6.28   -6.74   -7.20   -7.67
   -4.26   -4.59   -4.51   -4.02   -4.10   -4.76
   -3.77   -3.14   -2.37   -1.48   -1.32   -1.89
   -1.44   -0.97   -0.46    0.11    0.19   -0.22
2090 2099
    0.44   -1.41   -2.93   -4.12   -4.27   -3.37
   -1.24   -1.90   -2.25   -2.29   -2.12   -1.75
   -2.84   -2.41   -1.80   -1.02   -0.56   -0.44
   -1.90   -1.07   -0.47   -0.09    0.14    0.23
