Mean monthly rainfall - Model Simulations
NaN indicates insufficient data is available
Refer to Accompanying Documentation
GRIDBOX LONGITUDES
           4
  -16.25  -13.75  -11.25   -8.75
GRIDBOX LATITUDES
           5
   13.75   11.25    8.75    6.25    3.75
MODEL CLIMATOLOGY 1970-1999 (mm)
   17.48   21.89   24.43   26.64
   48.12   55.09   56.01   50.35
  116.02  113.67   96.87   86.57
  196.15  179.03  139.95  126.81
  206.19  195.15  175.88  147.63
Mean Anomalies over 10-year time slices (mm)
2000 2009
    1.02    1.78    1.01   -2.00
    0.74   -1.83   -3.16   -5.37
   16.07   10.81    3.43   -0.18
   38.62   32.13   17.68    7.00
   19.56   15.73    6.83    0.84
2010 2019
   -0.36   -0.50   -1.30   -0.92
    4.98    3.70    2.32    2.71
   22.22   19.44   16.59   15.81
   33.00   30.11   24.38   24.96
   26.07   25.39   24.39   25.07
2020 2029
   -1.16    1.65    2.43    0.80
   -3.47   -1.56   -1.29   -1.14
    1.85    1.73    0.53   -0.46
   11.53   10.09    6.13    1.09
    4.53    5.14    2.98   -1.10
2030 2039
   -4.41   -4.94   -4.76   -3.91
  -13.62  -13.98  -10.87   -8.85
   -5.66   -6.25   -5.58   -4.52
   14.36   11.34    3.81   -5.32
  -16.07  -20.06  -28.08  -30.46
2040 2049
   -8.38   -7.91   -5.89   -5.46
  -21.26  -17.87   -9.90   -8.30
  -11.05   -4.99    1.40    1.13
   40.42   42.20   35.04   23.18
   52.81   50.93   43.18   28.28
2050 2059
   -5.63   -4.68   -3.37   -3.18
  -10.01   -9.84   -6.13   -5.89
    2.79    0.85   -0.82   -3.36
   18.55   16.18    7.97    0.86
  -12.22  -13.35  -17.88  -17.52
2060 2069
   -4.82   -5.48   -6.43   -6.84
   -4.67   -7.01   -5.55   -5.28
   12.26    8.27    4.78    3.13
   22.42   20.24   12.20    4.04
  -13.38  -14.42  -18.60  -19.52
2070 2079
   -5.12   -6.03   -6.28   -6.15
  -10.98  -12.00   -8.81   -6.94
    0.34    2.99    5.08    4.47
   25.78   28.86   25.07   17.56
   23.68   20.90   16.18    8.92
2080 2089
   -6.91   -6.03   -3.67   -2.71
   -8.11   -6.60   -0.74   -0.38
   18.54   15.91   11.70    7.59
   47.29   43.04   28.12   15.15
    7.63    8.88    1.47   -4.11
2090 2099
  -10.53  -12.16  -12.39  -12.01
  -18.61  -19.11  -14.60  -12.17
    9.85    8.00    1.89   -0.69
   41.39   38.21   22.81    8.22
    4.04    2.77   -4.05  -13.50
