Mean monthly rainfall - Model Simulations
NaN indicates insufficient data is available
Refer to Accompanying Documentation
GRIDBOX LONGITUDES
           4
  -16.25  -13.75  -11.25   -8.75
GRIDBOX LATITUDES
           5
   13.75   11.25    8.75    6.25    3.75
MODEL CLIMATOLOGY 1970-1999 (mm)
    2.47    2.09    5.68   10.34
    4.16    4.83   14.08   27.08
   35.56   53.61   51.49   58.62
  255.93  287.94  234.88  167.53
  372.94  372.28  311.84  231.08
Mean Anomalies over 10-year time slices (mm)
2000 2009
    0.35    1.00    1.96    5.02
    1.38    3.22    3.51    3.72
    8.51   12.18    9.11    6.06
   47.17   27.48   -0.21   -9.89
   -2.51  -28.35  -56.33  -51.83
2010 2019
    0.05   -0.56   -3.11   -5.23
   -0.35   -1.99   -6.36   -9.34
   -4.55  -11.90  -14.87  -10.89
   -0.61  -14.73  -29.54  -20.34
   -0.47  -18.89  -39.22  -36.35
2020 2029
   -0.11   -1.33   -3.84   -6.08
   -0.61   -2.18   -6.71   -9.65
    4.78    1.20   -4.66   -8.03
   26.63    4.78  -13.09  -15.20
   -0.27  -11.01  -23.99  -26.72
2030 2039
   -0.33   -1.04   -2.60   -3.19
   -1.12   -2.50   -4.97   -5.92
   -0.65  -10.16  -10.93   -5.53
    8.28  -15.29  -28.16  -15.95
   10.06   -4.57  -21.98  -18.31
2040 2049
    0.05    0.00   -1.80   -2.90
   -0.16   -0.00   -1.92   -3.50
    1.32    2.48    3.47    4.63
   13.61    9.16   -2.63    0.33
    1.81   -9.10  -30.94  -31.62
2050 2059
   -0.09   -1.17   -2.74   -1.51
   -0.44   -1.38   -5.23   -5.95
   -1.44   -7.23  -11.53  -11.62
   10.02   -3.97  -21.05  -15.58
   15.82    1.16  -23.10  -24.60
2060 2069
    0.13   -0.32    1.30    3.82
    0.03    0.88    2.75    5.60
    8.21    9.03    5.36    7.18
   16.88    3.11   -9.51   -5.95
   -0.60   -9.35  -21.60  -15.02
2070 2079
    0.12   -0.71   -1.92   -1.97
   -0.53   -2.77   -7.63   -9.90
  -11.86  -21.42  -20.06  -12.29
  -32.57  -43.02  -43.76  -27.53
   -2.29  -20.64  -39.49  -38.46
2080 2089
    0.05   -0.39   -0.14    1.14
    0.36   -0.21   -0.86    3.33
   -7.23  -11.97   -8.92   -0.49
  -27.53  -36.46  -35.27  -18.78
   13.63    4.01  -13.54  -11.55
2090 2099
   -0.02   -0.36   -1.88   -2.95
   -0.72   -1.35   -3.13   -3.21
   -0.68   -1.45   -3.68   -3.28
   12.56   -2.34  -16.32  -13.82
    0.78  -23.62  -45.50  -38.34
