Mean monthly rainfall - Model Simulations
NaN indicates insufficient data is available
Refer to Accompanying Documentation
GRIDBOX LONGITUDES
           4
   -3.75   -1.25    1.25    3.75
GRIDBOX LATITUDES
           5
   13.75   11.25    8.75    6.25    3.75
MODEL CLIMATOLOGY 1970-1999 (mm)
    3.82    3.54    3.26    3.11
   15.19   13.67   11.99   12.01
   43.12   36.51   30.85   28.69
   51.19   38.63   35.97   38.53
   29.34   23.02   25.17   32.08
Mean Anomalies over 10-year time slices (%)
2000 2009
   -9.07  -12.20   -4.76   19.10
   10.81    5.99   18.04   27.42
   10.71    7.97    8.83    9.12
   16.18   12.58    7.76   14.24
   -0.59   -2.33    3.19   12.92
2010 2019
   62.43   84.49   49.98   27.21
   37.56   30.57   13.85    0.63
   16.14   12.10    4.71    2.10
   12.55    8.48    5.66    8.68
   -1.09   -1.31    4.21    9.71
2020 2029
  -45.89  -45.26  -57.51  -35.93
  -21.88  -20.14  -11.14   -7.72
   -2.11   -1.90   -4.30   -6.70
   -2.37   -5.56   -4.29   -2.62
   -4.35   -6.53   -2.55    3.60
2030 2039
  -35.66  -43.72  -37.83  -42.21
  -17.20  -25.11  -30.41  -36.09
   -3.70  -12.59  -18.09  -19.60
    2.35   -2.17   -5.76   -3.96
   -6.10   -3.29   -1.24    3.08
2040 2049
    2.95    4.90   23.73   21.14
    6.86    3.01    7.26   -1.53
    1.66    1.33    0.76    2.25
    2.27    2.56    2.72    6.71
   -2.21    1.34    5.99   10.89
2050 2059
   33.01   24.81  -19.93  -51.53
    7.92   -1.60   -7.40  -13.25
    6.61    1.95   -7.07   -7.85
    0.28   -3.21   -7.14   -2.53
   -7.71   -5.72   -1.41    3.11
2060 2069
  -33.78  -40.96  -50.04  -44.20
  -17.98  -16.14  -10.90    0.94
  -10.69   -5.33   -4.11    4.44
   -1.61    4.59    4.59    7.05
    7.23    9.12    8.45   10.30
2070 2079
  -32.64  -22.53    4.03  -16.59
    4.56    7.53    6.75    0.23
    0.98    0.94   -2.13   -0.06
    6.08   10.20   13.28   15.42
    6.66   11.58   15.28   17.64
2080 2089
  -46.12  -39.45  -29.52  -12.35
  -33.15  -20.62  -17.38  -22.88
  -13.75  -13.80  -20.46  -22.52
   -0.70   -4.38  -11.06  -11.81
   -0.77   -1.37   -2.29   -0.91
2090 2099
  -47.03  -24.57  -34.19  -34.99
  -22.83  -18.51  -19.08  -26.03
  -13.41  -16.11  -20.72  -21.23
   -4.38   -4.01    1.57    5.04
    6.01    7.02    7.81    7.97
