Mean monthly rainfall - Model Simulations
NaN indicates insufficient data is available
Refer to Accompanying Documentation
GRIDBOX LONGITUDES
           4
   -3.75   -1.25    1.25    3.75
GRIDBOX LATITUDES
           5
   13.75   11.25    8.75    6.25    3.75
MODEL CLIMATOLOGY 1970-1999 (mm)
    1.43    1.56    1.62    1.46
    5.91    6.70    7.64    8.69
   22.55   22.58   22.42   26.13
   37.10   37.27   43.04   47.69
   52.60   64.13   77.01   78.66
Mean Anomalies over 10-year time slices (%)
2000 2009
  -32.59  -36.18  -33.23  -31.77
  -24.73  -11.36   -9.97  -30.30
  -18.38  -23.05  -24.30  -24.66
  -12.77  -14.92  -10.34  -10.29
  -26.16  -22.15  -14.53   -9.66
2010 2019
  -50.22  -37.19   -8.59  -14.01
  -21.05  -18.98  -13.28  -16.61
   -1.37  -12.42  -12.69   -7.85
   -9.11  -11.25  -10.75  -12.00
  -12.00  -10.82  -10.21  -13.24
2020 2029
  -23.70  -11.64   17.14   16.70
   31.15   15.91   -1.23   -3.29
   12.14    4.05   12.09    7.46
    6.22    3.39   -0.94   -5.40
   -0.42   -5.85   -8.51   -8.44
2030 2039
   12.36   -0.02  -14.90  -22.37
  -26.85  -23.44  -15.35  -18.77
   -1.55   -7.84   -4.44   -8.05
  -13.55  -20.72  -14.21  -16.05
  -21.97  -21.33  -15.42  -14.08
2040 2049
  -46.69  -33.23    4.02   21.03
  -17.50   -6.09   -3.79  -15.38
   12.51   -0.25    1.30   -2.83
   -3.70   -4.14    1.56   -1.33
  -10.35   -5.77   -2.22    1.88
2050 2059
  -16.48  -16.74   45.67   58.39
    8.97    1.79   -0.83    2.13
    3.72    2.89    1.85   -3.42
   -5.18   -8.77   -6.87  -11.64
   -7.07  -10.25  -10.57  -14.30
2060 2069
    5.48  -30.84  -39.40  -58.81
  -10.81  -33.03  -30.14  -29.18
    5.85    3.64    8.79    0.52
   -5.41  -12.20  -14.29  -19.07
   -8.56  -11.73  -16.60  -18.50
2070 2079
  -48.10  -39.57  -43.66  -39.06
  -21.00  -17.31   -6.67  -17.52
   10.26    1.26   -0.75  -10.42
   -5.50  -10.40  -11.46  -16.38
   -8.10  -16.43  -19.88  -19.73
2080 2089
  -61.17  -71.26  -68.33  -81.58
  -43.08  -49.25  -45.65  -47.79
   -1.56   -9.88  -13.45  -26.37
   -7.98  -21.01  -26.13  -30.28
  -18.40  -25.69  -29.17  -32.88
2090 2099
   11.33    0.69   17.67   24.52
   14.13    5.86    2.64  -11.54
    0.50   -8.17   -5.01  -11.44
  -12.59  -13.22  -14.57  -19.88
  -11.41  -16.76  -25.43  -30.30
