Mean monthly rainfall - Model Simulations
NaN indicates insufficient data is available
Refer to Accompanying Documentation
GRIDBOX LONGITUDES
           4
   -3.75   -1.25    1.25    3.75
GRIDBOX LATITUDES
           5
   13.75   11.25    8.75    6.25    3.75
MODEL CLIMATOLOGY 1970-1999 (mm)
    0.19    0.17    0.14    0.11
    2.07    1.83    1.73    1.69
   11.06    9.07    8.40    8.57
   26.20   21.08   18.99   19.33
   24.16   28.08   33.49   39.23
Mean Anomalies over 10-year time slices (%)
2000 2009
  -51.32  -56.10  -47.76  -21.22
  -25.31  -21.24  -13.27   -3.74
  -11.88   -6.42   -2.32   -1.63
   -7.01   -8.67   -9.28   -8.75
   -7.94   -9.89  -10.03   -9.00
2010 2019
    2.17   17.73   17.56   -8.82
   14.71   22.78   22.40   13.66
    6.08    7.36    9.40   11.53
   -3.37   -7.66   -9.95   -9.10
   -1.52   -8.55  -12.72  -13.94
2020 2029
   99.85   51.56    9.92  -12.17
   64.11   35.07    7.30   -4.92
   24.06   14.55    2.46   -5.77
    4.71   -1.47   -8.03  -13.40
   -2.45   -5.49   -9.14  -12.15
2030 2039
   -7.87  -30.32  -56.74  -80.61
   -4.44   -9.37  -16.69  -24.13
    3.06    0.64   -1.36   -3.07
    3.70   -1.79   -4.83   -4.79
    0.23   -0.22   -1.95   -4.55
2040 2049
  -51.70  -45.07  -34.77  -23.08
  -12.41  -13.25  -11.88   -8.75
    2.13   -1.10   -4.43   -5.45
   -0.62   -2.88   -5.06   -6.25
    3.02    1.42    0.28   -0.05
2050 2059
   14.68   18.70   25.01   35.20
   21.98   16.47   12.81   14.87
    9.42    5.48    3.02    3.00
   -1.11   -2.90   -2.15   -2.23
    5.19    1.77    1.03    1.39
2060 2069
  -11.30   18.33   31.75   16.47
   12.68   24.75   24.26   12.17
   11.37   14.20   12.94    8.52
    2.87    1.63    1.00   -0.02
   11.19    4.58    1.22    0.39
2070 2079
   26.42   30.34   21.57   -2.12
   22.71   27.03   22.45   10.52
   17.28   14.28   10.25    7.18
    3.01    1.16   -0.80   -2.85
   15.93   10.95    8.49    6.93
2080 2089
   35.02   65.64   97.26  124.69
   45.06   55.27   57.88   54.22
   26.50   25.15   21.01   16.49
    8.49    4.88    3.10    2.38
   12.25    5.93    3.16    3.09
2090 2099
  -41.53  -18.81   -2.61   -5.19
   -1.94    7.96   14.48   13.59
   12.62   12.59   15.19   19.18
    7.12    6.05   10.94   17.49
   26.14   23.25   22.51   22.48
