Mean monthly rainfall - Model Simulations
NaN indicates insufficient data is available
Refer to Accompanying Documentation
GRIDBOX LONGITUDES
           4
   -3.75   -1.25    1.25    3.75
GRIDBOX LATITUDES
           5
   13.75   11.25    8.75    6.25    3.75
MODEL CLIMATOLOGY 1970-1999 (mm)
   93.25  114.32  128.07  132.53
  140.63  158.48  164.67  163.24
  167.92  192.14  206.53  208.84
  185.87  237.41  289.46  320.06
  202.33  268.18  340.84  395.43
Mean Anomalies over 10-year time slices (%)
2000 2009
    9.24   12.68   12.83   11.23
    9.65    9.72    8.76    7.24
    3.00    2.91    2.49    1.78
    3.20    3.14    1.27   -1.27
    7.53    6.35    3.32   -0.24
2010 2019
    5.90    4.57    3.44    2.89
    7.33    6.26    5.21    4.54
    4.52    5.07    4.13    2.12
    4.50    6.28    4.62    1.28
    7.96    6.81    4.46    1.95
2020 2029
  -18.54  -23.55  -22.75  -17.39
  -13.86  -15.36  -12.28   -5.80
  -10.45   -9.08   -5.80   -2.00
   -3.87   -5.01   -4.70   -3.65
    2.23   -2.53   -4.53   -4.84
2030 2039
   -4.42   -5.44   -7.72  -10.42
   -4.14   -5.78   -5.85   -4.24
   -7.74   -6.40   -3.36    0.53
   -3.17   -8.32   -9.41   -7.73
   11.65   -0.17   -6.02   -7.72
2040 2049
  -14.21  -10.80   -9.10   -8.82
   -1.47   -2.65   -3.11   -2.67
    0.76    0.67    0.96    1.50
    2.70    1.70   -0.27   -2.27
    6.33   -0.10   -3.67   -4.91
2050 2059
   -1.84    0.04    0.57    0.38
    3.82    4.03    3.66    3.23
    0.58    0.46    0.52    0.62
    4.92   -1.30   -5.18   -7.04
   16.97    6.35   -0.45   -4.22
2060 2069
   -1.73   -6.58   -8.53   -8.79
    4.43   -1.63   -4.20   -3.88
    0.33   -2.70   -3.55   -3.16
    4.75   -3.84   -9.71  -12.92
   16.24    1.26   -9.12  -15.22
2070 2079
   14.11    5.93   -0.78   -6.18
   12.08    4.22   -0.00   -0.84
    4.08    0.32    0.61    3.63
    6.19    2.42   -0.65   -2.51
   14.22    6.64   -0.50   -5.95
2080 2089
  -15.20  -11.82   -6.11    1.65
  -12.53   -7.89   -2.06    4.81
  -13.43   -9.64   -4.08    2.30
   -9.26  -14.24  -12.84   -7.74
    3.32   -6.74   -9.87   -8.82
2090 2099
    6.83    4.45    0.28   -4.16
   10.49    6.31    3.19    1.85
    5.71    2.37    2.52    5.41
    3.89   -0.09   -2.71   -3.56
   13.41    2.47   -3.87   -6.26
