Mean monthly rainfall - Model Simulations
NaN indicates insufficient data is available
Refer to Accompanying Documentation
GRIDBOX LONGITUDES
           6
  -13.75  -11.25   -8.75   -6.25   -3.75   -1.25
GRIDBOX LATITUDES
           4
   36.25   33.75   31.25   28.75
MODEL CLIMATOLOGY 1970-1999 (mm)
   47.24   45.73   48.82   44.76   33.59   27.15
   36.32   33.37   35.05   32.59   25.36   18.95
   22.06   17.75   16.92   16.66   15.76   11.02
   11.53    8.87    8.14    7.80    7.25    5.11
Mean Anomalies over 10-year time slices (mm)
2000 2009
   -2.86   -5.84   -9.04   -9.01   -6.03   -4.90
   -2.68   -4.99   -6.27   -5.51   -3.26   -3.27
   -0.58   -2.15   -1.47   -0.30    0.70   -0.03
    0.72    0.49    1.18    1.82    2.12    1.51
2010 2019
   -6.48   -7.05  -10.60  -10.49   -6.09   -0.99
   -3.54   -5.24   -7.50   -7.08   -3.87   -0.68
   -0.98   -3.01   -2.59   -1.85   -1.09    0.33
   -0.96   -1.13   -0.33   -0.00   -0.22    0.20
2020 2029
   -8.06   -9.81  -10.95  -10.12   -7.33   -4.03
   -7.20   -8.77   -9.24   -8.32   -6.07   -3.05
   -5.69   -6.74   -6.79   -6.08   -4.63   -2.27
   -3.47   -3.39   -3.31   -2.99   -2.36   -1.31
2030 2039
   -8.03   -9.44  -11.77  -11.57   -8.86   -7.14
   -8.71   -9.67  -10.74  -10.26   -8.15   -5.78
   -6.27   -6.41   -6.40   -6.33   -5.89   -3.45
   -3.51   -3.04   -3.04   -3.09   -2.92   -1.68
2040 2049
   -2.80   -2.10   -3.43   -2.84   -0.69   -2.77
   -4.91   -3.96   -4.24   -3.61   -2.23   -3.04
   -3.80   -3.33   -2.90   -2.57   -2.31   -2.05
   -2.39   -1.27   -0.52   -0.25   -0.40   -0.62
2050 2059
   -6.09   -6.66  -10.09  -10.42   -7.37   -5.38
   -7.12   -7.37   -8.42   -8.19   -6.57   -5.23
   -5.60   -5.47   -4.86   -4.82   -5.22   -4.22
   -2.91   -2.65   -2.72   -2.87   -2.90   -2.13
2060 2069
   -5.83   -7.81  -12.99  -13.74   -9.62   -6.05
   -7.20   -9.09  -12.00  -12.09   -9.08   -5.35
   -6.11   -8.00   -7.78   -6.91   -5.53   -2.84
   -3.79   -3.96   -3.42   -2.54   -1.47   -0.59
2070 2079
  -11.86  -14.12  -18.38  -17.34  -11.21   -8.26
  -10.81  -13.17  -16.17  -15.01   -9.94   -6.81
   -7.77   -8.90   -8.93   -7.99   -6.17   -3.82
   -4.34   -4.23   -4.00   -3.23   -1.97   -0.99
2080 2089
  -14.71  -15.92  -17.55  -15.65  -10.60   -8.23
  -12.66  -13.43  -14.19  -12.95   -9.78   -6.97
   -8.11   -8.07   -7.25   -6.95   -6.92   -4.59
   -2.88   -2.65   -2.32   -2.30   -2.44   -1.65
2090 2099
  -15.96  -16.84  -20.61  -20.09  -14.78   -9.26
  -13.69  -14.51  -16.86  -16.58  -13.13   -8.02
   -9.25   -9.44   -9.20   -9.15   -8.84   -5.41
   -4.73   -4.40   -4.05   -3.88   -3.69   -2.21
