Mean monthly rainfall - Model Simulations
NaN indicates insufficient data is available
Refer to Accompanying Documentation
GRIDBOX LONGITUDES
           6
  -13.75  -11.25   -8.75   -6.25   -3.75   -1.25
GRIDBOX LATITUDES
           4
   36.25   33.75   31.25   28.75
MODEL CLIMATOLOGY 1970-1999 (mm)
   24.65   26.58   29.93   31.89   32.48   34.57
   18.78   18.46   21.03   23.33   24.61   24.46
   12.20    8.58    9.53   12.44   15.81   14.74
    8.38    5.41    6.11    7.89    9.75    9.38
Mean Anomalies over 10-year time slices (mm)
2000 2009
    1.02    0.71   -1.15   -3.08   -4.61   -4.79
    0.93    0.89    0.20   -0.33   -0.60   -1.07
    0.96    0.92    1.66    2.92    4.18    3.24
    0.00    0.51    0.85    1.47    2.14    1.11
2010 2019
   -1.07   -1.01   -1.38   -1.85   -2.50   -3.84
   -1.80   -1.80   -2.70   -3.19   -3.28   -4.30
   -1.00   -1.27   -2.20   -2.42   -2.09   -3.32
   -0.85   -1.09   -1.63   -1.96   -2.21   -3.48
2020 2029
   -4.15   -4.33   -4.70   -3.24   -0.32    0.16
   -1.80   -2.31   -3.42   -2.45    0.38    1.17
   -0.19   -0.74   -1.81   -1.17    1.06    1.89
   -0.11   -0.73   -1.45   -1.10    0.16    0.20
2030 2039
   -3.96   -5.68   -8.85   -9.63   -8.27   -9.93
   -3.22   -4.57   -6.65   -7.23   -6.53   -7.84
   -1.98   -2.21   -2.28   -2.83   -3.83   -4.56
   -0.66   -0.05   -1.17   -2.36   -3.22   -3.34
2040 2049
   -3.29   -5.56   -7.65   -7.76   -6.16   -5.98
   -2.57   -4.88   -7.09   -7.08   -5.14   -4.99
   -1.69   -2.67   -3.22   -2.89   -1.95   -2.25
   -0.71   -0.48   -0.04   -0.06   -0.58   -1.20
2050 2059
   -7.96   -8.98  -10.73  -11.46  -11.32  -12.70
   -4.94   -6.03   -7.88   -8.78   -8.74   -9.47
   -2.13   -2.92   -4.05   -5.00   -5.54   -5.12
   -1.29   -2.20   -3.00   -3.42   -3.43   -3.20
2060 2069
   -6.05   -8.54  -11.78  -13.31  -12.98  -12.44
   -4.73   -6.55   -8.76   -9.15   -7.78   -7.06
   -3.02   -3.74   -3.79   -2.94   -1.51   -1.44
   -1.28   -1.28   -0.95   -0.50   -0.23   -1.38
2070 2079
   -6.46   -7.31   -9.36   -9.01   -6.48   -6.40
   -3.59   -4.28   -6.13   -5.80   -3.35   -2.56
   -1.35   -1.81   -2.12   -1.33    0.36    1.05
   -0.52   -1.25   -1.85   -1.94   -1.56   -1.34
2080 2089
   -7.83   -8.14   -9.81  -10.20   -9.33  -10.08
   -4.88   -4.99   -6.64   -7.12   -6.36   -6.64
   -1.77   -1.78   -1.57   -1.14   -0.67   -1.14
   -0.73   -0.70   -0.89   -0.04    1.44    0.27
2090 2099
   -6.87   -8.29  -12.01  -14.38  -15.13  -16.71
   -4.92   -6.13   -9.54  -11.94  -12.85  -13.19
   -2.80   -3.96   -5.66   -7.47   -8.94   -8.19
   -1.80   -2.68   -3.72   -4.46   -4.74   -4.29
