Mean monthly rainfall - Model Simulations
NaN indicates insufficient data is available
Refer to Accompanying Documentation
GRIDBOX LONGITUDES
           6
  -13.75  -11.25   -8.75   -6.25   -3.75   -1.25
GRIDBOX LATITUDES
           4
   36.25   33.75   31.25   28.75
MODEL CLIMATOLOGY 1970-1999 (mm)
   64.95   63.74   68.64   60.05   46.94   48.71
   42.25   44.86   46.78   28.19   18.43   16.50
   23.05   24.14   17.48   11.90    8.68    4.63
   10.24    9.59    3.98    3.42    1.94    0.98
Mean Anomalies over 10-year time slices (mm)
2000 2009
   -7.24   -5.56   -3.98   -2.94   -4.21   -6.31
   -5.72   -4.17   -4.55   -2.45   -1.76   -0.82
   -2.49   -3.89   -3.11   -2.59   -1.48   -0.31
   -1.10   -1.44   -0.76   -0.70   -0.32   -0.09
2010 2019
  -10.14  -13.05  -13.81   -9.30   -5.86   -5.34
   -8.73  -12.44  -13.83   -7.05   -2.97   -1.77
   -7.42   -9.75   -7.32   -3.55   -1.48   -0.24
   -3.54   -4.70   -2.01   -1.00   -0.43   -0.23
2020 2029
   -3.63   -5.63   -4.83   -7.72   -9.74  -12.91
   -5.65   -5.98   -7.92   -6.74   -4.58   -4.51
   -3.05   -4.33   -4.11   -3.59   -2.53   -1.23
   -1.93   -2.66   -1.81   -1.58   -0.85   -0.39
2030 2039
  -10.37  -12.86  -14.94  -11.40   -7.80   -7.93
   -8.76   -9.31  -11.01   -5.96   -2.42   -2.51
   -4.00   -4.65   -2.99   -1.66   -0.45    0.64
   -1.59   -1.97   -0.60   -0.31    0.59    0.39
2040 2049
  -10.37  -10.70   -9.99   -7.85   -4.82   -4.93
   -6.27   -6.71   -8.50   -6.33   -3.23   -1.68
   -3.58   -4.90   -5.24   -4.22   -2.04   -0.38
   -1.62   -2.35   -1.75   -1.23   -0.30   -0.14
2050 2059
   -6.07   -4.73   -5.41   -6.08   -3.20   -2.67
   -6.90   -5.98   -7.39   -3.36    0.20    0.18
   -4.35   -5.62   -3.66   -1.83   -0.61    0.07
   -2.78   -2.90   -0.72   -0.75   -0.23   -0.05
2060 2069
  -14.70  -14.60  -16.91  -11.93   -7.20   -5.19
  -13.88  -13.31  -12.96   -6.52   -2.33    0.25
   -8.32   -8.78   -4.97   -2.52   -1.23   -0.05
   -3.91   -3.63   -1.51   -1.16   -0.66   -0.24
2070 2079
  -14.71  -13.73  -11.34   -7.08   -3.97   -4.04
  -15.30  -15.20  -13.00   -5.46   -0.70    0.95
  -10.26  -11.95   -7.78   -4.30   -2.51   -0.59
   -5.52   -5.87   -2.67   -2.02   -1.12   -0.45
2080 2089
  -19.78  -20.70  -24.71  -22.01  -15.68  -12.68
  -13.13  -16.59  -20.39  -11.66   -5.28   -2.00
   -6.56  -10.13   -7.21   -3.40   -1.76   -0.09
   -2.73   -4.17   -1.54   -1.06   -0.51   -0.19
2090 2099
  -20.47  -22.63  -24.90  -19.12  -12.74  -12.37
  -18.02  -20.31  -20.01   -9.75   -4.23   -2.45
  -12.69  -14.22   -8.40   -5.13   -3.47   -1.13
   -6.15   -5.99   -2.06   -1.90   -1.17   -0.59
