Mean monthly rainfall - Model Simulations
NaN indicates insufficient data is available
Refer to Accompanying Documentation
GRIDBOX LONGITUDES
           6
  -13.75  -11.25   -8.75   -6.25   -3.75   -1.25
GRIDBOX LATITUDES
           4
   36.25   33.75   31.25   28.75
MODEL CLIMATOLOGY 1970-1999 (mm)
    5.87    6.64    6.72   10.04   17.26   27.84
    3.88    5.20    9.68   16.95   25.81   30.52
    5.55    9.06   14.70   21.53   27.62   24.29
   10.94   22.05   18.17   14.71   14.26   14.40
Mean Anomalies over 10-year time slices (mm)
2000 2009
    0.51    0.82    0.78   -0.88   -3.41   -1.94
    0.31    0.25   -0.07   -2.43   -6.29   -7.20
   -0.19   -0.74   -2.66   -4.98   -6.98   -6.08
   -0.87   -2.24   -4.18   -4.66   -3.50   -1.67
2010 2019
    0.82    0.99    0.30   -1.43   -3.40   -1.29
    1.06    1.34    0.46   -2.11   -5.34   -3.41
    0.72    0.94   -0.66   -2.63   -3.92   -0.54
   -0.10    0.48    0.15    0.62    2.06    3.71
2020 2029
    0.13    0.61    0.41   -1.18   -3.72   -4.32
   -0.11    0.19    0.66   -2.19   -7.57   -8.14
   -0.16   -0.37   -1.96   -5.36   -9.35   -7.27
   -0.87   -1.98   -3.63   -4.73   -4.99   -4.05
2030 2039
    0.96    1.91    0.39   -1.66   -3.49   -3.19
    1.23    1.92    1.65   -1.10   -5.58   -6.39
    1.42    2.50    2.12   -1.01   -5.34   -1.71
    1.69    4.45    2.79    0.88    0.05    2.67
2040 2049
    1.35    2.31    2.29    0.98   -0.92    0.34
    1.60    2.12    2.32    2.18    1.50   -0.68
    1.67    2.35    4.17    4.76    3.88    2.73
    1.31    3.00    6.73    8.22    7.15    6.01
2050 2059
    0.43    1.49   -0.16   -3.69   -7.70   -6.07
    0.74    1.07   -0.83   -5.29  -11.24  -12.84
    0.86    0.54   -2.62   -7.50  -12.49  -10.50
    0.35    0.92   -1.71   -4.52   -6.66   -6.74
2060 2069
    1.09    2.86    2.65    0.78   -1.85   -1.22
    2.21    3.23    2.14   -0.54   -4.07   -5.13
    2.74    3.94    3.49    0.88   -2.83   -1.73
    1.71    4.04    6.31    5.75    2.89    3.21
2070 2079
    0.88    2.54    2.36   -1.60   -7.81   -6.63
    1.75    2.69    1.03   -3.68  -10.35  -13.00
    2.26    3.21   -1.65   -6.89  -10.60   -8.61
    1.12    2.26   -0.74   -3.02   -3.71   -3.18
2080 2089
    1.30    3.21    1.31   -2.91   -7.61   -5.11
    2.35    3.03    0.27   -4.70  -10.71  -13.09
    2.59    2.89   -2.27   -7.82  -11.81   -9.72
    2.15    4.53   -0.52   -4.34   -5.37   -4.33
2090 2099
    1.68    4.42    2.75   -2.86  -10.39  -10.26
    3.14    4.48    1.52   -4.82  -13.21  -17.90
    3.79    4.65   -1.86   -8.38  -12.91  -12.62
    2.44    4.37   -0.88   -4.11   -4.39   -6.37
