Mean monthly rainfall - Model Simulations
NaN indicates insufficient data is available
Refer to Accompanying Documentation
GRIDBOX LONGITUDES
           6
  -13.75  -11.25   -8.75   -6.25   -3.75   -1.25
GRIDBOX LATITUDES
           4
   36.25   33.75   31.25   28.75
MODEL CLIMATOLOGY 1970-1999 (mm)
    7.93    6.15   10.41   23.87   25.66   15.33
    9.65   10.44   10.22   21.36   23.60   16.69
   12.37    6.72    6.06    8.12    5.77    3.84
   12.54    4.75    3.37    2.47    2.39    3.16
Mean Anomalies over 10-year time slices (mm)
2000 2009
   -0.39   -0.54   -0.78    0.44    2.31    0.18
   -0.45   -0.21    0.03    2.18    2.60   -0.64
    0.34   -0.12    0.41    2.75    3.78    3.19
   -0.31   -0.54   -0.67    0.53    0.97    1.96
2010 2019
    0.31   -0.22   -1.32   -2.10    2.56   -0.32
    0.25    0.62   -0.17   -1.84   -1.44    3.22
    0.38    0.46   -0.65   -0.51    0.46    2.97
    0.09    0.35    0.42    3.34    4.70   13.67
2020 2029
    0.53   -0.22   -0.33    4.28    5.59    0.72
    0.23   -0.15    0.46    2.81    1.56    2.64
   -0.02   -0.37   -1.80   -0.49    1.54    1.68
   -0.65   -0.57   -1.05    0.87    1.21    2.57
2030 2039
    0.50   -0.70   -3.80   -2.71   -0.62   -2.25
    1.62    1.56    0.22    4.84    3.14    1.54
    1.98    0.76   -0.18    0.21   -1.05   -1.33
    0.90   -0.08   -1.37   -0.46   -0.58    0.28
2040 2049
   -0.22   -0.35   -3.21   -4.29    2.11    0.33
    0.19    0.80   -0.86    0.25    3.71    4.43
    1.12    0.53   -1.63    0.21    1.41    1.86
    1.03   -0.35    0.23    3.38    6.04    6.01
2050 2059
    1.22    1.14   -2.15   -0.37    3.80   -0.23
    1.27    2.06    0.71    9.48   11.68    6.60
    1.57    1.01    0.02    5.93    5.70    1.57
    1.23    0.49   -0.32    1.34    1.67    0.78
2060 2069
    1.25    0.58   -2.37   -3.81   -3.63   -3.52
    2.58    2.92   -0.16   -3.56   -5.51   -4.72
    3.11    1.36   -1.86   -2.57   -1.80   -0.20
    1.16   -0.49   -1.34    0.44    1.15    1.47
2070 2079
    0.59    0.42   -2.23   -4.49   -2.15   -2.75
    1.63    2.42   -0.31   -5.18   -6.51   -3.08
    2.06    1.02   -1.68   -2.97   -2.11   -0.25
    1.78   -0.06   -1.15   -0.89   -0.61    0.42
2080 2089
    1.70    1.12   -1.62   -1.13    0.62   -1.27
    2.60    4.00    1.51    5.73    6.04    1.00
    4.37    2.91   -0.50   -0.17    0.66    2.01
    3.94    1.67   -1.16   -0.41    4.08   10.31
2090 2099
    1.64    0.60   -3.63   -2.84    1.36   -0.12
    2.84    3.98    0.28    1.05    6.35    8.30
    4.33    2.78   -1.36    2.04    3.10    6.30
    4.08    1.35   -1.71    0.35    3.93    9.69
