Mean monthly rainfall - Model Simulations
NaN indicates insufficient data is available
Refer to Accompanying Documentation
GRIDBOX LONGITUDES
           6
  -13.75  -11.25   -8.75   -6.25   -3.75   -1.25
GRIDBOX LATITUDES
           4
   36.25   33.75   31.25   28.75
MODEL CLIMATOLOGY 1970-1999 (mm)
   71.33   68.08   69.47   60.80   47.42   39.56
   46.77   44.99   43.57   35.78   28.74   24.09
   25.20   25.69   18.66   12.74    9.40    7.39
    9.73    9.38    6.17    4.78    3.64    2.22
Mean Anomalies over 10-year time slices (mm)
2000 2009
   -4.73   -1.89    1.05    4.46    6.30    4.18
   -5.41   -2.24    2.70    6.13    4.34    1.57
   -2.75   -1.85    1.59    3.04    1.54   -0.34
   -1.65   -1.37    0.74    0.69   -0.28   -0.21
2010 2019
   -4.99   -6.56   -8.75   -6.97   -2.32   -0.31
   -0.52   -2.28   -0.97    1.39    1.14   -0.98
    2.26    1.43    1.92    1.49   -0.42   -2.03
    2.92    0.91   -0.50   -0.21   -0.41   -0.24
2020 2029
   -0.29    2.00    4.82    6.42    6.95    7.50
    0.29    4.89   10.08   10.56    5.62    3.98
    4.45    7.33    8.32    5.17    1.77    1.67
    3.53    4.49    3.45    1.36    0.41    0.83
2030 2039
   -7.01   -7.55   -7.47   -7.16   -7.45   -4.39
   -2.08   -2.72   -1.63   -2.69   -5.80   -4.66
    0.91    0.36    0.08   -1.06   -1.22   -0.43
    1.07    0.34   -0.38    0.68    1.78    3.32
2040 2049
  -14.86  -10.24   -8.42   -4.02    1.59    6.77
   -6.14   -3.47   -1.12    0.84    1.72    1.75
    0.25   -0.80   -0.05    0.15    0.38    0.30
    0.78   -0.35   -1.07   -1.41   -0.98    0.08
2050 2059
  -14.53  -10.62   -6.89   -5.07   -4.80   -2.08
  -10.91   -7.18   -2.05   -0.89   -3.26   -4.15
   -3.91   -2.38   -0.56   -1.25   -2.81   -2.90
   -0.76   -1.13   -1.50   -1.70   -1.61   -0.72
2060 2069
  -17.60  -14.87  -10.53   -7.74   -5.04   -1.74
  -12.05  -10.95   -9.58   -8.31   -6.86   -3.58
   -6.52   -7.38   -6.43   -5.14   -3.71   -0.82
   -2.38   -3.35   -2.18   -0.91    0.80    3.00
2070 2079
  -16.45  -17.01  -16.71  -11.92   -7.87   -4.63
  -13.26  -14.31  -12.46   -6.98   -5.48   -4.74
   -6.23   -7.66   -3.89   -0.38   -0.49   -1.19
   -1.62   -2.08    0.24    0.62    0.49    0.68
2080 2089
  -24.44  -26.68  -27.63  -22.55  -16.72  -11.00
  -16.90  -18.39  -17.01  -13.04  -10.40   -6.71
   -6.55   -9.12   -6.44   -3.92   -2.36   -0.32
   -0.22   -1.69   -0.33    0.47    1.16    1.98
2090 2099
  -21.89  -20.19  -18.99  -16.27  -12.44   -5.91
  -13.94  -13.37  -13.41  -11.83  -10.51   -8.20
   -5.46   -6.94   -5.85   -4.00   -3.33   -3.60
   -1.67   -2.87   -2.29   -2.50   -2.07   -1.29
