Mean monthly rainfall - Model Simulations
NaN indicates insufficient data is available
Refer to Accompanying Documentation
GRIDBOX LONGITUDES
           6
  -13.75  -11.25   -8.75   -6.25   -3.75   -1.25
GRIDBOX LATITUDES
           4
   36.25   33.75   31.25   28.75
MODEL CLIMATOLOGY 1970-1999 (mm)
    6.80    6.20    5.70    6.67    8.83   11.33
    7.49    6.62    5.61   12.46   26.76   25.81
    8.25    4.45    6.22   20.50   28.00   13.15
    7.80    4.29    6.66   10.40    6.77    3.51
Mean Anomalies over 10-year time slices (mm)
2000 2009
    1.66    0.87    0.50    1.03    1.27   -0.85
    0.87    0.01   -0.46    3.77    7.72    2.47
    0.32   -0.48   -0.07    7.27   10.35    1.58
    1.10    0.88    0.32    1.16    1.89    1.82
2010 2019
   -1.46   -1.63   -2.19   -3.03   -2.12   -2.23
   -1.34   -1.67   -1.22   -0.18    1.13   -1.36
   -0.62   -0.80   -0.77   -0.77    0.60    0.34
   -0.66   -0.59   -1.40   -0.63   -0.36   -1.14
2020 2029
    0.07    1.30    1.59    0.56   -0.62   -2.43
    0.47    1.84    0.52   -1.31   -2.86   -3.19
    1.82    1.59   -0.31   -1.99   -4.20   -2.11
    1.69    0.65   -1.46   -2.61   -1.74   -1.50
2030 2039
   -1.65   -2.30   -3.44   -3.83   -4.87   -5.71
   -1.18   -1.37   -2.98   -5.00  -10.21  -11.39
   -0.59   -1.14   -2.53   -6.38   -8.79   -5.47
   -1.21   -2.04   -3.47   -4.22   -1.70   -1.06
2040 2049
    1.06    1.12   -1.07   -2.29   -1.77   -2.37
    0.73    0.49   -1.66   -3.65   -5.74   -5.17
    0.30   -0.45   -2.52   -6.33   -6.69   -3.18
    0.02   -1.09   -3.24   -3.14   -0.96   -0.63
2050 2059
   -0.72   -1.15   -2.00   -1.33   -2.57   -3.25
   -0.19    0.17   -0.85   -1.80   -4.79   -4.29
    0.83    0.27   -1.49   -4.22   -4.31   -1.32
    1.47   -0.18   -2.39   -3.15   -1.70   -0.87
2060 2069
   -0.18   -0.17   -1.59   -2.98   -3.88   -3.61
    0.45    0.83   -1.08   -2.77   -3.10   -2.58
    0.60   -0.42   -3.48   -6.04   -3.49   -0.36
    0.43   -1.05   -3.86   -3.79   -1.83   -0.71
2070 2079
   -0.77    0.45    0.08   -1.58   -2.71   -3.87
    2.12    2.77   -0.27   -2.89   -6.08   -6.54
    4.28    1.52   -1.70   -4.89   -5.71   -3.01
    3.09    1.05   -1.20   -2.78   -2.00   -1.20
2080 2089
    0.44    0.12   -1.89   -2.47   -3.06   -4.44
    0.79    1.53   -1.31   -4.18   -6.04   -5.23
    0.95    0.34   -1.99   -6.60   -5.06   -1.06
    0.67    0.03   -1.21   -2.59   -1.53   -0.87
2090 2099
   -0.96   -1.66   -2.98   -1.87   -1.77   -3.67
   -0.22    0.10   -2.51   -5.63  -10.40   -8.16
    0.65   -0.17   -3.87  -10.57  -10.55   -4.15
    0.32   -1.13   -4.43   -6.50   -3.13   -1.48
