Percentage of total rainfall ocurring in 'heavy' rainfall events - Model Simulations
NaN indicates insufficient data is available
Refer to Accompanying Documentation
GRIDBOX LONGITUDES
           7
  -11.25   -8.75   -6.25   -3.75   -1.25    1.25    3.75
GRIDBOX LATITUDES
           7
   26.25   23.75   21.25   18.75   16.25   13.75   11.25
Timeseries in anomalies relative to 1970-1999 mean (% of total rainfall)
2060s
   -9.79   -4.59   -2.09   -2.12   -3.01   -4.56   -5.38
   -3.63   -1.67    0.50   -0.83   -0.51    0.42   -3.07
   -3.67   -3.54   -0.39   -0.58   -1.12    1.00    0.74
   -7.43   -4.85   -1.74   -1.38   -7.13   -9.03   -5.60
  -11.06   -6.25   -5.38   -7.61  -10.88   -8.30   -0.87
   -9.42   -8.90   -6.44   -4.74   -7.09   -6.08    1.46
  -10.21  -14.29   -8.16   -4.24   -4.79   -7.62   -8.44
2090s
  -19.90  -10.13   -4.97   -0.66    2.64   -0.56   -9.68
   -5.36   -4.73   -2.26    0.15    3.09    3.23   -1.14
    5.39    1.29    1.19    2.10    4.86    9.87    6.43
    4.18    6.72    6.71    4.14    0.67    0.26   -0.51
    1.88    5.01    3.78   -1.09   -5.17   -0.92    3.51
   -1.12    6.44    6.46    6.76    6.47    4.63   -1.00
   -7.92    1.62   -0.15    9.02   14.73    7.72   -3.67
