Maximum 5-day rainfall - Model Simulations
NaN indicates insufficient data is available
Refer to Accompanying Documentation
GRIDBOX LONGITUDES
           7
  -11.25   -8.75   -6.25   -3.75   -1.25    1.25    3.75
GRIDBOX LATITUDES
           7
   26.25   23.75   21.25   18.75   16.25   13.75   11.25
Timeseries in anomalies relative to 1970-1999 mean (mm)
2060s
   -0.76   -0.66   -0.71   -0.02    0.63    0.45    0.33
   -0.47   -0.41   -0.13    0.25    0.18    0.10    0.27
   -0.18   -0.30   -0.02   -0.01   -0.14   -0.04    0.16
   -0.17   -0.22   -0.15   -0.18   -0.14   -0.22   -0.03
    0.14   -0.47   -0.43   -0.30   -0.02    0.49    1.19
   -0.90   -1.38   -0.94   -0.44   -0.29   -1.30   -0.57
   -0.61   -0.03   -6.51   -3.96   -5.99   -7.49   -8.49
2090s
    0.26   -0.14   -0.62   -0.43   -0.12   -0.12   -0.10
   -0.15   -0.20   -0.14   -0.06   -0.08   -0.09   -0.07
    0.08   -0.12   -0.06   -0.02   -0.03   -0.09    0.02
   -0.04   -0.02   -0.00   -0.05   -0.11   -0.27   -0.05
    0.68    1.58    1.68    1.53    1.29    1.69    1.77
    7.48    7.70    7.18    7.78    9.21    9.37    9.58
   11.13   15.70   15.63   17.13   11.21    8.44    7.34
