Maximum 5-day rainfall - Model Simulations
NaN indicates insufficient data is available
Refer to Accompanying Documentation
GRIDBOX LONGITUDES
           7
  -11.25   -8.75   -6.25   -3.75   -1.25    1.25    3.75
GRIDBOX LATITUDES
           7
   26.25   23.75   21.25   18.75   16.25   13.75   11.25
Timeseries in anomalies relative to 1970-1999 mean (mm)
2060s
   -0.82   -0.96   -0.51    0.12    0.74    1.17    1.23
   -0.26   -0.33   -0.27   -0.06    0.18    0.43    0.58
   -0.29    0.23    0.15    0.09    0.07    0.06    0.10
   -0.47    0.49    0.49    0.43    0.35    0.29    0.33
    0.41    1.23    1.02    0.63    0.42    0.32    0.31
    0.85    1.41    1.15    0.86    0.46    0.13    0.02
   -0.50    0.80    0.69    0.48   -0.02   -0.78   -1.35
2090s
   -1.03   -0.76    0.21    0.35    0.15    0.18    0.35
   -1.53   -1.38   -0.71   -0.30   -0.06    0.10    0.13
   -1.87   -1.34   -0.82   -0.52   -0.35   -0.25   -0.24
   -1.51   -1.08   -1.02   -0.89   -0.50   -0.18   -0.13
    0.21    0.02   -0.60   -0.57    0.02    0.45    0.47
    2.36    1.89    0.90    0.86    1.19    1.56    1.85
    1.48    1.68    1.26    1.30    1.73    2.10    2.28
