Maximum 5-day rainfall - Model Simulations
NaN indicates insufficient data is available
Refer to Accompanying Documentation
GRIDBOX LONGITUDES
           7
  -11.25   -8.75   -6.25   -3.75   -1.25    1.25    3.75
GRIDBOX LATITUDES
           7
   26.25   23.75   21.25   18.75   16.25   13.75   11.25
Timeseries in anomalies relative to 1970-1999 mean (mm)
2060s
    1.97    1.56    0.89    1.03    1.35    1.61    1.98
    1.93    0.93    0.98    1.49    2.28    2.81    2.70
    0.81    0.22    1.36    2.50    3.19    2.93    2.11
    1.06   -0.24    0.42    2.61    3.40    2.65    1.90
   -0.34   -0.48    1.89    4.55    3.86    1.74    1.32
   -2.50   -0.77    2.97    3.88    1.27   -0.52    0.15
   -2.74   -1.73    1.32    1.84   -0.72   -1.94   -1.80
2090s
    2.08    1.96    3.41    5.78    5.53    3.65    2.32
    3.10    3.12    5.16    5.33    3.34    1.53    0.99
    3.08    3.04    4.10    2.39    0.80    0.23    0.05
    2.38    3.30    2.51    0.49   -0.46   -0.75   -0.98
    0.23    0.51   -0.19   -0.42   -1.00   -1.70   -1.66
   -2.97   -3.16   -3.58   -3.42   -3.61   -3.54   -2.43
   -3.62   -3.77   -4.13   -4.18   -4.78   -5.45   -4.19
