Maximum 1-day rainfall - Model Simulations
NaN indicates insufficient data is available
Refer to Accompanying Documentation
GRIDBOX LONGITUDES
           7
  -11.25   -8.75   -6.25   -3.75   -1.25    1.25    3.75
GRIDBOX LATITUDES
           7
   26.25   23.75   21.25   18.75   16.25   13.75   11.25
Timeseries in anomalies relative to 1970-1999 mean (mm)
2060s
    0.60    0.17   -0.19   -0.21   -0.39   -0.42   -0.38
    1.18    1.15    0.42   -0.04   -0.16    0.02    0.13
    3.37    3.35    1.93    1.12    1.87    2.54    2.07
    3.29    2.69    2.23    2.05    2.70    3.19    3.19
    1.00    1.00    1.62    1.41    1.02    1.01    1.15
    0.37    0.63    1.02    0.42    0.29    0.96    1.61
    2.19    1.15    0.67    0.40    0.68    0.83    1.16
2090s
    0.21   -0.09   -0.38   -0.50   -0.69   -0.70   -0.58
    0.37   -0.09   -0.16   -0.17    0.02    0.30    0.31
    2.26    2.00    1.18    0.89    2.92    4.59    4.06
    2.61    2.82    3.01    3.55    4.85    5.18    4.52
    1.18    1.14    1.93    2.52    2.16    1.48    1.02
    0.75    0.17    0.70    0.55    0.17    0.55    1.00
    1.72    0.68    0.89    0.58    0.29    0.33    0.42
