Percentage of total rainfall ocurring in 'heavy' rainfall events - Model Simulations
NaN indicates insufficient data is available
Refer to Accompanying Documentation
GRIDBOX LONGITUDES
           7
  -11.25   -8.75   -6.25   -3.75   -1.25    1.25    3.75
GRIDBOX LATITUDES
           7
   26.25   23.75   21.25   18.75   16.25   13.75   11.25
Timeseries in anomalies relative to 1970-1999 mean (% of total rainfall)
2060s
    3.20   -3.01   -9.36   -6.62   -0.69    1.50    0.56
   -1.91   -4.94   -8.95   -3.67    2.81    4.70    3.64
    1.33    2.16   -1.08   -1.32    0.28    2.61    3.31
    3.51    2.86    1.09   -0.83   -1.56    1.12    4.11
    1.72    1.06    2.01    1.87    1.03    2.10    4.21
    0.31    0.20    1.13    1.57    1.60    0.82    0.60
    2.05    1.86    1.83    2.57    2.41    1.03    0.07
2090s
   -4.53   -8.52  -10.80   -4.64   -0.47    1.67    4.14
   -8.24  -10.13  -16.49   -8.98   -2.23   -1.25    0.34
   -5.33   -6.78   -9.83   -5.64   -1.02    0.30    1.72
   -3.11    0.05   -0.32   -0.35    1.07    2.48    3.77
   -1.83    0.79    0.55    0.56    1.24    2.27    3.19
   -1.58   -0.72   -0.83   -0.66   -0.69   -1.12   -1.28
    0.30    0.46    0.25   -0.10   -0.12   -1.00   -2.31
