Percentage of total rainfall ocurring in 'heavy' rainfall events - Model Simulations
NaN indicates insufficient data is available
Refer to Accompanying Documentation
GRIDBOX LONGITUDES
           7
  -11.25   -8.75   -6.25   -3.75   -1.25    1.25    3.75
GRIDBOX LATITUDES
           7
   26.25   23.75   21.25   18.75   16.25   13.75   11.25
Timeseries in anomalies relative to 1970-1999 mean (% of total rainfall)
2060s
    5.53    5.04    2.32    2.40    3.55    2.55    1.28
   -4.38   -5.56   -8.97   -4.41    1.46    9.01   10.70
  -15.63   -8.41    0.02    4.56   11.27   18.76   17.59
  -15.43   -2.62    6.45   14.61   20.29   23.20   22.30
    2.09    7.53    8.24    9.38   12.61   12.31    9.06
    6.27    7.28    5.78    4.38    2.94   -0.05   -2.90
    1.02    1.28    0.15    0.07   -1.84   -5.31   -7.68
2090s
   -0.02   -6.80  -14.65  -11.90    2.66   12.33    7.19
   -8.62  -14.53  -20.05  -13.76   -4.25   -0.60   -2.18
  -21.64  -20.46  -22.22  -12.13   -7.43   -7.62   -9.01
  -25.54  -25.16  -19.77   -5.91   -3.00   -5.84   -7.42
   -1.99    0.14   -8.54   -8.52   -3.93   -2.61   -2.50
   10.57   11.49    3.71   -0.19    2.08    3.75    3.57
    4.95    6.00    6.13    5.03    5.49    6.98    7.59
