Percentage of total rainfall ocurring in 'heavy' rainfall events - Model Simulations
NaN indicates insufficient data is available
Refer to Accompanying Documentation
GRIDBOX LONGITUDES
           7
  -11.25   -8.75   -6.25   -3.75   -1.25    1.25    3.75
GRIDBOX LATITUDES
           7
   26.25   23.75   21.25   18.75   16.25   13.75   11.25
Timeseries in anomalies relative to 1970-1999 mean (% of total rainfall)
2060s
    7.07   -2.80  -11.14   -9.35  -16.53  -21.54  -30.12
   -9.68  -14.73  -14.41  -17.35  -43.81  -56.16  -61.77
  -29.97  -35.27  -42.05  -43.87  -46.68  -31.10  -24.41
  -40.70  -29.01  -38.17  -41.82  -35.95  -21.23  -22.90
  -51.24  -26.93  -26.25  -35.18  -37.12  -38.64  -34.90
  -35.94  -27.33  -21.03  -23.78   -9.49  -27.08  -31.96
   -7.21   -6.59  -10.28  -16.46   -2.18   -6.44  -22.20
2090s
   -2.70  -12.48  -23.48  -22.61  -29.24  -26.67  -22.09
   -7.54  -25.66  -30.04  -12.09  -20.69  -71.84  -75.06
  -13.20  -22.83  -32.32  -34.61  -50.86  -44.55  -26.95
  -18.62  -23.08  -38.82  -51.21  -64.22  -50.83  -32.20
  -29.83  -33.51  -41.66  -56.21  -59.06  -70.59  -67.42
  -20.96  -27.25  -27.24  -39.39  -37.05  -13.49   -5.78
   -0.72    0.42   -8.13  -25.15   -6.40    2.15    3.10
