Percentage of total rainfall ocurring in 'heavy' rainfall events - Model Simulations
NaN indicates insufficient data is available
Refer to Accompanying Documentation
GRIDBOX LONGITUDES
           7
  -11.25   -8.75   -6.25   -3.75   -1.25    1.25    3.75
GRIDBOX LATITUDES
           7
   26.25   23.75   21.25   18.75   16.25   13.75   11.25
Timeseries in anomalies relative to 1970-1999 mean (% of total rainfall)
2060s
    8.26   10.38   10.46    9.66    5.15   -0.20   -5.55
   10.97   10.88    6.37    8.25    6.94    6.36   -3.17
    3.10    3.15    2.05   -1.70    2.41   11.90    5.89
    4.14   -1.36   -2.22   -1.07   -3.46   -5.71   -9.43
   -3.95  -14.96  -20.77  -16.88   -7.66  -11.66  -21.29
  -11.35  -22.49  -24.59  -22.19  -10.11  -11.46  -21.21
   -6.71   -4.26   -8.08  -15.29   -7.54   -3.94   -8.89
2090s
    5.72    4.04    4.05   11.71    8.74    6.19    6.04
    9.79   10.33    7.37    8.56   10.30   10.52    3.88
    1.04    4.02    0.90    0.70    4.77    5.18    3.11
    5.30    5.05    4.26    8.08    1.26   -8.16  -13.70
    6.65    1.65   -0.75    1.82   -8.65  -19.49  -20.48
    2.20   -3.92   -8.37   -6.59  -11.65  -17.63  -17.44
   -5.97   -7.41   -4.62   -1.79   -7.31   -9.11   -7.65
