Maximum 1-day rainfall - Model Simulations
NaN indicates insufficient data is available
Refer to Accompanying Documentation
GRIDBOX LONGITUDES
           7
  -11.25   -8.75   -6.25   -3.75   -1.25    1.25    3.75
GRIDBOX LATITUDES
           7
   26.25   23.75   21.25   18.75   16.25   13.75   11.25
Timeseries in anomalies relative to 1970-1999 mean (mm)
2060s
    0.39    0.02   -0.51   -0.50   -0.36   -0.11   -0.12
   -0.37    0.10   -0.38   -0.26   -0.08   -0.53   -0.49
   -0.65   -0.47   -0.31   -0.57   -0.77   -0.01   -0.21
   -0.93   -0.73   -0.74   -1.17   -0.60    1.81    0.28
   -4.33   -2.55   -1.80   -2.04   -0.71    1.52    1.19
   -4.70   -2.08   -1.02   -1.16   -1.32    0.72    0.99
   -0.63    0.79   -0.35   -1.42    0.39    1.42    1.56
2090s
   -0.16   -0.37   -1.02   -1.24   -1.03   -0.86   -1.08
   -0.57   -0.28   -0.74   -1.08   -0.89   -1.02   -2.17
   -0.74   -0.60   -0.97   -1.41   -1.77   -1.92   -2.68
   -1.02   -1.45   -2.24   -2.67   -3.58   -3.34   -2.95
   -6.09   -5.64   -5.68   -5.24   -4.42   -3.57   -3.96
   -8.26   -8.68   -7.20   -5.31   -4.93   -4.23   -4.55
   -2.75   -1.93   -2.30   -1.55   -1.04    1.44    3.23
