Maximum 5-day rainfall - Model Simulations
NaN indicates insufficient data is available
Refer to Accompanying Documentation
GRIDBOX LONGITUDES
           7
  -11.25   -8.75   -6.25   -3.75   -1.25    1.25    3.75
GRIDBOX LATITUDES
           7
   26.25   23.75   21.25   18.75   16.25   13.75   11.25
Timeseries in anomalies relative to 1970-1999 mean (mm)
2060s
   -2.58   -1.98   -3.38   -1.07    0.06   -1.72   -2.58
    1.33   -0.19    0.22    0.21   -1.32   -3.52   -1.68
    1.16    0.65    0.53   -0.62   -3.22   -4.11   -2.49
    0.38    1.98    2.23    0.66   -1.95   -1.45    0.30
    8.86    8.29    6.28    4.85    2.50    4.28    8.58
    9.90   13.04    9.87    6.36    4.82    7.91   13.14
    5.29   11.89    9.38    4.77    7.81   12.45   11.51
2090s
   -4.30   -3.77   -4.03   -3.43   -3.35   -4.35   -6.57
   -2.40   -2.53   -2.65   -3.67   -4.43   -5.21   -4.41
   -0.38   -1.23   -2.41   -3.19   -2.63   -2.77    0.08
    0.63   -0.45   -1.70    0.12    1.19    3.06    6.64
    2.93    2.66    3.16    3.82    4.07   11.89   15.05
    3.80    7.20    9.10    9.82    8.54    9.14   10.84
    6.84    8.98   11.07   10.01   14.20   15.16   13.15
