Percentage of total rainfall ocurring in 'heavy' rainfall events - Model Simulations
NaN indicates insufficient data is available
Refer to Accompanying Documentation
GRIDBOX LONGITUDES
           7
  -11.25   -8.75   -6.25   -3.75   -1.25    1.25    3.75
GRIDBOX LATITUDES
           7
   26.25   23.75   21.25   18.75   16.25   13.75   11.25
Timeseries in anomalies relative to 1970-1999 mean (% of total rainfall)
2060s
    8.37    6.21    4.55    6.57    5.30    2.06    0.18
    8.49    6.89    3.98    1.78    1.10    0.36    1.22
    6.62    6.00    3.45   -1.51   -1.99   -0.33    1.98
    4.82    4.04    2.51   -0.91   -1.96    0.04    3.00
    4.53    2.08    0.89    0.46   -1.28    1.24    6.83
    4.04    1.00   -0.57   -0.70   -0.35    3.07    7.97
    4.10    0.96    0.64    1.11    1.48    2.25    4.57
2090s
    1.99   -1.57   -0.53    1.84    0.62   -0.28   -1.50
    4.91    1.45   -2.13   -1.96   -2.04    1.02    1.53
    3.85    1.95   -1.38   -2.11   -2.44   -0.47    1.02
    3.35   -0.65   -4.67   -3.53   -3.84   -3.69   -1.55
    1.85   -2.14   -4.64   -5.29   -9.62   -8.44   -2.13
    1.26   -0.64   -3.76   -5.75  -10.69   -8.39   -1.04
    4.72    0.93   -2.33   -2.82   -5.23   -6.67   -1.26
