Maximum 5-day rainfall - Model Simulations
NaN indicates insufficient data is available
Refer to Accompanying Documentation
GRIDBOX LONGITUDES
           7
  -11.25   -8.75   -6.25   -3.75   -1.25    1.25    3.75
GRIDBOX LATITUDES
           7
   26.25   23.75   21.25   18.75   16.25   13.75   11.25
Timeseries in anomalies relative to 1970-1999 mean (mm)
2060s
   -1.00   -0.64    0.28    1.42    2.76    4.39    6.31
   -1.75   -1.50   -0.49    1.02    3.02    6.34   10.97
   -2.34   -2.57   -1.87   -0.48    1.61    3.26    4.47
   -1.46   -1.91   -1.28   -0.22    1.27    1.75    1.22
    0.49    0.18    1.07    1.71    2.11    2.31    2.31
   -0.74   -0.67    0.91    1.87    2.22    2.40    2.43
   -2.57   -0.95    2.15    3.64    3.51    3.51    3.62
2090s
   -0.44   -0.04    0.19    0.47    0.80    0.85    0.64
   -0.69   -0.06    0.54    0.81    0.74    1.36    2.67
   -1.17   -0.76   -0.07    0.31    0.38    1.42    3.41
   -0.51   -0.15    0.46    1.37    2.59    3.86    5.19
    1.47    2.01    2.43    4.18    7.27    8.74    8.59
    4.90    5.77    6.13    7.86   10.96   13.67   15.97
    6.05    7.97    8.72   10.29   12.68   15.30   18.15
