Mean monthly rainfall - Model Simulations
NaN indicates insufficient data is available
Refer to Accompanying Documentation
GRIDBOX LONGITUDES
           4
    8.75   11.25   13.75   16.25
GRIDBOX LATITUDES
           6
   13.75   11.25    8.75    6.25    3.75    1.25
MODEL CLIMATOLOGY 1970-1999 (mm)
   86.55   84.43  103.19  121.64
  139.92  144.84  158.64  169.34
  216.63  210.61  202.11  191.26
  333.78  275.85  231.31  193.96
  294.09  255.92  214.01  174.93
  183.87  190.84  172.16  145.28
Mean Anomalies over 10-year time slices (%)
2000 2009
  -10.55  -10.58   -7.65   -6.08
   -8.10   -7.68   -6.67   -5.64
   -5.59   -5.54   -5.29   -4.88
   -2.91   -2.08   -0.63   -0.13
   -1.48   -0.88    1.37    2.19
    0.64    0.06    2.31    3.10
2010 2019
    4.64    4.83    2.91    2.73
    0.63   -0.25   -0.01    1.02
   -2.36   -2.26   -1.02    0.38
   -4.54   -2.15   -0.82    0.39
   -6.83   -4.15   -2.98   -1.97
  -10.61   -7.70   -6.74   -6.09
2020 2029
    4.41    2.44    3.81    3.61
    2.81    3.14    3.66    2.54
    0.90    3.54    3.55    1.84
   -0.19    4.21    4.01    2.36
   -1.57    1.84    1.78    1.08
   -4.45   -3.11   -2.41   -1.27
2030 2039
    0.36    3.03    1.56   -0.03
   -0.15    0.14   -1.66   -3.01
   -2.10   -3.31   -5.07   -6.49
   -3.03   -3.22   -3.66   -4.49
   -4.06   -3.55   -2.47   -2.73
   -5.78   -4.53   -2.23   -2.19
2040 2049
   31.93   24.67   19.38   16.53
   21.32   16.58   14.48   12.92
   12.22   12.10   11.81   11.07
    3.19    9.00   10.05    9.46
    0.63    5.80    6.44    4.80
   -1.20    1.63    1.62   -0.70
2050 2059
   17.22   15.23   12.75   11.29
    9.14    6.35    5.79    6.14
    5.13    3.91    3.27    3.57
    1.76    6.88    7.31    8.11
   -1.33    4.92    6.69    8.31
   -6.62   -0.87    2.82    5.55
2060 2069
   19.71   12.74    2.60   -0.17
   12.95    8.58    2.69   -0.49
    6.88    5.44    2.97    0.33
    1.01    4.28    3.51    2.14
   -3.33   -0.28    0.58    1.19
   -9.86   -7.98   -5.24   -2.42
2070 2079
   19.62   13.20    6.57    2.93
   15.66   11.35    6.29    2.55
   11.80   10.37    6.24    2.54
    7.71   11.53    7.79    4.36
    4.84    8.00    5.10    3.14
    0.22    0.97   -0.70   -1.18
2080 2089
   23.14   22.06   17.48   12.42
   17.14   13.91   10.96    7.97
    9.99    8.49    6.42    4.62
    2.94    7.14    7.07    6.68
   -2.94    1.62    3.79    5.66
  -11.99   -7.57   -3.01    0.57
2090 2099
   13.19    5.24   -1.12   -3.69
   12.88    5.27    1.02   -1.46
   12.19    7.49    4.77    2.54
    9.52   12.96   12.37   11.28
    7.60   11.38   11.23   11.48
    4.50    5.53    5.05    6.61
