Mean monthly rainfall - Model Simulations
NaN indicates insufficient data is available
Refer to Accompanying Documentation
GRIDBOX LONGITUDES
           4
    8.75   11.25   13.75   16.25
GRIDBOX LATITUDES
           6
   13.75   11.25    8.75    6.25    3.75    1.25
MODEL CLIMATOLOGY 1970-1999 (mm)
   26.14   23.66   22.24   21.88
   61.73   41.06   35.88   46.19
  105.57   88.43   76.98   71.21
  149.07  158.63  140.81   95.61
  135.40  170.31  165.20  120.06
  121.19  168.32  174.69  140.32
Mean Anomalies over 10-year time slices (%)
2000 2009
    5.23    3.49   -1.44   -9.46
    4.18    1.59   -2.74   -5.05
    2.14   -0.64   -2.19   -1.53
    0.48   -1.40   -1.48    1.17
    0.87    0.38   -0.04   -0.80
    0.93    1.12   -0.02   -3.30
2010 2019
    0.90   -1.31   -0.68    3.25
    4.05    4.83    7.55   10.13
    5.29    6.01    7.23    8.91
    5.76    5.51    5.38    5.34
    4.15    3.57    2.98    1.78
    2.72    2.33    1.83    0.81
2020 2029
    3.00   -3.03   -4.88   -1.49
    6.94    3.02    2.87    7.93
    6.52    2.09    1.70    7.40
    5.30    0.65   -0.20    4.18
    4.04    0.95    0.30    1.76
    3.55    1.65    0.98    0.81
2030 2039
   -1.92    8.85   11.21    3.20
    2.54    6.02    9.23    8.85
    4.17    6.35    8.00    8.46
    5.00    6.86    7.34    6.06
    5.90    5.84    4.80    1.63
    7.18    5.17    3.17   -0.58
2040 2049
   -1.58   -8.31   -7.55    2.04
   -7.54   -3.72    1.59    3.56
   -3.13   -0.14    2.05    2.52
    2.47    1.43    0.90    0.70
    4.97    3.15    1.71   -0.78
    7.00    4.21    2.06   -1.40
2050 2059
   -9.56    0.39    4.48    0.98
   -7.07    1.86    4.58   -3.75
   -3.57   -0.03    0.29   -4.23
   -0.56   -1.29   -2.04   -3.43
    0.17   -0.79   -1.14   -1.13
    1.44    0.72    0.68    1.22
2060 2069
   -9.06  -13.53  -10.58    0.83
    2.32    2.97    2.40    0.76
    4.44    8.32    8.74    3.93
    4.37    8.53    9.71    7.24
    3.26    5.30    5.67    4.53
    4.65    3.94    3.36    2.35
2070 2079
   -0.71   -4.27   -4.64   -1.15
    7.21    8.06    6.12    2.39
    6.56    7.99    6.01   -0.58
    4.46    6.01    4.27   -4.10
    2.99    5.08    4.69    1.09
    3.60    5.04    5.23    4.50
2080 2089
   -6.32   -8.94  -10.04   -9.15
    4.97   10.30    7.80   -2.67
    7.34   11.25   10.25    2.21
    7.70    8.69    8.41    5.89
    8.25    6.87    5.51    2.82
   12.32    7.44    4.76    1.65
2090 2099
   11.74   13.77   11.56    4.62
   15.77   21.54   14.13   -3.45
   11.58   15.11   10.91   -3.74
    6.78    9.79    8.13   -2.23
    5.57    5.33    3.35   -2.55
    8.33    3.56    0.89   -2.28
