Mean monthly rainfall - Model Simulations
NaN indicates insufficient data is available
Refer to Accompanying Documentation
GRIDBOX LONGITUDES
           6
   28.75   31.25   33.75   36.25   38.75   41.25
GRIDBOX LATITUDES
           5
   -1.25   -3.75   -6.25   -8.75  -11.25
MODEL CLIMATOLOGY 1970-1999 (mm)
   28.50    5.13    1.24    3.64   13.79   19.39
    7.32    0.70    1.75   12.82   43.54   40.48
    1.97    0.62    4.05   15.93   49.19   44.01
    0.59    1.24    5.57    9.01   25.60   38.68
    0.87    2.22    4.60    8.12   25.79   34.69
Mean Anomalies over 10-year time slices (%)
2000 2009
   -0.03   -5.00    6.16   -3.32   -9.31  -20.99
    1.14   18.49  -18.27  -14.40   -7.29  -15.63
   26.98   -2.20  -16.64  -13.06   -8.47  -14.46
   55.79   -1.18   -0.77   -4.65   -9.47  -11.49
   10.79    9.87    6.74   -0.06   -1.89   -5.31
2010 2019
   14.95    3.23  -14.31  -15.72  -11.90  -10.53
    0.83  -15.07  -22.53   -9.66   -2.81   -5.10
    5.36  -10.63  -10.90   -6.66   -2.87   -4.37
    9.55    6.51   13.05    4.42   -5.43   -0.32
   -5.30    5.91   14.76    9.50   -0.34    7.52
2020 2029
   11.35   22.88   11.79   -8.82  -11.05  -12.61
   19.12   12.95   -8.10   -2.77   -2.44   -5.81
   59.61   17.64   -1.00    2.03    1.01   -3.86
  123.48    9.39   13.24    7.21   -1.46   -4.25
   12.48    8.10   12.49    8.98    5.27   -0.76
2030 2039
   24.79   92.35  100.48  -11.48  -10.82  -16.81
   72.87  136.69  -28.64  -18.56   -5.43   -9.35
   53.54    2.78  -25.75  -19.44   -7.51   -8.64
   17.60  -21.64  -14.17  -10.74   -6.65   -4.63
  -41.91  -33.11  -15.94   -7.08   -6.09    1.93
2040 2049
   19.69   23.84   -8.90  -20.98  -15.78  -19.71
   13.12   -2.08  -28.02  -15.93   -8.61  -15.09
    2.02  -17.55  -17.29  -13.21   -8.44  -12.88
   19.22   -8.58    0.10   -2.85   -7.77  -10.01
   -8.63  -11.96   -5.52   -1.81   -4.68   -5.85
2050 2059
    6.31    3.54   -8.86   -6.89    0.20   -8.72
   -2.52   -9.15  -20.20   -7.63   -1.32   -7.83
   -5.31   -8.72  -10.40   -8.03   -3.55   -9.88
  -10.06   20.84   20.29    1.62    1.05   -8.26
   -7.55   17.70   16.77    8.85   15.79    1.63
2060 2069
   25.59   19.77    8.27  -11.02   -3.68    2.11
   37.60   20.11  -26.94  -12.55   -0.81   -3.56
   18.68  -13.11   -9.68  -10.10   -0.60   -8.47
  -13.47  -16.14    1.86    2.62    8.37   -7.28
  -47.47  -39.18  -25.11   -3.14    7.43   -4.68
2070 2079
   45.41   87.95   57.06  -18.39  -16.76  -19.18
   88.52  234.00  -19.82  -19.69  -13.29  -11.02
  128.06   46.51  -21.45  -16.49  -13.50  -10.67
   59.47  -31.02  -20.02  -13.66  -13.95  -11.19
  -30.70  -44.94  -38.45  -21.72  -11.63  -10.11
2080 2089
   22.88   14.10  -13.04  -22.55  -25.26  -26.23
   16.41   20.06  -21.58  -16.82  -19.08  -20.12
   11.13   -3.98  -10.61  -11.34  -16.02  -19.67
   -4.71   -4.45    6.38    0.65   -8.43  -13.56
  -19.21    0.59    9.62    8.30    5.61    0.73
2090 2099
   17.77    9.08   -2.73    2.88    5.81   -4.50
    8.58   -6.84  -14.65   -1.08    4.47   -3.08
   -2.38  -15.38  -13.41   -4.86   -1.71   -6.95
  -19.95  -31.81  -20.91   -7.14   -0.37   -5.59
  -57.61  -44.78  -30.81   -6.60    6.71    1.64
