Mean temperature - Model Simulations
NaN indicates insufficient data is available
Refer to Accompanying Documentation
GRIDBOX LONGITUDES
           5
   31.25   33.75   36.25   38.75   41.25
GRIDBOX LATITUDES
           7
  -11.25  -13.75  -16.25  -18.75  -21.25  -23.75  -26.25
MODEL CLIMATOLOGY 1970-1999
  292.57  293.27  295.43  297.86  300.01
  293.51  294.41  296.35  298.35  299.98
  295.18  296.32  297.99  299.25  299.80
  296.15  297.71  299.29  300.08  299.91
  296.19  298.13  299.77  300.42  300.00
  295.01  297.11  298.95  299.85  299.77
  294.64  296.34  297.91  298.68  298.61
Mean Anomalies over 10-year time slices
2000 2009
    0.29    0.20    0.15    0.19    0.30
    0.30    0.18    0.11    0.13    0.22
    0.36    0.21    0.11    0.10    0.15
    0.48    0.30    0.20    0.14    0.11
    0.55    0.39    0.30    0.22    0.13
    0.46    0.39    0.37    0.32    0.24
    0.29    0.30    0.35    0.36    0.31
2010 2019
    0.69    0.65    0.61    0.60    0.62
    0.67    0.62    0.59    0.59    0.63
    0.68    0.63    0.61    0.59    0.57
    0.73    0.65    0.59    0.53    0.47
    0.71    0.62    0.56    0.49    0.42
    0.52    0.49    0.51    0.51    0.47
    0.32    0.33    0.40    0.46    0.49
2020 2029
    0.66    0.58    0.51    0.51    0.57
    0.69    0.61    0.54    0.54    0.61
    0.84    0.79    0.70    0.63    0.61
    0.94    0.91    0.78    0.67    0.60
    0.91    0.94    0.82    0.70    0.62
    0.71    0.83    0.81    0.76    0.71
    0.44    0.58    0.67    0.70    0.69
2030 2039
    0.71    0.58    0.49    0.53    0.68
    0.71    0.56    0.43    0.46    0.64
    0.77    0.59    0.45    0.46    0.60
    0.91    0.77    0.64    0.61    0.68
    1.01    0.95    0.84    0.79    0.81
    1.01    1.01    0.95    0.93    0.96
    0.92    0.86    0.86    0.89    0.92
2040 2049
    0.85    0.84    0.93    0.97    0.95
    0.83    0.80    0.83    0.87    0.92
    0.99    0.89    0.83    0.82    0.86
    1.23    1.01    0.86    0.80    0.82
    1.37    1.10    0.90    0.82    0.83
    1.29    1.09    0.93    0.86    0.90
    1.06    0.88    0.83    0.84    0.89
2050 2059
    1.10    0.89    0.75    0.78    0.98
    1.10    0.85    0.67    0.69    0.90
    1.23    0.92    0.71    0.71    0.88
    1.39    1.10    0.93    0.89    0.96
    1.47    1.26    1.15    1.11    1.11
    1.37    1.28    1.25    1.26    1.30
    1.27    1.16    1.21    1.28    1.32
2060 2069
    1.51    1.38    1.25    1.23    1.31
    1.54    1.38    1.19    1.10    1.14
    1.75    1.50    1.19    0.97    0.88
    2.10    1.78    1.31    0.94    0.72
    2.27    1.96    1.43    1.00    0.73
    2.04    1.85    1.45    1.14    0.96
    1.63    1.44    1.29    1.20    1.13
2070 2079
    1.77    1.63    1.53    1.49    1.49
    1.66    1.50    1.36    1.31    1.36
    1.61    1.44    1.26    1.17    1.18
    1.76    1.65    1.46    1.28    1.11
    1.89    1.85    1.71    1.49    1.21
    1.83    1.88    1.85    1.73    1.53
    1.54    1.59    1.74    1.80    1.73
2080 2089
    1.69    1.61    1.58    1.60    1.66
    1.63    1.54    1.48    1.49    1.56
    1.67    1.54    1.42    1.38    1.42
    1.84    1.65    1.51    1.41    1.36
    2.00    1.79    1.65    1.52    1.39
    2.03    1.88    1.76    1.66    1.56
    1.81    1.61    1.62    1.63    1.59
2090 2099
    2.05    1.84    1.69    1.67    1.77
    2.10    1.81    1.60    1.57    1.72
    2.25    1.89    1.58    1.50    1.65
    2.44    2.11    1.76    1.60    1.63
    2.56    2.33    1.99    1.76    1.67
    2.52    2.43    2.13    1.91    1.80
    2.17    2.03    1.91    1.83    1.77
