Mean temperature - Model Simulations
NaN indicates insufficient data is available
Refer to Accompanying Documentation
GRIDBOX LONGITUDES
           5
   31.25   33.75   36.25   38.75   41.25
GRIDBOX LATITUDES
           7
  -11.25  -13.75  -16.25  -18.75  -21.25  -23.75  -26.25
MODEL CLIMATOLOGY 1970-1999
  291.04  291.67  293.33  295.92  299.66
  291.74  292.52  293.56  295.70  299.67
  292.53  293.37  295.10  297.33  299.92
  292.28  294.09  297.59  299.15  299.94
  292.34  295.05  298.25  299.06  299.40
  292.36  295.86  297.83  298.15  298.25
  291.32  296.00  297.19  297.19  297.10
Mean Anomalies over 10-year time slices
2000 2009
    0.31    0.33    0.38    0.32    0.26
    0.23    0.29    0.39    0.41    0.34
    0.48    0.45    0.46    0.48    0.43
    0.59    0.57    0.50    0.51    0.46
    0.72    0.56    0.53    0.55    0.49
    0.62    0.56    0.55    0.60    0.59
    0.36    0.37    0.51    0.62    0.68
2010 2019
    0.75    0.64    0.61    0.52    0.49
    0.76    0.64    0.63    0.61    0.49
    0.92    0.70    0.58    0.56    0.48
    0.80    0.69    0.51    0.45    0.47
    0.37    0.45    0.42    0.44    0.48
    0.17    0.23    0.34    0.45    0.52
    0.16    0.13    0.26    0.37    0.46
2020 2029
    0.57    0.57    0.56    0.51    0.52
    0.39    0.46    0.61    0.66    0.56
    0.44    0.42    0.50    0.62    0.63
    0.58    0.51    0.55    0.62    0.69
    0.64    0.63    0.64    0.70    0.78
    0.66    0.67    0.67    0.77    0.85
    0.56    0.53    0.63    0.76    0.81
2030 2039
    1.40    1.34    1.38    1.26    0.87
    1.39    1.33    1.33    1.28    0.86
    1.49    1.30    1.15    1.09    0.84
    1.35    1.17    0.96    0.83    0.80
    0.92    0.85    0.84    0.83    0.85
    0.69    0.66    0.75    0.83    0.90
    0.64    0.53    0.62    0.71    0.77
2040 2049
    1.60    1.31    1.11    1.04    1.05
    1.89    1.65    1.39    1.26    1.09
    2.46    1.99    1.50    1.29    1.15
    2.32    1.97    1.39    1.19    1.25
    1.97    1.65    1.20    1.20    1.31
    1.75    1.41    1.14    1.20    1.32
    1.58    1.24    1.11    1.17    1.24
2050 2059
    1.93    1.78    1.66    1.55    1.29
    1.96    1.86    1.77    1.64    1.35
    2.24    1.96    1.76    1.62    1.43
    2.53    2.13    1.69    1.50    1.49
    2.78    2.13    1.53    1.48    1.57
    2.55    2.09    1.48    1.48    1.57
    1.91    1.56    1.39    1.47    1.53
2060 2069
    2.13    1.89    1.62    1.49    1.23
    2.57    2.40    1.98    1.63    1.26
    3.06    2.75    2.19    1.66    1.31
    2.97    2.50    1.74    1.34    1.32
    2.88    2.34    1.39    1.27    1.37
    2.77    2.14    1.31    1.28    1.41
    2.14    1.56    1.22    1.26    1.34
2070 2079
    1.83    1.48    1.31    1.27    1.23
    1.92    1.67    1.52    1.43    1.26
    2.18    1.84    1.55    1.39    1.29
    2.16    1.93    1.55    1.35    1.34
    2.07    1.86    1.40    1.36    1.44
    1.88    1.60    1.31    1.36    1.47
    1.64    1.28    1.19    1.27    1.36
2080 2089
    2.08    1.88    1.72    1.53    1.39
    1.99    1.95    1.93    1.75    1.52
    2.11    1.98    2.03    1.90    1.70
    2.21    2.05    1.88    1.77    1.83
    2.32    2.11    1.71    1.73    1.94
    2.25    1.92    1.64    1.72    1.89
    1.91    1.58    1.54    1.63    1.69
2090 2099
    2.29    2.01    1.81    1.70    1.53
    2.68    2.32    2.02    1.83    1.56
    3.10    2.59    2.03    1.76    1.62
    3.01    2.53    1.90    1.68    1.70
    2.98    2.60    1.77    1.68    1.77
    2.87    2.46    1.70    1.66    1.78
    2.41    1.89    1.58    1.61    1.69
