Mean temperature - Model Simulations
NaN indicates insufficient data is available
Refer to Accompanying Documentation
GRIDBOX LONGITUDES
           5
   31.25   33.75   36.25   38.75   41.25
GRIDBOX LATITUDES
           7
  -11.25  -13.75  -16.25  -18.75  -21.25  -23.75  -26.25
MODEL CLIMATOLOGY 1970-1999
  295.76  295.96  296.56  297.19  297.10
  296.96  297.11  297.18  297.43  297.39
  297.26  298.07  298.68  298.80  298.31
  296.15  297.77  299.02  298.78  298.79
  296.35  297.75  297.75  297.73  298.31
  294.65  296.60  296.61  296.57  296.91
  291.41  294.85  295.36  294.99  295.03
Mean Anomalies over 10-year time slices
2000 2009
    0.74    0.63    0.61    0.62    0.48
    0.80    0.74    0.69    0.65    0.54
    0.79    0.74    0.65    0.60    0.56
    0.66    0.55    0.50    0.52    0.56
    0.43    0.38    0.40    0.44    0.49
    0.05    0.15    0.29    0.32    0.30
   -0.05    0.11    0.23    0.20    0.15
2010 2019
    1.06    1.16    1.07    0.92    0.72
    1.23    1.31    1.20    1.00    0.72
    1.24    1.35    1.29    1.02    0.74
    1.03    1.16    1.09    0.86    0.77
    0.91    0.93    0.80    0.75    0.78
    0.89    0.84    0.69    0.66    0.68
    0.67    0.63    0.62    0.59    0.57
2020 2029
    1.47    1.29    1.15    1.09    0.87
    1.53    1.41    1.27    1.13    0.87
    1.48    1.43    1.34    1.13    0.91
    1.36    1.25    1.10    0.97    0.97
    1.34    1.18    0.92    0.91    1.04
    1.08    1.00    0.86    0.88    0.98
    0.64    0.72    0.78    0.81    0.86
2030 2039
    1.33    1.23    1.12    0.97    0.70
    1.61    1.49    1.35    1.12    0.75
    1.77    1.70    1.57    1.25    0.88
    1.71    1.66    1.42    1.13    1.04
    1.85    1.70    1.21    1.08    1.21
    2.18    1.89    1.23    1.12    1.24
    2.00    1.58    1.22    1.16    1.19
2040 2049
    1.80    1.63    1.41    1.19    0.90
    1.89    1.76    1.55    1.31    0.97
    2.00    1.95    1.74    1.41    1.09
    2.00    1.93    1.59    1.30    1.23
    1.99    1.80    1.35    1.26    1.38
    1.77    1.61    1.30    1.27    1.39
    1.43    1.31    1.22    1.19    1.24
2050 2059
    1.73    1.67    1.56    1.36    0.99
    1.81    1.76    1.67    1.45    1.05
    1.76    1.74    1.71    1.47    1.13
    1.54    1.51    1.44    1.28    1.22
    1.40    1.31    1.21    1.21    1.32
    1.39    1.25    1.17    1.21    1.34
    1.32    1.19    1.14    1.18    1.27
2060 2069
    2.40    2.17    1.84    1.57    1.26
    2.71    2.50    2.13    1.79    1.35
    2.85    2.72    2.40    1.94    1.50
    2.77    2.56    2.12    1.74    1.65
    2.76    2.38    1.76    1.65    1.81
    2.73    2.34    1.74    1.68    1.83
    2.39    2.03    1.72    1.69    1.75
2070 2079
    2.22    1.92    1.64    1.45    1.16
    2.50    2.25    1.96    1.67    1.27
    2.71    2.55    2.29    1.86    1.44
    2.70    2.50    2.03    1.63    1.55
    2.76    2.43    1.65    1.49    1.66
    2.57    2.28    1.56    1.46    1.64
    2.13    1.79    1.46    1.42    1.52
2080 2089
    2.67    2.42    2.10    1.73    1.31
    2.86    2.67    2.34    1.93    1.41
    2.97    2.82    2.55    2.07    1.57
    2.91    2.67    2.22    1.83    1.75
    2.93    2.55    1.87    1.75    1.91
    2.95    2.52    1.84    1.77    1.93
    2.51    2.12    1.79    1.76    1.84
2090 2099
    2.32    2.17    2.00    1.81    1.42
    2.51    2.38    2.17    1.95    1.52
    2.59    2.58    2.38    2.05    1.69
    2.46    2.47    2.15    1.86    1.84
    2.43    2.29    1.83    1.77    1.96
    2.47    2.19    1.75    1.77    1.94
    2.31    1.95    1.69    1.73    1.84
