Mean temperature - Model Simulations
NaN indicates insufficient data is available
Refer to Accompanying Documentation
GRIDBOX LONGITUDES
           5
   31.25   33.75   36.25   38.75   41.25
GRIDBOX LATITUDES
           7
  -11.25  -13.75  -16.25  -18.75  -21.25  -23.75  -26.25
MODEL CLIMATOLOGY 1970-1999
  295.17  295.12  295.14  296.62  299.57
  295.75  295.84  295.18  296.47  299.73
  294.72  295.55  296.80  298.43  300.42
  294.05  295.51  298.19  299.94  300.75
  294.88  296.49  298.26  299.44  300.04
  293.63  295.50  297.55  298.69  298.93
  292.10  294.24  296.65  297.77  297.61
Mean Anomalies over 10-year time slices
2000 2009
    0.37    0.34    0.41    0.42    0.36
    0.36    0.37    0.44    0.45    0.37
    0.35    0.38    0.42    0.42    0.38
    0.32    0.36    0.39    0.40    0.38
    0.25    0.29    0.37    0.40    0.37
    0.26    0.29    0.38    0.41    0.40
    0.30    0.31    0.38    0.42    0.44
2010 2019
    1.03    0.91    0.69    0.57    0.55
    1.11    1.02    0.77    0.62    0.56
    0.93    0.84    0.67    0.57    0.55
    0.71    0.63    0.55    0.53    0.55
    0.56    0.53    0.52    0.54    0.57
    0.59    0.58    0.57    0.57    0.59
    0.68    0.68    0.64    0.61    0.59
2020 2029
    0.91    0.84    0.79    0.77    0.77
    0.95    0.88    0.82    0.78    0.78
    0.84    0.77    0.72    0.71    0.73
    0.77    0.71    0.67    0.66    0.69
    0.83    0.81    0.74    0.71    0.72
    0.79    0.77    0.74    0.73    0.73
    0.71    0.68    0.70    0.72    0.73
2030 2039
    1.36    1.25    1.01    0.87    0.81
    1.30    1.23    1.04    0.91    0.83
    1.13    1.09    0.97    0.89    0.84
    0.96    0.93    0.89    0.86    0.86
    0.84    0.80    0.83    0.86    0.89
    0.88    0.82    0.83    0.84    0.87
    0.97    0.89    0.84    0.82    0.83
2040 2049
    1.53    1.43    1.26    1.13    1.05
    1.57    1.45    1.25    1.11    1.03
    1.41    1.29    1.14    1.05    1.02
    1.27    1.15    1.06    1.02    1.02
    1.24    1.13    1.07    1.04    1.05
    1.22    1.13    1.07    1.04    1.02
    1.17    1.10    1.05    1.00    0.96
2050 2059
    1.63    1.53    1.28    1.11    1.04
    1.56    1.51    1.31    1.16    1.05
    1.38    1.34    1.22    1.13    1.06
    1.18    1.14    1.13    1.10    1.07
    1.03    1.00    1.09    1.12    1.10
    1.13    1.11    1.16    1.17    1.13
    1.32    1.28    1.24    1.20    1.17
2060 2069
    2.25    2.06    1.63    1.37    1.29
    2.14    1.98    1.65    1.41    1.28
    1.90    1.76    1.52    1.36    1.27
    1.70    1.56    1.42    1.32    1.28
    1.63    1.52    1.42    1.35    1.32
    1.65    1.53    1.43    1.36    1.33
    1.68    1.53    1.42    1.35    1.31
2070 2079
    2.00    1.85    1.60    1.41    1.30
    1.97    1.85    1.59    1.40    1.29
    1.80    1.67    1.47    1.35    1.31
    1.67    1.55    1.38    1.30    1.32
    1.74    1.65    1.44    1.32    1.30
    1.70    1.62    1.46    1.36    1.33
    1.61    1.52    1.46    1.41    1.37
2080 2089
    2.36    2.17    1.74    1.48    1.41
    2.11    2.00    1.69    1.48    1.39
    1.86    1.74    1.52    1.40    1.39
    1.76    1.63    1.40    1.32    1.39
    1.99    1.87    1.44    1.28    1.38
    1.81    1.68    1.34    1.22    1.33
    1.47    1.33    1.19    1.16    1.25
2090 2099
    2.53    2.30    1.86    1.58    1.47
    2.43    2.24    1.83    1.57    1.44
    2.18    2.02    1.72    1.53    1.45
    2.01    1.87    1.64    1.51    1.48
    2.10    1.96    1.68    1.55    1.54
    2.06    1.91    1.68    1.56    1.55
    1.95    1.77    1.63    1.55    1.52
