Mean temperature - Model Simulations
NaN indicates insufficient data is available
Refer to Accompanying Documentation
GRIDBOX LONGITUDES
           5
   31.25   33.75   36.25   38.75   41.25
GRIDBOX LATITUDES
           7
  -11.25  -13.75  -16.25  -18.75  -21.25  -23.75  -26.25
MODEL CLIMATOLOGY 1970-1999
  292.80  292.85  293.89  295.62  297.66
  292.57  292.84  293.76  295.35  297.32
  292.58  293.11  294.29  295.70  297.06
  292.33  293.28  295.09  296.50  297.13
  291.94  293.33  295.35  296.53  296.51
  290.67  292.68  294.72  295.74  295.49
  289.10  292.47  294.12  294.74  294.55
Mean Anomalies over 10-year time slices
2000 2009
    0.59    0.58    0.61    0.62    0.59
    0.57    0.59    0.59    0.59    0.58
    0.49    0.48    0.47    0.48    0.54
    0.38    0.31    0.31    0.33    0.39
    0.35    0.27    0.27    0.30    0.37
    0.38    0.31    0.29    0.31    0.36
    0.56    0.38    0.34    0.35    0.38
2010 2019
    0.52    0.50    0.48    0.49    0.54
    0.41    0.42    0.45    0.47    0.48
    0.38    0.40    0.39    0.38    0.38
    0.35    0.27    0.24    0.25    0.29
    0.46    0.21    0.17    0.19    0.25
    0.61    0.32    0.23    0.21    0.24
    0.75    0.43    0.33    0.28    0.26
2020 2029
    1.03    1.02    0.94    0.88    0.83
    0.98    0.91    0.91    0.91    0.88
    0.91    0.81    0.84    0.87    0.89
    0.93    0.88    0.83    0.82    0.84
    1.02    0.90    0.83    0.81    0.84
    1.19    0.98    0.87    0.84    0.86
    1.31    1.06    0.94    0.90    0.92
2030 2039
    1.23    1.21    1.17    1.08    0.95
    1.26    1.18    1.13    1.05    0.95
    1.32    1.21    1.08    0.96    0.88
    1.39    1.18    0.94    0.80    0.78
    1.23    1.04    0.80    0.68    0.72
    1.24    1.06    0.79    0.65    0.69
    1.31    0.93    0.75    0.67    0.67
2040 2049
    1.21    1.19    1.23    1.23    1.18
    1.06    1.07    1.16    1.19    1.15
    0.95    0.95    0.98    1.02    1.05
    0.90    0.91    0.85    0.84    0.90
    0.82    0.84    0.79    0.79    0.86
    1.05    0.89    0.82    0.80    0.83
    1.33    0.98    0.85    0.81    0.82
2050 2059
    1.64    1.64    1.61    1.52    1.39
    1.54    1.50    1.45    1.41    1.38
    1.39    1.26    1.30    1.29    1.25
    1.38    1.22    1.14    1.10    1.11
    1.51    1.30    1.10    1.00    1.05
    1.67    1.42    1.16    1.02    1.05
    1.77    1.38    1.19    1.10    1.08
2060 2069
    1.85    1.84    1.78    1.69    1.59
    1.77    1.73    1.69    1.64    1.58
    1.75    1.70    1.57    1.49    1.48
    1.75    1.68    1.40    1.25    1.30
    1.74    1.58    1.28    1.15    1.24
    1.68    1.47    1.23    1.13    1.20
    1.59    1.30    1.15    1.12    1.17
2070 2079
    1.82    1.79    1.78    1.75    1.68
    1.62    1.57    1.55    1.56    1.60
    1.35    1.28    1.38    1.44    1.46
    1.33    1.30    1.23    1.23    1.30
    1.41    1.30    1.14    1.11    1.22
    1.57    1.38    1.17    1.10    1.19
    1.91    1.45    1.23    1.16    1.20
2080 2089
    2.26    2.19    2.10    1.96    1.79
    2.20    2.11    2.04    1.91    1.75
    2.11    2.02    1.91    1.76    1.61
    1.98    1.87    1.63    1.49    1.52
    1.86    1.71    1.42    1.32    1.45
    1.86    1.57    1.31    1.24    1.38
    2.05    1.48    1.24    1.20    1.28
2090 2099
    1.96    1.95    2.00    1.95    1.81
    1.80    1.82    1.92    1.89    1.75
    1.61    1.59    1.66    1.66    1.62
    1.55    1.47    1.37    1.35    1.43
    1.62    1.46    1.26    1.22    1.38
    1.80    1.58    1.32    1.24    1.37
    2.07    1.65    1.41    1.33    1.38
