Mean monthly rainfall - Model Simulations
NaN indicates insufficient data is available
Refer to Accompanying Documentation
GRIDBOX LONGITUDES
           5
   31.25   33.75   36.25   38.75   41.25
GRIDBOX LATITUDES
           7
  -11.25  -13.75  -16.25  -18.75  -21.25  -23.75  -26.25
MODEL CLIMATOLOGY 1970-1999 (mm)
  141.51  137.41  132.19  148.33  193.53
  122.77  129.60  138.97  159.87  206.87
  100.31  114.41  141.28  169.38  200.82
   95.77  116.90  153.87  198.18  182.88
   87.26  112.19  178.53  205.27  153.81
   81.35   96.70  153.46  148.31  125.39
  114.71  121.07  135.73  116.44  123.16
Mean Anomalies over 10-year time slices (mm)
2000 2009
    6.19   12.68   10.30    9.88    8.82
   -1.89    2.91    3.45    5.00    4.04
    0.62    2.16    3.83    4.74    1.18
    2.32    6.01    6.21    2.92    1.01
    2.62   13.09    5.80   -0.10   -2.81
   -6.93   -4.81  -12.65  -13.51  -17.59
  -12.06  -13.21  -18.72  -15.32  -15.53
2010 2019
    7.33    9.74   11.72   16.43   18.05
   -3.96    1.21    7.60   11.27   14.78
  -10.38   -7.39   -4.64   -2.48    5.31
  -12.12   -7.40   -0.91   -0.91   -1.78
  -15.59  -10.30    1.73    9.98    2.09
  -11.18   -5.67    2.44    6.00    2.24
   -0.17    8.07    4.71    3.95    8.55
2020 2029
   -3.54   -7.97   -2.33   -0.24    7.90
  -14.12  -19.79  -17.18   -8.39   -0.07
  -15.72  -17.11  -20.03  -10.99   -1.49
  -15.47  -13.99  -13.08  -10.58    0.40
  -13.26  -12.15   -6.24    2.46   10.13
   -4.55   -5.68   -0.87    3.92    4.12
    5.42    8.65    6.13    1.96    4.61
2030 2039
    8.12   11.50   11.82    7.17   10.75
    2.73    6.99    9.18    2.09   -0.14
   -9.36   -4.82    3.93   -1.29   -4.25
  -15.06   -9.06    2.00   -2.59   -1.95
  -13.79   -2.28    9.34    7.80    6.84
  -10.68    2.07   14.44   14.30   11.65
   -5.30    7.11   11.44    8.52    9.12
2040 2049
   22.85   19.62   16.96   11.54   19.38
   20.34   16.23    8.22    1.55   10.69
   11.93    9.41   -0.52   -3.81    7.52
    2.27    4.09    4.71    2.77    5.89
    2.34    8.17   20.76   24.83   15.42
    2.43    2.87   21.11   20.21   16.71
    3.36    4.85   11.34   10.46   15.21
2050 2059
   20.19   18.84   10.29   12.07   16.13
    5.95    5.45    1.58    4.59    6.56
   -6.58   -4.42   -4.26   -1.93   -1.03
   -2.04   -5.00   -6.71   -7.18   -6.87
    8.36    2.24   -0.80    4.54   -2.76
   12.31    5.85    6.06    5.40   -8.09
   17.89   16.16   12.60    3.89   -2.41
2060 2069
   15.70   20.61   17.22    9.09   15.01
    4.83   12.23    8.41   -0.53    2.69
    6.01   13.67    7.58   -3.60    1.68
    5.23   10.31   11.31    3.85   10.46
    0.89    7.04   11.00    8.73    5.54
   -2.21    5.12    9.48    3.98   -2.24
    3.88   12.27   10.93    2.68   -0.89
2070 2079
   14.85   12.27   11.71    6.88   11.37
    9.21    8.63    6.64    3.64   11.71
    3.86    6.80    2.95   -0.63   11.50
    5.05   11.98    9.55    7.87   16.87
    4.43   17.84   21.35   23.13   20.92
    6.27   16.51   22.76   15.00    3.23
   16.32   23.71   22.19   14.81   10.57
2080 2089
   21.65   19.21   18.56   16.57   17.17
    9.34   10.69   13.32   12.87   17.81
   12.47   14.59   12.02    9.66   16.16
   13.87   17.51   13.73    9.57   13.48
    5.57   12.91   19.59   18.98   21.12
   -4.16    1.20   17.16   23.29   21.36
  -10.80   -6.09   -1.96    5.52   14.27
2090 2099
   11.69    8.43    5.99   12.51   24.66
    6.61   -0.56   -1.57    4.62   15.16
    1.88   -1.14   -2.26    0.43    3.21
    3.19    2.14   -3.93   -5.10   -8.39
    6.73    3.37   -8.88  -14.45  -17.19
   13.36    9.09    0.63   -4.40   -8.76
    5.84    1.07   -3.17   -3.59   -3.09
