Mean monthly rainfall - Model Simulations
NaN indicates insufficient data is available
Refer to Accompanying Documentation
GRIDBOX LONGITUDES
           5
   31.25   33.75   36.25   38.75   41.25
GRIDBOX LATITUDES
           7
  -11.25  -13.75  -16.25  -18.75  -21.25  -23.75  -26.25
MODEL CLIMATOLOGY 1970-1999 (mm)
    4.88    7.38   10.76   16.37   24.81
    5.78    8.53   14.19   21.76   22.46
    5.95    9.09   15.98   25.91   22.82
    6.33   10.11   18.39   30.74   25.84
    9.54   14.24   24.32   33.14   26.92
   17.69   22.25   30.39   34.77   29.90
   33.25   39.71   46.04   45.99   40.30
Mean Anomalies over 10-year time slices (mm)
2000 2009
    1.66    1.66    1.83    2.26    1.18
    2.79    3.25    4.56    4.00    2.48
    2.97    3.68    5.59    4.58    1.71
    2.51    2.92    4.89    6.22    2.94
    4.45    4.28    6.71   10.16    5.99
    7.47    7.08    7.83    6.60    5.42
    8.80    8.43    6.51    4.25    4.70
2010 2019
    0.47    0.30   -0.45   -1.70   -3.24
    0.82    0.67   -0.05   -0.99   -2.34
    1.70    1.20    0.97   -0.58   -2.96
    1.31    0.20    0.46   -2.35   -3.20
   -0.40   -2.05   -2.06   -2.47   -1.24
   -3.52   -4.25   -1.80   -0.86   -1.14
   -6.40   -3.37   -2.49   -4.73   -4.58
2020 2029
    0.12   -0.19    0.10   -0.58   -1.43
    0.07   -0.06   -0.35   -1.34   -2.12
   -0.03   -0.18   -1.12   -2.98   -4.00
   -0.48   -1.17   -2.33   -4.00   -3.41
   -1.47   -1.93   -3.38   -3.05   -1.56
   -2.59   -1.90   -2.84   -1.66    0.06
    0.35   -0.20   -0.95   -1.96    0.47
2030 2039
    0.13   -0.11   -0.71   -1.38   -3.40
   -0.07   -0.46   -0.89   -2.08   -3.32
   -0.13   -0.85   -1.54   -3.04   -3.42
    0.04   -1.10   -2.15   -3.29   -3.56
   -0.38   -1.36   -2.44   -3.72   -3.58
   -4.01   -4.55   -5.73   -4.56   -4.17
   -7.57   -7.58   -9.34   -7.71   -4.22
2040 2049
    0.86    0.64    0.41    0.45   -2.58
    0.89    0.56    1.50    1.27   -0.90
    0.69    0.54    1.62    0.38   -1.62
   -0.25   -0.11    0.12   -1.38   -2.10
   -2.33   -1.95   -1.63   -1.50   -1.26
   -6.17   -4.97   -4.52   -4.91   -4.47
   -9.48   -9.39  -10.56  -10.64  -10.52
2050 2059
    0.86    0.89    0.80    1.38   -0.30
    0.67    0.54    0.83    1.37   -0.79
   -0.09   -0.40    0.20   -0.04   -3.25
   -0.39   -1.16    0.46   -0.12   -4.11
   -0.61   -1.43    0.36   -1.43   -3.01
   -1.02   -2.15   -2.07   -4.46   -4.44
    0.31   -0.30   -3.91   -7.08   -5.74
2060 2069
   -1.16   -1.35   -1.19   -3.06   -5.80
   -1.75   -1.90   -1.45   -2.63   -4.28
   -2.06   -2.17   -1.94   -2.53   -3.55
   -2.72   -2.99   -3.30   -5.17   -4.44
   -3.78   -4.90   -5.98   -5.93   -3.83
   -4.02   -5.32   -5.75   -5.33   -3.54
   -1.23   -6.24   -8.02   -8.30   -5.84
2070 2079
    1.48    1.44    1.31    0.95   -0.50
    0.93    0.80    1.01    0.06   -1.09
    0.34   -0.02    0.44   -0.94   -1.85
    0.20    0.13    1.56    0.22   -1.64
   -0.10    0.63    1.36    0.12   -0.98
   -1.19   -1.15   -0.73   -3.02   -2.58
   -1.42   -2.34   -6.88   -8.18   -6.24
2080 2089
    0.79    0.40   -0.03    0.77   -1.69
    0.62    0.73    1.35    1.68   -1.24
    0.38    0.86    2.34    1.79   -1.92
    0.24    0.38    2.75    0.97   -3.36
   -0.39   -0.31    2.64   -0.65   -5.00
   -2.99   -2.43   -0.79   -5.49   -8.93
   -3.47   -3.06   -6.18  -10.27  -11.36
2090 2099
    0.42    0.15    0.20   -0.12   -1.44
   -0.11   -0.49    0.06   -1.12   -1.61
   -1.12   -1.57   -1.18   -2.65   -3.07
   -1.35   -1.93   -2.05   -4.59   -4.66
   -0.18   -0.86   -0.64   -3.98   -4.12
    1.19    0.15   -1.66   -4.32   -3.75
    2.17   -2.29  -10.00  -11.07   -9.63
