Mean temperature - Model Simulations
NaN indicates insufficient data is available
Refer to Accompanying Documentation
GRIDBOX LONGITUDES
           5
   31.25   33.75   36.25   38.75   41.25
GRIDBOX LATITUDES
           7
  -11.25  -13.75  -16.25  -18.75  -21.25  -23.75  -26.25
MODEL CLIMATOLOGY 1970-1999
  294.54  294.41  296.20  298.39  299.19
  295.47  295.39  296.35  297.96  299.06
  295.57  295.88  296.89  298.19  299.48
  294.40  295.66  297.70  299.04  299.62
  294.73  296.02  297.95  298.59  298.98
  294.26  296.10  297.38  297.45  297.80
  291.70  295.71  296.59  296.19  296.33
Mean Anomalies over 10-year time slices
2000 2009
    0.74    0.72    0.69    0.63    0.50
    0.84    0.77    0.68    0.64    0.52
    0.88    0.78    0.62    0.55    0.48
    0.74    0.60    0.44    0.40    0.43
    0.64    0.54    0.39    0.36    0.40
    0.61    0.53    0.39    0.34    0.35
    0.61    0.46    0.35    0.32    0.30
2010 2019
    0.91    0.84    0.77    0.75    0.68
    0.95    0.90    0.78    0.79    0.69
    0.95    0.89    0.74    0.72    0.66
    0.98    0.87    0.70    0.64    0.65
    1.00    0.87    0.70    0.67    0.70
    0.95    0.83    0.70    0.68    0.71
    0.83    0.73    0.67    0.66    0.64
2020 2029
    0.92    0.97    0.90    0.85    0.80
    1.00    0.96    0.89    0.87    0.82
    1.03    0.98    0.89    0.82    0.81
    1.03    0.94    0.81    0.75    0.80
    1.04    0.95    0.77    0.73    0.81
    1.07    0.97    0.77    0.73    0.81
    1.01    0.84    0.72    0.71    0.74
2030 2039
    1.03    1.00    0.96    1.01    0.91
    1.07    1.05    0.98    1.06    0.94
    1.20    1.13    0.96    0.93    0.90
    1.21    1.08    0.88    0.85    0.89
    1.25    1.11    0.85    0.83    0.90
    1.25    1.09    0.85    0.80    0.87
    1.17    0.92    0.78    0.77    0.81
2040 2049
    1.32    1.33    1.28    1.22    1.02
    1.42    1.40    1.33    1.28    1.04
    1.37    1.36    1.27    1.14    0.97
    1.25    1.18    0.99    0.91    0.90
    1.20    1.09    0.86    0.82    0.88
    1.10    1.03    0.83    0.77    0.83
    1.06    0.89    0.76    0.73    0.74
2050 2059
    1.26    1.28    1.23    1.13    0.97
    1.32    1.30    1.25    1.19    0.99
    1.44    1.40    1.23    1.11    0.99
    1.40    1.33    1.07    0.97    0.97
    1.39    1.27    1.01    0.97    1.01
    1.38    1.24    1.02    0.99    1.03
    1.29    1.10    0.99    1.01    1.02
2060 2069
    1.46    1.47    1.50    1.43    1.23
    1.49    1.49    1.51    1.49    1.27
    1.60    1.53    1.45    1.37    1.23
    1.64    1.45    1.24    1.18    1.18
    1.60    1.41    1.14    1.10    1.15
    1.51    1.33    1.09    1.03    1.08
    1.38    1.11    0.98    0.95    0.97
2070 2079
    1.73    1.66    1.60    1.58    1.39
    1.83    1.71    1.62    1.63    1.41
    1.88    1.77    1.57    1.46    1.33
    1.86    1.69    1.36    1.26    1.31
    1.81    1.61    1.30    1.25    1.35
    1.74    1.58    1.31    1.27    1.34
    1.62    1.37    1.26    1.27    1.28
2080 2089
    1.77    1.72    1.59    1.47    1.29
    1.91    1.83    1.66    1.52    1.29
    2.03    1.88    1.61    1.40    1.24
    1.96    1.72    1.37    1.25    1.24
    1.90    1.63    1.29    1.24    1.29
    1.84    1.57    1.28    1.24    1.29
    1.75    1.37    1.21    1.20    1.20
2090 2099
    1.78    1.76    1.66    1.49    1.27
    1.94    1.86    1.72    1.56    1.30
    1.99    1.88    1.69    1.45    1.26
    1.97    1.74    1.44    1.26    1.23
    1.96    1.66    1.33    1.25    1.28
    1.96    1.61    1.33    1.28    1.30
    1.94    1.45    1.26    1.24    1.22
