Mean monthly rainfall - Model Simulations
NaN indicates insufficient data is available
Refer to Accompanying Documentation
GRIDBOX LONGITUDES
           5
   31.25   33.75   36.25   38.75   41.25
GRIDBOX LATITUDES
           7
  -11.25  -13.75  -16.25  -18.75  -21.25  -23.75  -26.25
MODEL CLIMATOLOGY 1970-1999 (mm)
    0.25    0.25    0.55    3.24   43.68
    0.22    0.65    1.55    4.40   43.64
    1.26    2.59    9.93   14.30   20.80
    2.90    8.17   36.74   33.83   10.64
    6.52   14.20   42.73   28.21   11.48
   11.66   24.95   49.35   39.44   22.79
   23.29   50.22   76.42   59.93   39.33
Mean Anomalies over 10-year time slices (mm)
2000 2009
   -0.21   -0.14   -0.23   -0.49   -3.00
   -0.12   -0.35   -0.90   -0.18    1.49
   -0.47   -1.09   -2.08   -0.82    1.10
   -1.22   -1.44   -1.25   -0.21   -0.06
   -2.06   -0.60   -1.65   -2.56   -2.02
   -1.53    2.67   -1.16   -4.97   -4.33
   -1.46    5.92    4.75    0.77   -2.57
2010 2019
   -0.18   -0.07   -0.21   -0.70   -3.46
   -0.07   -0.03   -0.23   -0.64   -2.63
   -0.23   -0.23   -0.59   -0.52    0.48
   -0.75   -0.86   -3.37   -3.21   -0.49
   -2.43   -2.65   -7.19   -6.21   -2.74
   -2.63   -2.82   -7.33   -6.74   -4.41
   -2.96   -0.94   -1.04   -0.64   -1.34
2020 2029
   -0.21   -0.16   -0.30   -1.08   -8.80
   -0.12   -0.35   -0.80   -1.06   -7.27
   -0.42   -1.09   -2.73   -2.69   -2.88
   -0.62   -1.56   -4.04   -5.71   -2.00
   -1.09   -0.77   -0.99   -2.27   -1.78
   -1.15    0.05    0.53   -0.65   -1.47
    1.95    4.97   11.37    9.83    3.03
2030 2039
   -0.17   -0.15   -0.23   -0.63   -2.95
   -0.09   -0.30   -0.62   -0.83   -2.67
   -0.34   -0.51   -0.87   -2.36   -2.32
   -0.63   -0.17   -2.15   -5.27   -1.40
   -2.01   -0.59   -1.54   -3.82   -1.43
   -3.58   -3.52   -1.41    0.60    1.04
    1.66   -0.25    2.04    5.61    4.77
2040 2049
   -0.03   -0.10   -0.33   -0.89   -3.58
   -0.12   -0.33   -0.53   -1.30   -3.05
   -0.47   -0.72   -1.55   -2.27   -1.28
   -0.33   -0.99   -6.84   -6.33   -0.61
   -1.68   -2.59   -8.88   -7.41   -2.86
   -3.31   -4.12   -7.96   -8.15   -4.99
   -4.20   -6.62   -9.14   -7.29   -3.90
2050 2059
   -0.22   -0.11   -0.10   -0.77   -7.88
   -0.12   -0.35   -0.61   -1.04   -8.04
   -0.41   -0.51   -2.12   -3.71   -4.46
   -0.57   -0.19   -3.78   -7.08   -2.84
   -1.93    0.27    3.07   -0.15   -1.81
   -2.12   -2.10    2.65    3.70    1.43
   -1.84   -0.05    5.62    9.48    5.68
2060 2069
   -0.20   -0.16   -0.29   -0.52   -4.56
   -0.11   -0.29   -0.83   -1.56   -5.57
   -0.29   -0.60   -1.92   -3.09   -3.52
   -0.76   -1.21   -4.29   -5.29   -1.82
   -1.89   -1.21   -4.43   -6.27   -3.60
   -3.46    0.46   -0.38   -4.69   -4.07
   -4.57   -1.76   -5.40   -4.79   -1.92
2070 2079
   -0.04   -0.11   -0.23   -0.86   -3.64
   -0.15   -0.36   -0.73   -1.80   -5.82
   -0.67   -1.25   -2.41   -3.73   -4.02
   -1.47   -2.38   -5.93   -5.55   -2.09
   -3.74   -4.68   -8.09   -5.96   -3.11
   -5.45   -8.05  -13.53  -10.73   -7.01
   -6.84  -11.94  -17.23  -13.96  -10.31
2080 2089
   -0.19   -0.07   -0.26   -0.46   -2.39
   -0.13   -0.20   -0.22   -0.69   -2.93
   -0.49   -0.99   -1.62   -2.23   -2.60
   -0.97   -1.37   -3.27   -2.51   -1.49
   -2.42   -2.20   -3.24   -1.98   -2.69
   -4.23   -5.40   -9.21   -8.13   -5.51
   -4.78   -5.17  -12.05  -12.66   -9.76
2090 2099
   -0.14   -0.16   -0.32   -1.01   -6.19
   -0.08   -0.18   -0.54   -1.86   -9.80
   -0.59   -0.74   -2.53   -4.17   -5.59
   -1.22   -2.51   -9.52   -8.24   -2.17
   -2.68   -4.65  -10.99   -6.30   -2.12
   -2.68   -3.87   -9.34   -7.98   -4.14
   -3.11   -2.59   -7.99   -8.13   -3.68
