Mean temperature - Model Simulations
NaN indicates insufficient data is available
Refer to Accompanying Documentation
GRIDBOX LONGITUDES
           5
   31.25   33.75   36.25   38.75   41.25
GRIDBOX LATITUDES
           7
  -11.25  -13.75  -16.25  -18.75  -21.25  -23.75  -26.25
MODEL CLIMATOLOGY 1970-1999
  297.02  297.93  298.99  300.13  299.16
  299.57  299.23  299.16  299.63  298.43
  299.40  299.88  300.80  300.13  298.70
  296.74  299.25  301.01  299.22  298.94
  297.58  299.63  299.85  298.19  298.60
  296.94  299.02  298.69  297.28  297.77
  293.21  297.04  297.48  296.35  296.52
Mean Anomalies over 10-year time slices
2000 2009
    0.24    0.33    0.42    0.42    0.32
    0.02    0.15    0.34    0.45    0.36
   -0.11   -0.06    0.19    0.40    0.32
   -0.01   -0.07    0.09    0.29    0.30
    0.13    0.08    0.15    0.23    0.28
    0.22    0.17    0.15    0.17    0.24
    0.15    0.07    0.03    0.11    0.17
2010 2019
    0.55    0.52    0.50    0.48    0.34
    0.49    0.44    0.41    0.47    0.37
    0.28    0.22    0.21    0.30    0.30
    0.15    0.09    0.12    0.20    0.25
    0.21    0.12    0.17    0.18    0.23
    0.30    0.19    0.19    0.18    0.23
    0.32    0.19    0.17    0.17    0.19
2020 2029
    0.76    0.81    0.95    0.94    0.74
    0.75    0.68    0.74    0.78    0.70
    0.63    0.47    0.46    0.56    0.65
    0.68    0.38    0.34    0.52    0.61
    0.51    0.29    0.36    0.50    0.52
    0.33    0.25    0.34    0.40    0.39
    0.33    0.31    0.29    0.31    0.33
2030 2039
    1.32    1.08    0.91    0.71    0.40
    1.31    1.19    1.09    0.90    0.48
    1.15    0.98    0.86    0.78    0.49
    1.15    0.77    0.53    0.49    0.47
    1.14    0.77    0.54    0.52    0.55
    1.04    0.77    0.58    0.59    0.61
    0.95    0.62    0.52    0.61    0.61
2040 2049
    1.99    1.85    1.57    1.27    1.01
    1.93    1.86    1.70    1.44    1.07
    1.72    1.58    1.47    1.31    1.01
    1.66    1.31    1.05    0.96    0.90
    1.46    1.09    0.93    0.88    0.83
    1.29    0.97    0.90    0.85    0.78
    1.29    0.89    0.80    0.76    0.72
2050 2059
    2.60    2.27    1.92    1.54    1.17
    2.41    2.19    1.96    1.62    1.21
    1.99    1.76    1.56    1.40    1.18
    1.94    1.47    1.10    1.00    1.06
    1.77    1.32    0.96    0.93    1.03
    1.51    1.10    0.86    0.87    0.96
    1.31    0.85    0.68    0.73    0.82
2060 2069
    2.97    2.68    2.43    2.09    1.66
    2.85    2.65    2.48    2.22    1.71
    2.57    2.39    2.13    1.94    1.61
    2.66    2.22    1.66    1.48    1.44
    2.52    1.91    1.43    1.35    1.31
    2.19    1.57    1.28    1.28    1.22
    1.93    1.27    1.10    1.21    1.25
2070 2079
    3.47    3.11    2.67    2.20    1.75
    3.45    3.13    2.78    2.39    1.82
    3.25    2.95    2.56    2.19    1.70
    3.22    2.72    2.05    1.66    1.51
    2.99    2.35    1.69    1.51    1.47
    2.71    1.96    1.52    1.47    1.47
    2.44    1.56    1.33    1.37    1.38
2080 2089
    3.66    3.30    2.99    2.55    2.05
    3.35    3.16    3.01    2.65    2.09
    3.09    2.89    2.68    2.41    2.01
    3.25    2.74    2.22    1.99    1.93
    3.18    2.52    1.98    1.92    1.95
    2.91    2.25    1.89    1.90    1.97
    2.66    1.89    1.71    1.81    1.90
2090 2099
    3.58    3.26    2.89    2.53    1.99
    3.59    3.37    3.10    2.71    2.03
    3.38    3.15    2.91    2.57    2.04
    3.36    2.84    2.30    2.03    2.00
    3.23    2.61    2.06    1.97    2.06
    3.08    2.39    2.01    2.01    2.09
    2.84    2.04    1.81    1.91    2.02
