Mean temperature - Model Simulations
NaN indicates insufficient data is available
Refer to Accompanying Documentation
GRIDBOX LONGITUDES
           5
   31.25   33.75   36.25   38.75   41.25
GRIDBOX LATITUDES
           7
  -11.25  -13.75  -16.25  -18.75  -21.25  -23.75  -26.25
MODEL CLIMATOLOGY 1970-1999
  296.13  296.68  297.53  298.69  299.45
  296.60  297.23  297.93  298.71  299.32
  297.09  297.82  298.40  298.82  299.16
  297.69  298.65  299.13  299.15  298.85
  297.66  298.44  298.76  298.61  298.13
  296.92  297.21  297.30  297.20  297.00
  295.63  296.14  296.25  295.98  295.85
Mean Anomalies over 10-year time slices
2000 2009
    0.30    0.22    0.20    0.23    0.30
    0.35    0.24    0.22    0.30    0.35
    0.44    0.29    0.26    0.36    0.40
    0.46    0.28    0.23    0.29    0.36
    0.45    0.27    0.21    0.26    0.33
    0.43    0.26    0.21    0.26    0.31
    0.43    0.26    0.18    0.19    0.21
2010 2019
    0.77    0.68    0.62    0.59    0.61
    0.88    0.81    0.74    0.69    0.65
    1.03    0.96    0.88    0.78    0.69
    1.07    0.95    0.83    0.72    0.68
    1.05    0.89    0.76    0.66    0.65
    0.97    0.81    0.69    0.64    0.63
    0.89    0.75    0.66    0.60    0.57
2020 2029
    1.21    1.15    1.12    1.11    1.04
    1.40    1.36    1.31    1.27    1.16
    1.58    1.57    1.50    1.39    1.24
    1.55    1.45    1.32    1.18    1.09
    1.38    1.22    1.10    0.99    0.97
    1.08    0.94    0.87    0.87    0.92
    0.89    0.79    0.77    0.81    0.86
2030 2039
    1.00    0.96    0.92    0.88    0.84
    1.11    1.07    1.01    0.94    0.86
    1.23    1.19    1.11    1.00    0.89
    1.31    1.22    1.08    0.90    0.82
    1.26    1.09    0.92    0.75    0.72
    1.12    0.84    0.66    0.58    0.60
    0.98    0.72    0.55    0.48    0.48
2040 2049
    1.15    1.08    1.02    0.97    0.96
    1.34    1.31    1.24    1.15    1.10
    1.57    1.55    1.47    1.32    1.24
    1.62    1.48    1.34    1.20    1.19
    1.61    1.32    1.13    1.04    1.10
    1.56    1.13    0.90    0.87    0.97
    1.55    1.07    0.81    0.76    0.81
2050 2059
    1.31    1.27    1.20    1.11    1.10
    1.42    1.42    1.35    1.22    1.15
    1.52    1.55    1.49    1.33    1.24
    1.44    1.36    1.30    1.25    1.27
    1.39    1.22    1.15    1.19    1.27
    1.38    1.15    1.08    1.16    1.25
    1.30    1.06    0.98    1.06    1.13
2060 2069
    1.80    1.72    1.65    1.57    1.50
    1.88    1.79    1.69    1.60    1.51
    2.00    1.86    1.73    1.62    1.52
    2.10    1.81    1.62    1.50    1.48
    2.13    1.73    1.49    1.41    1.46
    2.09    1.60    1.36    1.37    1.46
    1.99    1.52    1.31    1.34    1.41
2070 2079
    1.93    1.79    1.69    1.62    1.59
    2.10    1.93    1.79    1.69    1.62
    2.29    2.06    1.88    1.74    1.63
    2.31    1.88    1.60    1.46    1.45
    2.25    1.66    1.33    1.25    1.33
    2.11    1.45    1.12    1.14    1.27
    1.99    1.36    1.04    1.06    1.16
2080 2089
    1.96    1.86    1.76    1.67    1.64
    2.05    1.92    1.79    1.67    1.60
    2.14    1.98    1.82    1.67    1.59
    2.11    1.84    1.66    1.57    1.57
    2.02    1.69    1.51    1.49    1.54
    1.90    1.55    1.40    1.42    1.49
    1.84    1.50    1.33    1.35    1.39
2090 2099
    2.30    2.12    1.99    1.90    1.82
    2.61    2.46    2.28    2.07    1.89
    2.93    2.79    2.53    2.17    1.91
    2.99    2.67    2.30    1.90    1.72
    2.85    2.35    1.95    1.64    1.58
    2.56    1.92    1.54    1.44    1.51
    2.29    1.71    1.39    1.33    1.38
